Lattice="12.96635336 0.0 0.0 0.0 15.19924174 0.0 0.0 0.0 13.26857479" Properties=species:S:1:pos:R:3:GW_charged:R:1:dKS_charged:R:1:dKS_neutral:R:1 pbc="T T T"
 OpenBabel12102409403D
Lattice="12.96635336 0.0 0.0 0.0 15.19924174 0.0 0.0 0.0 13.26857479" Properties=species:S:1:pos:R:3:GW_charged:R:1:dKS_charged:R:1:dKS_neutral:R:1 pbc="T T T"
 18 17  0  0  0  0  0  0  0  0999 V2000
    6.6101   10.2861    6.6449 C   0  0  0  0  0  0  0  0  0  0  0  0
    6.5906    8.8330    6.6241 C   0  0  0  0  0  0  0  0  0  0  0  0
    6.5585    7.6198    6.5941 C   0  0  0  0  0  0  0  0  0  0  0  0
    6.5448    6.1555    6.6115 C   0  0  0  0  0  0  0  0  0  0  0  0
    5.1145    5.6001    6.5346 C   0  0  0  0  0  0  0  0  0  0  0  0
    7.4310    5.5983    5.4677 C   0  0  0  0  0  0  0  0  0  0  0  0
    7.2298    5.7498    7.9349 C   0  0  0  0  0  0  0  0  0  0  0  0
    6.7523    5.0165    8.7686 O   0  0  0  0  0  0  0  0  0  0  0  0
    7.4295   10.6837    6.0291 H   0  0  0  0  0  0  0  0  0  0  0  0
    5.6680   10.6992    6.2570 H   0  0  0  0  0  0  0  0  0  0  0  0
    6.7441   10.6661    7.6678 H   0  0  0  0  0  0  0  0  0  0  0  0
    4.6516    5.8879    5.5827 H   0  0  0  0  0  0  0  0  0  0  0  0
    5.1260    4.5054    6.6098 H   0  0  0  0  0  0  0  0  0  0  0  0
    4.5000    5.9898    7.3543 H   0  0  0  0  0  0  0  0  0  0  0  0
    8.4664    5.9522    5.5587 H   0  0  0  0  0  0  0  0  0  0  0  0
    7.4286    4.5000    5.4842 H   0  0  0  0  0  0  0  0  0  0  0  0
    7.0413    5.9384    4.5000 H   0  0  0  0  0  0  0  0  0  0  0  0
    8.2463    6.2009    8.0642 H   0  0  0  0  0  0  0  0  0  0  0  0
  1 11  1  0  0  0  0
  2  1  1  0  0  0  0
  3  4  1  0  0  0  0
  3  2  3  0  0  0  0
  4  7  1  0  0  0  0
  5 13  1  0  0  0  0
  5  4  1  0  0  0  0
  5 14  1  0  0  0  0
  6 16  1  0  0  0  0
  6 15  1  0  0  0  0
  6  4  1  0  0  0  0
  7 18  1  0  0  0  0
  7  8  2  0  0  0  0
  9  1  1  0  0  0  0
 10  1  1  0  0  0  0
 12  5  1  0  0  0  0
 17  6  1  0  0  0  0
M  END
