Lattice="13.598544409999999 0.0 0.0 0.0 15.04594707 0.0 0.0 0.0 12.425053120000001" Properties=species:S:1:pos:R:3:GW_charged:R:1:dKS_charged:R:1:dKS_neutral:R:1 pbc="T T T"
 OpenBabel12102409333D
Lattice="13.598544409999999 0.0 0.0 0.0 15.04594707 0.0 0.0 0.0 12.425053120000001" Properties=species:S:1:pos:R:3:GW_charged:R:1:dKS_charged:R:1:dKS_neutral:R:1 pbc="T T T"
 19 19  0  0  1  0  0  0  0  0999 V2000
    8.0761    9.7695    5.5595 C   0  0  0  0  0  0  0  0  0  0  0  0
    7.9582    8.4574    6.3434 C   0  0  0  0  0  0  0  0  0  0  0  0
    6.5921    7.8018    6.2295 C   0  0  1  0  0  0  0  0  0  0  0  0
    5.4387    8.5621    6.8506 C   0  0  0  0  0  0  0  0  0  0  0  0
    6.2865    7.2317    4.9252 O   0  0  0  0  0  0  0  0  0  0  0  0
    6.4438    6.3390    6.0479 C   0  0  1  0  0  0  0  0  0  0  0  0
    7.5574    5.3282    5.9922 C   0  0  0  0  0  0  0  0  0  0  0  0
    9.0985   10.1654    5.6174 H   0  0  0  0  0  0  0  0  0  0  0  0
    7.8353    9.6098    4.5000 H   0  0  0  0  0  0  0  0  0  0  0  0
    7.4020   10.5459    5.9455 H   0  0  0  0  0  0  0  0  0  0  0  0
    8.7277    7.7600    5.9886 H   0  0  0  0  0  0  0  0  0  0  0  0
    8.1670    8.6349    7.4112 H   0  0  0  0  0  0  0  0  0  0  0  0
    5.3139    9.5470    6.3801 H   0  0  0  0  0  0  0  0  0  0  0  0
    4.5000    8.0087    6.7264 H   0  0  0  0  0  0  0  0  0  0  0  0
    5.6105    8.7207    7.9251 H   0  0  0  0  0  0  0  0  0  0  0  0
    5.4886    5.9199    6.3945 H   0  0  0  0  0  0  0  0  0  0  0  0
    8.4940    5.7566    5.6182 H   0  0  0  0  0  0  0  0  0  0  0  0
    7.7388    4.9061    6.9914 H   0  0  0  0  0  0  0  0  0  0  0  0
    7.2784    4.5000    5.3255 H   0  0  0  0  0  0  0  0  0  0  0  0
  1  8  1  0  0  0  0
  1 10  1  0  0  0  0
  1  2  1  0  0  0  0
  2 12  1  0  0  0  0
  3  2  1  1  0  0  0
  3  4  1  0  0  0  0
  4 15  1  0  0  0  0
  5  6  1  0  0  0  0
  5  3  1  0  0  0  0
  6  3  1  0  0  0  0
  6 16  1  1  0  0  0
  7  6  1  0  0  0  0
  7 18  1  0  0  0  0
  9  1  1  0  0  0  0
 11  2  1  0  0  0  0
 13  4  1  0  0  0  0
 14  4  1  0  0  0  0
 17  7  1  0  0  0  0
 19  7  1  0  0  0  0
M  END
