Lattice="12.225414709999999 0.0 0.0 0.0 13.80083591 0.0 0.0 0.0 13.317882730000001" Properties=species:S:1:pos:R:3:GW_charged:R:1:dKS_charged:R:1:dKS_neutral:R:1 pbc="T T T"
 OpenBabel12102409383D
Lattice="12.225414709999999 0.0 0.0 0.0 13.80083591 0.0 0.0 0.0 13.317882730000001" Properties=species:S:1:pos:R:3:GW_charged:R:1:dKS_charged:R:1:dKS_neutral:R:1 pbc="T T T"
 17 18  0  0  1  0  0  0  0  0999 V2000
    5.4466    8.8464    5.5374 C   0  0  0  0  0  0  0  0  0  0  0  0
    5.5062    7.3385    5.5966 C   0  0  1  0  0  0  0  0  0  0  0  0
    6.8231    6.6067    5.4301 C   0  0  0  0  0  0  0  0  0  0  0  0
    6.1395    6.6372    6.7642 C   0  0  0  0  0  0  0  0  0  0  0  0
    6.6269    7.2261    8.0833 C   0  0  0  0  0  0  0  0  0  0  0  0
    6.0567    6.1046    8.8179 O   0  0  0  0  0  0  0  0  0  0  0  0
    5.5955    5.4765    7.5869 C   0  0  0  0  0  0  0  0  0  0  0  0
    6.3517    9.3008    5.9656 H   0  0  0  0  0  0  0  0  0  0  0  0
    5.3614    9.1995    4.5000 H   0  0  0  0  0  0  0  0  0  0  0  0
    4.5846    9.2368    6.0976 H   0  0  0  0  0  0  0  0  0  0  0  0
    4.6347    6.8294    5.1759 H   0  0  0  0  0  0  0  0  0  0  0  0
    6.8335    5.6650    4.8806 H   0  0  0  0  0  0  0  0  0  0  0  0
    7.7254    7.2087    5.3094 H   0  0  0  0  0  0  0  0  0  0  0  0
    7.7212    7.2813    8.2110 H   0  0  0  0  0  0  0  0  0  0  0  0
    6.1741    8.1843    8.3894 H   0  0  0  0  0  0  0  0  0  0  0  0
    4.5000    5.3472    7.5804 H   0  0  0  0  0  0  0  0  0  0  0  0
    6.0821    4.5000    7.4221 H   0  0  0  0  0  0  0  0  0  0  0  0
  1  2  1  0  0  0  0
  1  8  1  0  0  0  0
  1 10  1  0  0  0  0
  2 11  1  6  0  0  0
  2  4  1  0  0  0  0
  3  2  1  0  0  0  0
  3  4  1  0  0  0  0
  4  7  1  0  0  0  0
  4  5  1  0  0  0  0
  5 14  1  0  0  0  0
  5 15  1  0  0  0  0
  5  6  1  0  0  0  0
  7  6  1  0  0  0  0
  9  1  1  0  0  0  0
 12  3  1  0  0  0  0
 13  3  1  0  0  0  0
 16  7  1  0  0  0  0
 17  7  1  0  0  0  0
M  END
