Lattice="11.01968989 0.0 0.0 0.0 16.824943519999998 0.0 0.0 0.0 13.31403585" Properties=species:S:1:pos:R:3:GW_charged:R:1:dKS_charged:R:1:dKS_neutral:R:1 pbc="T T T"
 OpenBabel12102409443D
Lattice="11.01968989 0.0 0.0 0.0 16.824943519999998 0.0 0.0 0.0 13.31403585" Properties=species:S:1:pos:R:3:GW_charged:R:1:dKS_charged:R:1:dKS_neutral:R:1 pbc="T T T"
 19 19  0  0  0  0  0  0  0  0999 V2000
    5.4800   11.8524    6.7816 C   0  0  0  0  0  0  0  0  0  0  0  0
    5.5717   10.3499    6.7236 C   0  0  0  0  0  0  0  0  0  0  0  0
    5.3704    9.6628    5.5158 C   0  0  0  0  0  0  0  0  0  0  0  0
    5.4600    8.2756    5.4550 C   0  0  0  0  0  0  0  0  0  0  0  0
    5.7507    7.5232    6.6016 C   0  0  0  0  0  0  0  0  0  0  0  0
    5.8246    6.0195    6.5043 C   0  0  0  0  0  0  0  0  0  0  0  0
    6.2571    5.4640    7.7462 O   0  0  0  0  0  0  0  0  0  0  0  0
    5.9526    8.1974    7.8068 C   0  0  0  0  0  0  0  0  0  0  0  0
    5.8640    9.5914    7.8612 C   0  0  0  0  0  0  0  0  0  0  0  0
    6.2405   12.3249    6.1425 H   0  0  0  0  0  0  0  0  0  0  0  0
    4.5000   12.2084    6.4318 H   0  0  0  0  0  0  0  0  0  0  0  0
    5.6260   12.2231    7.8038 H   0  0  0  0  0  0  0  0  0  0  0  0
    5.1428   10.2261    4.6086 H   0  0  0  0  0  0  0  0  0  0  0  0
    5.3019    7.7690    4.5000 H   0  0  0  0  0  0  0  0  0  0  0  0
    4.8272    5.6257    6.2296 H   0  0  0  0  0  0  0  0  0  0  0  0
    6.5197    5.7432    5.6891 H   0  0  0  0  0  0  0  0  0  0  0  0
    6.2461    4.5000    7.6612 H   0  0  0  0  0  0  0  0  0  0  0  0
    6.1825    7.6260    8.7043 H   0  0  0  0  0  0  0  0  0  0  0  0
    6.0271   10.0986    8.8140 H   0  0  0  0  0  0  0  0  0  0  0  0
  1 12  1  0  0  0  0
  2  1  1  0  0  0  0
  2  9  1  0  0  0  0
  3  2  2  0  0  0  0
  4  3  1  0  0  0  0
  4  5  2  0  0  0  0
  5  8  1  0  0  0  0
  6  5  1  0  0  0  0
  6  7  1  0  0  0  0
  8  9  2  0  0  0  0
  8 18  1  0  0  0  0
  9 19  1  0  0  0  0
 10  1  1  0  0  0  0
 11  1  1  0  0  0  0
 13  3  1  0  0  0  0
 14  4  1  0  0  0  0
 15  6  1  0  0  0  0
 16  6  1  0  0  0  0
 17  7  1  0  0  0  0
M  END
