Lattice="13.38117946 0.0 0.0 0.0 14.64221106 0.0 0.0 0.0 13.28558096" Properties=species:S:1:pos:R:3:GW_charged:R:1:dKS_charged:R:1:dKS_neutral:R:1 pbc="T T T"
 OpenBabel12102409413D
Lattice="13.38117946 0.0 0.0 0.0 14.64221106 0.0 0.0 0.0 13.28558096" Properties=species:S:1:pos:R:3:GW_charged:R:1:dKS_charged:R:1:dKS_neutral:R:1 pbc="T T T"
 20 19  0  0  0  0  0  0  0  0999 V2000
    7.8170    9.6610    6.8402 C   0  0  0  0  0  0  0  0  0  0  0  0
    7.6970    8.2471    6.8543 O   0  0  0  0  0  0  0  0  0  0  0  0
    6.3761    7.7037    6.6720 C   0  0  0  0  0  0  0  0  0  0  0  0
    5.4263    8.1155    7.8080 C   0  0  0  0  0  0  0  0  0  0  0  0
    5.7957    8.0604    5.2943 C   0  0  0  0  0  0  0  0  0  0  0  0
    6.5409    6.1592    6.7301 C   0  0  0  0  0  0  0  0  0  0  0  0
    7.9201    5.5925    6.9454 C   0  0  0  0  0  0  0  0  0  0  0  0
    5.5578    5.4503    6.6011 O   0  0  0  0  0  0  0  0  0  0  0  0
    8.8812    9.8754    6.9926 H   0  0  0  0  0  0  0  0  0  0  0  0
    7.5074   10.1024    5.8782 H   0  0  0  0  0  0  0  0  0  0  0  0
    7.2454   10.1422    7.6514 H   0  0  0  0  0  0  0  0  0  0  0  0
    5.1676    9.1807    7.7455 H   0  0  0  0  0  0  0  0  0  0  0  0
    4.5000    7.5335    7.7378 H   0  0  0  0  0  0  0  0  0  0  0  0
    5.8881    7.9229    8.7856 H   0  0  0  0  0  0  0  0  0  0  0  0
    6.5180    7.8289    4.5000 H   0  0  0  0  0  0  0  0  0  0  0  0
    4.8848    7.4759    5.1200 H   0  0  0  0  0  0  0  0  0  0  0  0
    5.5366    9.1255    5.2339 H   0  0  0  0  0  0  0  0  0  0  0  0
    8.3454    5.9735    7.8842 H   0  0  0  0  0  0  0  0  0  0  0  0
    7.8643    4.5000    6.9611 H   0  0  0  0  0  0  0  0  0  0  0  0
    8.5999    5.9355    6.1531 H   0  0  0  0  0  0  0  0  0  0  0  0
  1  2  1  0  0  0  0
  1  9  1  0  0  0  0
  1 11  1  0  0  0  0
  3  6  1  0  0  0  0
  3  2  1  0  0  0  0
  3  4  1  0  0  0  0
  4 14  1  0  0  0  0
  5  3  1  0  0  0  0
  6  7  1  0  0  0  0
  7 19  1  0  0  0  0
  7 18  1  0  0  0  0
  8  6  2  0  0  0  0
 10  1  1  0  0  0  0
 12  4  1  0  0  0  0
 13  4  1  0  0  0  0
 15  5  1  0  0  0  0
 16  5  1  0  0  0  0
 17  5  1  0  0  0  0
 20  7  1  0  0  0  0
M  END
