Lattice="12.65385273 0.0 0.0 0.0 12.62070445 0.0 0.0 0.0 15.06349646" Properties=species:S:1:pos:R:3:GW_charged:R:1:dKS_charged:R:1:dKS_neutral:R:1 pbc="T T T"
 OpenBabel12102409393D
Lattice="12.65385273 0.0 0.0 0.0 12.62070445 0.0 0.0 0.0 15.06349646" Properties=species:S:1:pos:R:3:GW_charged:R:1:dKS_charged:R:1:dKS_neutral:R:1 pbc="T T T"
 17 17  0  0  1  0  0  0  0  0999 V2000
    5.3321    7.6131    6.1243 C   0  0  0  0  0  0  0  0  0  0  0  0
    5.4759    6.0987    6.1511 C   0  0  1  0  0  0  0  0  0  0  0  0
    6.6517    5.5456    5.2930 C   0  0  0  0  0  0  0  0  0  0  0  0
    7.5142    5.4188    6.5734 C   0  0  0  0  0  0  0  0  0  0  0  0
    6.2072    5.5116    7.4235 C   0  0  1  0  0  0  0  0  0  0  0  0
    6.2202    6.2695    8.6539 C   0  0  0  0  0  0  0  0  0  0  0  0
    6.2394    6.9389    9.6644 C   0  0  0  0  0  0  0  0  0  0  0  0
    6.2909    8.1207    6.3030 H   0  0  0  0  0  0  0  0  0  0  0  0
    4.9571    7.9406    5.1442 H   0  0  0  0  0  0  0  0  0  0  0  0
    4.6293    7.9614    6.8932 H   0  0  0  0  0  0  0  0  0  0  0  0
    4.5000    5.6306    5.9614 H   0  0  0  0  0  0  0  0  0  0  0  0
    6.4184    4.5681    4.8508 H   0  0  0  0  0  0  0  0  0  0  0  0
    7.0280    6.2046    4.5000 H   0  0  0  0  0  0  0  0  0  0  0  0
    8.1185    4.5134    6.7035 H   0  0  0  0  0  0  0  0  0  0  0  0
    8.1539    6.2942    6.7376 H   0  0  0  0  0  0  0  0  0  0  0  0
    5.8215    4.5000    7.6217 H   0  0  0  0  0  0  0  0  0  0  0  0
    6.2572    7.5174   10.5635 H   0  0  0  0  0  0  0  0  0  0  0  0
  1  2  1  0  0  0  0
  1  8  1  0  0  0  0
  1 10  1  0  0  0  0
  2 11  1  6  0  0  0
  2  5  1  0  0  0  0
  3  2  1  0  0  0  0
  3  4  1  0  0  0  0
  4 14  1  0  0  0  0
  4 15  1  0  0  0  0
  4  5  1  0  0  0  0
  5 16  1  1  0  0  0
  5  6  1  0  0  0  0
  6  7  3  0  0  0  0
  7 17  1  0  0  0  0
  9  1  1  0  0  0  0
 12  3  1  0  0  0  0
 13  3  1  0  0  0  0
M  END
