Lattice="13.08007468 0.0 0.0 0.0 15.56738659 0.0 0.0 0.0 13.53602142" Properties=species:S:1:pos:R:3:GW_charged:R:1:dKS_charged:R:1:dKS_neutral:R:1 pbc="T T T"
 OpenBabel12102409443D
Lattice="13.08007468 0.0 0.0 0.0 15.56738659 0.0 0.0 0.0 13.53602142" Properties=species:S:1:pos:R:3:GW_charged:R:1:dKS_charged:R:1:dKS_neutral:R:1 pbc="T T T"
 19 19  0  0  1  0  0  0  0  0999 V2000
    5.1507   10.4696    5.8333 C   0  0  0  0  0  0  0  0  0  0  0  0
    5.4299    9.0812    5.8191 O   0  0  0  0  0  0  0  0  0  0  0  0
    6.2474    8.6396    6.9079 C   0  0  1  0  0  0  0  0  0  0  0  0
    5.4632    8.5618    8.2243 C   0  0  0  0  0  0  0  0  0  0  0  0
    6.8208    7.3091    6.5176 C   0  0  0  0  0  0  0  0  0  0  0  0
    6.5753    6.6148    5.3675 C   0  0  0  0  0  0  0  0  0  0  0  0
    7.2689    5.4336    5.3584 O   0  0  0  0  0  0  0  0  0  0  0  0
    7.9693    5.3820    6.5290 C   0  0  0  0  0  0  0  0  0  0  0  0
    7.7332    6.4978    7.2757 C   0  0  0  0  0  0  0  0  0  0  0  0
    6.0797   11.0674    5.8804 H   0  0  0  0  0  0  0  0  0  0  0  0
    4.6300   10.6966    4.8958 H   0  0  0  0  0  0  0  0  0  0  0  0
    4.5000   10.7656    6.6747 H   0  0  0  0  0  0  0  0  0  0  0  0
    7.0808    9.3625    7.0334 H   0  0  0  0  0  0  0  0  0  0  0  0
    6.1078    8.1998    9.0360 H   0  0  0  0  0  0  0  0  0  0  0  0
    5.0785    9.5462    8.5218 H   0  0  0  0  0  0  0  0  0  0  0  0
    4.6209    7.8666    8.1153 H   0  0  0  0  0  0  0  0  0  0  0  0
    5.9625    6.8178    4.5000 H   0  0  0  0  0  0  0  0  0  0  0  0
    8.5801    4.5000    6.6768 H   0  0  0  0  0  0  0  0  0  0  0  0
    8.1612    6.7191    8.2477 H   0  0  0  0  0  0  0  0  0  0  0  0
  1 10  1  0  0  0  0
  1 12  1  0  0  0  0
  2  1  1  0  0  0  0
  2  3  1  0  0  0  0
  3 13  1  1  0  0  0
  3  4  1  0  0  0  0
  4 15  1  0  0  0  0
  4 14  1  0  0  0  0
  5  3  1  0  0  0  0
  5  9  1  0  0  0  0
  6  5  2  0  0  0  0
  7  6  1  0  0  0  0
  7  8  1  0  0  0  0
  8 18  1  0  0  0  0
  8  9  2  0  0  0  0
  9 19  1  0  0  0  0
 11  1  1  0  0  0  0
 16  4  1  0  0  0  0
 17  6  1  0  0  0  0
M  END
