Lattice="10.97034961 0.0 0.0 0.0 15.00681219 0.0 0.0 0.0 14.43722926" Properties=species:S:1:pos:R:3:GW_charged:R:1:dKS_charged:R:1:dKS_neutral:R:1 pbc="T T T"
 OpenBabel12102409403D
Lattice="10.97034961 0.0 0.0 0.0 15.00681219 0.0 0.0 0.0 14.43722926" Properties=species:S:1:pos:R:3:GW_charged:R:1:dKS_charged:R:1:dKS_neutral:R:1 pbc="T T T"
 18 18  0  0  0  0  0  0  0  0999 V2000
    5.4808   10.0721    6.6172 C   0  0  0  0  0  0  0  0  0  0  0  0
    5.5225    8.5786    6.6370 C   0  0  0  0  0  0  0  0  0  0  0  0
    5.5978    7.7323    5.5711 C   0  0  0  0  0  0  0  0  0  0  0  0
    5.6152    6.4267    5.9838 O   0  0  0  0  0  0  0  0  0  0  0  0
    5.5487    6.4413    7.3574 C   0  0  0  0  0  0  0  0  0  0  0  0
    5.5545    5.1161    8.0259 C   0  0  0  0  0  0  0  0  0  0  0  0
    5.4901    7.7339    7.8096 C   0  0  0  0  0  0  0  0  0  0  0  0
    5.4087    8.2146    9.2229 C   0  0  0  0  0  0  0  0  0  0  0  0
    6.3269   10.5068    7.1707 H   0  0  0  0  0  0  0  0  0  0  0  0
    5.5188   10.4588    5.5912 H   0  0  0  0  0  0  0  0  0  0  0  0
    4.5624   10.4564    7.0863 H   0  0  0  0  0  0  0  0  0  0  0  0
    5.6447    7.8906    4.5000 H   0  0  0  0  0  0  0  0  0  0  0  0
    4.6994    4.5000    7.7099 H   0  0  0  0  0  0  0  0  0  0  0  0
    6.4703    4.5512    7.7963 H   0  0  0  0  0  0  0  0  0  0  0  0
    5.4979    5.2387    9.1136 H   0  0  0  0  0  0  0  0  0  0  0  0
    6.2644    8.8571    9.4803 H   0  0  0  0  0  0  0  0  0  0  0  0
    4.5000    8.8117    9.3939 H   0  0  0  0  0  0  0  0  0  0  0  0
    5.3951    7.3821    9.9372 H   0  0  0  0  0  0  0  0  0  0  0  0
  1  2  1  0  0  0  0
  1 11  1  0  0  0  0
  1  9  1  0  0  0  0
  2  7  1  0  0  0  0
  3  4  1  0  0  0  0
  3  2  2  0  0  0  0
  4  5  1  0  0  0  0
  5  7  2  0  0  0  0
  5  6  1  0  0  0  0
  6 15  1  0  0  0  0
  7  8  1  0  0  0  0
  8 17  1  0  0  0  0
  8 16  1  0  0  0  0
  8 18  1  0  0  0  0
 10  1  1  0  0  0  0
 12  3  1  0  0  0  0
 13  6  1  0  0  0  0
 14  6  1  0  0  0  0
M  END
