Lattice="13.01217055 0.0 0.0 0.0 13.70147099 0.0 0.0 0.0 13.41255533" Properties=species:S:1:pos:R:3:GW_charged:R:1:dKS_charged:R:1:dKS_neutral:R:1 pbc="T T T"
 OpenBabel12102409373D
Lattice="13.01217055 0.0 0.0 0.0 13.70147099 0.0 0.0 0.0 13.41255533" Properties=species:S:1:pos:R:3:GW_charged:R:1:dKS_charged:R:1:dKS_neutral:R:1 pbc="T T T"
 17 17  0  0  1  0  0  0  0  0999 V2000
    5.2496    8.4249    6.6188 C   0  0  0  0  0  0  0  0  0  0  0  0
    5.8872    7.0410    6.5785 C   0  0  1  0  0  0  0  0  0  0  0  0
    6.9481    6.8374    5.4916 C   0  0  0  0  0  0  0  0  0  0  0  0
    7.7051    5.6829    5.8875 O   0  0  0  0  0  0  0  0  0  0  0  0
    7.5257    5.4706    7.2958 C   0  0  0  0  0  0  0  0  0  0  0  0
    6.6738    6.6253    7.8339 C   0  0  1  0  0  0  0  0  0  0  0  0
    7.4595    7.7463    8.2613 O   0  0  0  0  0  0  0  0  0  0  0  0
    6.0029    9.2015    6.7973 H   0  0  0  0  0  0  0  0  0  0  0  0
    4.7437    8.6465    5.6689 H   0  0  0  0  0  0  0  0  0  0  0  0
    4.5000    8.4933    7.4187 H   0  0  0  0  0  0  0  0  0  0  0  0
    5.1032    6.2786    6.4354 H   0  0  0  0  0  0  0  0  0  0  0  0
    6.5183    6.6379    4.5000 H   0  0  0  0  0  0  0  0  0  0  0  0
    7.6082    7.7211    5.4199 H   0  0  0  0  0  0  0  0  0  0  0  0
    7.0235    4.5000    7.4561 H   0  0  0  0  0  0  0  0  0  0  0  0
    8.5122    5.4298    7.7890 H   0  0  0  0  0  0  0  0  0  0  0  0
    6.0056    6.2943    8.6486 H   0  0  0  0  0  0  0  0  0  0  0  0
    8.1032    7.4298    8.9126 H   0  0  0  0  0  0  0  0  0  0  0  0
  1  8  1  0  0  0  0
  1 10  1  0  0  0  0
  2 11  1  6  0  0  0
  2  1  1  0  0  0  0
  2  6  1  0  0  0  0
  3  4  1  0  0  0  0
  3  2  1  0  0  0  0
  4  5  1  0  0  0  0
  5 14  1  0  0  0  0
  5 15  1  0  0  0  0
  5  6  1  0  0  0  0
  6  7  1  0  0  0  0
  6 16  1  1  0  0  0
  7 17  1  0  0  0  0
  9  1  1  0  0  0  0
 12  3  1  0  0  0  0
 13  3  1  0  0  0  0
M  END
