Lattice="15.55939518 0.0 0.0 0.0 12.57378814 0.0 0.0 0.0 13.07252335" Properties=species:S:1:pos:R:3:GW_charged:R:1:dKS_charged:R:1:dKS_neutral:R:1 pbc="T T T"
 OpenBabel12102409323D
Lattice="15.55939518 0.0 0.0 0.0 12.57378814 0.0 0.0 0.0 13.07252335" Properties=species:S:1:pos:R:3:GW_charged:R:1:dKS_charged:R:1:dKS_neutral:R:1 pbc="T T T"
 15 15  0  0  0  0  0  0  0  0999 V2000
    6.4922    7.6470    6.3176 O   0  0  0  0  0  0  0  0  0  0  0  0
    6.6833    6.2557    6.4310 C   0  0  0  0  0  0  0  0  0  0  0  0
    7.8115    5.7152    5.5547 C   0  0  0  0  0  0  0  0  0  0  0  0
    9.0973    6.3082    5.9048 C   0  0  0  0  0  0  0  0  0  0  0  0
   10.1314    6.8491    6.2285 C   0  0  0  0  0  0  0  0  0  0  0  0
    6.3908    5.6046    7.7602 C   0  0  0  0  0  0  0  0  0  0  0  0
    5.4257    5.4643    6.5924 C   0  0  0  0  0  0  0  0  0  0  0  0
    7.3173    8.0738    6.6083 H   0  0  0  0  0  0  0  0  0  0  0  0
    7.8684    4.6198    5.6495 H   0  0  0  0  0  0  0  0  0  0  0  0
    7.5793    5.9361    4.5000 H   0  0  0  0  0  0  0  0  0  0  0  0
   11.0594    7.3063    6.4999 H   0  0  0  0  0  0  0  0  0  0  0  0
    6.9782    4.7378    8.0613 H   0  0  0  0  0  0  0  0  0  0  0  0
    6.0941    6.2653    8.5725 H   0  0  0  0  0  0  0  0  0  0  0  0
    4.5000    6.0349    6.6372 H   0  0  0  0  0  0  0  0  0  0  0  0
    5.3469    4.5000    6.0918 H   0  0  0  0  0  0  0  0  0  0  0  0
  1  2  1  0  0  0  0
  1  8  1  0  0  0  0
  2  7  1  0  0  0  0
  2  6  1  0  0  0  0
  3  9  1  0  0  0  0
  3  4  1  0  0  0  0
  3  2  1  0  0  0  0
  4  5  3  0  0  0  0
  5 11  1  0  0  0  0
  6 12  1  0  0  0  0
  6 13  1  0  0  0  0
  7 14  1  0  0  0  0
  7  6  1  0  0  0  0
 10  3  1  0  0  0  0
 15  7  1  0  0  0  0
M  END
