Lattice="15.864814240000001 0.0 0.0 0.0 14.31085263 0.0 0.0 0.0 12.155454800000001" Properties=species:S:1:pos:R:3:GW_charged:R:1:dKS_charged:R:1:dKS_neutral:R:1 pbc="T T T"
 OpenBabel12102409263D
Lattice="15.864814240000001 0.0 0.0 0.0 14.31085263 0.0 0.0 0.0 12.155454800000001" Properties=species:S:1:pos:R:3:GW_charged:R:1:dKS_charged:R:1:dKS_neutral:R:1 pbc="T T T"
 19 18  0  0  0  0  0  0  0  0999 V2000
    9.4613    9.3782    5.4620 C   0  0  0  0  0  0  0  0  0  0  0  0
    9.5145    7.8464    5.5136 C   0  0  0  0  0  0  0  0  0  0  0  0
   10.3618    7.3725    6.7016 C   0  0  0  0  0  0  0  0  0  0  0  0
    8.0892    7.2683    5.5334 C   0  0  0  0  0  0  0  0  0  0  0  0
    8.0215    5.7330    5.4023 C   0  0  0  0  0  0  0  0  0  0  0  0
    6.6562    5.2329    5.3290 C   0  0  0  0  0  0  0  0  0  0  0  0
    5.5094    4.8488    5.2705 C   0  0  0  0  0  0  0  0  0  0  0  0
   10.4697    9.8109    5.4005 H   0  0  0  0  0  0  0  0  0  0  0  0
    8.8897    9.7321    4.5926 H   0  0  0  0  0  0  0  0  0  0  0  0
    8.9806    9.7855    6.3647 H   0  0  0  0  0  0  0  0  0  0  0  0
   10.0032    7.4954    4.5863 H   0  0  0  0  0  0  0  0  0  0  0  0
   11.3648    7.8205    6.6720 H   0  0  0  0  0  0  0  0  0  0  0  0
    9.8960    7.6645    7.6555 H   0  0  0  0  0  0  0  0  0  0  0  0
   10.4933    6.2820    6.7147 H   0  0  0  0  0  0  0  0  0  0  0  0
    7.5805    7.5698    6.4636 H   0  0  0  0  0  0  0  0  0  0  0  0
    7.5081    7.7100    4.7098 H   0  0  0  0  0  0  0  0  0  0  0  0
    8.5715    5.4158    4.5000 H   0  0  0  0  0  0  0  0  0  0  0  0
    8.5295    5.2526    6.2534 H   0  0  0  0  0  0  0  0  0  0  0  0
    4.5000    4.5000    5.2179 H   0  0  0  0  0  0  0  0  0  0  0  0
  1  2  1  0  0  0  0
  1 10  1  0  0  0  0
  2  4  1  0  0  0  0
  2  3  1  0  0  0  0
  3 14  1  0  0  0  0
  3 13  1  0  0  0  0
  4 15  1  0  0  0  0
  5  4  1  0  0  0  0
  5 18  1  0  0  0  0
  6  5  1  0  0  0  0
  7  6  3  0  0  0  0
  8  1  1  0  0  0  0
  9  1  1  0  0  0  0
 11  2  1  0  0  0  0
 12  3  1  0  0  0  0
 16  4  1  0  0  0  0
 17  5  1  0  0  0  0
 19  7  1  0  0  0  0
M  END
