Lattice="12.73883972 0.0 0.0 0.0 13.38654185 0.0 0.0 0.0 14.302451510000001" Properties=species:S:1:pos:R:3:GW_charged:R:1:dKS_charged:R:1:dKS_neutral:R:1 pbc="T T T"
 OpenBabel12102411053D
Lattice="12.73883972 0.0 0.0 0.0 13.38654185 0.0 0.0 0.0 14.302451510000001" Properties=species:S:1:pos:R:3:GW_charged:R:1:dKS_charged:R:1:dKS_neutral:R:1 pbc="T T T"
 23 24  0  0  1  0  0  0  0  0999 V2000
    5.0732    7.2656    8.7020 C   0  0  0  0  0  0  0  0  0  0  0  0
    6.6244    7.3497    8.6033 C   0  0  1  0  0  0  0  0  0  0  0  0
    6.6880    5.8008    8.7899 C   0  0  0  0  0  0  0  0  0  0  0  0
    5.1420    5.7161    8.6066 C   0  0  2  0  0  0  0  0  0  0  0  0
    4.6001    5.1410    7.4221 O   0  0  0  0  0  0  0  0  0  0  0  0
    5.3552    5.1311    6.2129 C   0  0  0  0  0  0  0  0  0  0  0  0
    5.7628    6.4751    5.5812 C   0  0  0  0  0  0  0  0  0  0  0  0
    7.1139    7.0689    6.0216 C   0  0  0  0  0  0  0  0  0  0  0  0
    7.1790    7.9295    7.2954 C   0  0  0  0  0  0  0  0  0  0  0  0
    4.6794    7.6100    9.6677 H   0  0  0  0  0  0  0  0  0  0  0  0
    4.5000    7.7553    7.9042 H   0  0  0  0  0  0  0  0  0  0  0  0
    7.0768    7.9045    9.4369 H   0  0  0  0  0  0  0  0  0  0  0  0
    7.3077    5.2347    8.0840 H   0  0  0  0  0  0  0  0  0  0  0  0
    6.9869    5.5016    9.8025 H   0  0  0  0  0  0  0  0  0  0  0  0
    4.6195    5.1878    9.4153 H   0  0  0  0  0  0  0  0  0  0  0  0
    6.2578    4.5000    6.3261 H   0  0  0  0  0  0  0  0  0  0  0  0
    4.6879    4.6033    5.5178 H   0  0  0  0  0  0  0  0  0  0  0  0
    5.8354    6.2751    4.5000 H   0  0  0  0  0  0  0  0  0  0  0  0
    4.9433    7.2021    5.6929 H   0  0  0  0  0  0  0  0  0  0  0  0
    7.8377    6.2403    6.1037 H   0  0  0  0  0  0  0  0  0  0  0  0
    7.4954    7.6967    5.2015 H   0  0  0  0  0  0  0  0  0  0  0  0
    6.6614    8.8865    7.1106 H   0  0  0  0  0  0  0  0  0  0  0  0
    8.2388    8.1907    7.4476 H   0  0  0  0  0  0  0  0  0  0  0  0
  1 10  1  0  0  0  0
  2  1  1  0  0  0  0
  2  3  1  0  0  0  0
  2 12  1  1  0  0  0
  3 14  1  0  0  0  0
  4  1  1  0  0  0  0
  4  3  1  0  0  0  0
  4 15  1  1  0  0  0
  5  4  1  0  0  0  0
  6 16  1  0  0  0  0
  6  5  1  0  0  0  0
  7 19  1  0  0  0  0
  7  8  1  0  0  0  0
  7  6  1  0  0  0  0
  8 20  1  0  0  0  0
  8  9  1  0  0  0  0
  9 23  1  0  0  0  0
  9  2  1  0  0  0  0
 11  1  1  0  0  0  0
 13  3  1  0  0  0  0
 17  6  1  0  0  0  0
 18  7  1  0  0  0  0
 21  8  1  0  0  0  0
 22  9  1  0  0  0  0
M  END
