Lattice="14.159016350000002 0.0 0.0 0.0 13.82755837 0.0 0.0 0.0 14.029601679999999" Properties=species:S:1:pos:R:3:GW_charged:R:1:dKS_charged:R:1:dKS_neutral:R:1 pbc="T T T"
 OpenBabel12102409423D
Lattice="14.159016350000002 0.0 0.0 0.0 13.82755837 0.0 0.0 0.0 14.029601679999999" Properties=species:S:1:pos:R:3:GW_charged:R:1:dKS_charged:R:1:dKS_neutral:R:1 pbc="T T T"
 19 19  0  0  1  0  0  0  0  0999 V2000
    8.6329    8.6897    8.3143 C   0  0  0  0  0  0  0  0  0  0  0  0
    8.6569    7.2372    7.8314 C   0  0  1  0  0  0  0  0  0  0  0  0
    9.4928    6.4162    8.6786 O   0  0  0  0  0  0  0  0  0  0  0  0
    7.2927    6.6550    7.6621 C   0  0  0  0  0  0  0  0  0  0  0  0
    6.6750    5.9606    6.6532 C   0  0  0  0  0  0  0  0  0  0  0  0
    7.2325    5.5907    5.3158 C   0  0  0  0  0  0  0  0  0  0  0  0
    5.3623    5.6397    7.1436 C   0  0  0  0  0  0  0  0  0  0  0  0
    5.2777    6.1487    8.4036 C   0  0  0  0  0  0  0  0  0  0  0  0
    6.4409    6.7765    8.7424 O   0  0  0  0  0  0  0  0  0  0  0  0
    9.6590    9.0648    8.4115 H   0  0  0  0  0  0  0  0  0  0  0  0
    8.0871    9.3276    7.6054 H   0  0  0  0  0  0  0  0  0  0  0  0
    8.1361    8.7710    9.2906 H   0  0  0  0  0  0  0  0  0  0  0  0
    9.1520    7.1927    6.8510 H   0  0  0  0  0  0  0  0  0  0  0  0
    9.0355    6.3188    9.5296 H   0  0  0  0  0  0  0  0  0  0  0  0
    7.2368    4.5000    5.1777 H   0  0  0  0  0  0  0  0  0  0  0  0
    6.6323    6.0190    4.5000 H   0  0  0  0  0  0  0  0  0  0  0  0
    8.2640    5.9417    5.1921 H   0  0  0  0  0  0  0  0  0  0  0  0
    4.5853    5.0956    6.6166 H   0  0  0  0  0  0  0  0  0  0  0  0
    4.5000    6.1564    9.1575 H   0  0  0  0  0  0  0  0  0  0  0  0
  1 10  1  0  0  0  0
  1 12  1  0  0  0  0
  2 13  1  6  0  0  0
  2  1  1  0  0  0  0
  2  3  1  0  0  0  0
  3 14  1  0  0  0  0
  4  2  1  0  0  0  0
  4  9  1  0  0  0  0
  5  7  1  0  0  0  0
  5  4  2  0  0  0  0
  6  5  1  0  0  0  0
  7  8  2  0  0  0  0
  8  9  1  0  0  0  0
  8 19  1  0  0  0  0
 11  1  1  0  0  0  0
 15  6  1  0  0  0  0
 16  6  1  0  0  0  0
 17  6  1  0  0  0  0
 18  7  1  0  0  0  0
M  END
