Lattice="14.258786520000001 0.0 0.0 0.0 14.38062538 0.0 0.0 0.0 12.73224828" Properties=species:S:1:pos:R:3:GW_charged:R:1:dKS_charged:R:1:dKS_neutral:R:1 pbc="T T T"
 OpenBabel12102411063D
Lattice="14.258786520000001 0.0 0.0 0.0 14.38062538 0.0 0.0 0.0 12.73224828" Properties=species:S:1:pos:R:3:GW_charged:R:1:dKS_charged:R:1:dKS_neutral:R:1 pbc="T T T"
 23 25  0  0  1  0  0  0  0  0999 V2000
    5.1467    9.0900    6.5739 C   0  0  0  0  0  0  0  0  0  0  0  0
    6.6956    9.0854    6.4915 C   0  0  0  0  0  0  0  0  0  0  0  0
    6.6860    7.6690    7.1363 C   0  0  0  0  0  0  0  0  0  0  0  0
    5.1896    7.5470    6.7265 C   0  0  0  0  0  0  0  0  0  0  0  0
    7.6622    6.6396    6.6535 C   0  0  1  0  0  0  0  0  0  0  0  0
    9.2169    6.6564    6.8192 C   0  0  0  0  0  0  0  0  0  0  0  0
    8.8941    5.3424    6.0561 C   0  0  1  0  0  0  0  0  0  0  0  0
    7.7220    5.1290    7.0530 C   0  0  0  0  0  0  0  0  0  0  0  0
    7.9125    6.1691    5.1807 C   0  0  0  0  0  0  0  0  0  0  0  0
    4.7925    9.5771    7.4925 H   0  0  0  0  0  0  0  0  0  0  0  0
    4.5898    9.5055    5.7247 H   0  0  0  0  0  0  0  0  0  0  0  0
    7.0440    9.0392    5.4498 H   0  0  0  0  0  0  0  0  0  0  0  0
    7.2469    9.8806    7.0088 H   0  0  0  0  0  0  0  0  0  0  0  0
    6.7682    7.7559    8.2322 H   0  0  0  0  0  0  0  0  0  0  0  0
    4.5000    7.0748    7.4374 H   0  0  0  0  0  0  0  0  0  0  0  0
    5.0894    7.0427    5.7548 H   0  0  0  0  0  0  0  0  0  0  0  0
    9.7588    7.4319    6.2599 H   0  0  0  0  0  0  0  0  0  0  0  0
    9.5973    6.5510    7.8451 H   0  0  0  0  0  0  0  0  0  0  0  0
    9.6096    4.5886    5.7062 H   0  0  0  0  0  0  0  0  0  0  0  0
    7.9937    4.9127    8.0959 H   0  0  0  0  0  0  0  0  0  0  0  0
    6.8892    4.5000    6.7086 H   0  0  0  0  0  0  0  0  0  0  0  0
    7.0975    5.6121    4.6979 H   0  0  0  0  0  0  0  0  0  0  0  0
    8.3629    6.9050    4.5000 H   0  0  0  0  0  0  0  0  0  0  0  0
  1  4  1  0  0  0  0
  1 10  1  0  0  0  0
  2  1  1  0  0  0  0
  2 13  1  0  0  0  0
  2  3  1  0  0  0  0
  3 14  1  0  0  0  0
  4  3  1  0  0  0  0
  4 15  1  0  0  0  0
  5  6  1  0  0  0  0
  5  8  1  0  0  0  0
  5  3  1  1  0  0  0
  6 18  1  0  0  0  0
  7 19  1  6  0  0  0
  7  6  1  0  0  0  0
  7  8  1  0  0  0  0
  8 20  1  0  0  0  0
  9  7  1  0  0  0  0
  9  5  1  0  0  0  0
 11  1  1  0  0  0  0
 12  2  1  0  0  0  0
 16  4  1  0  0  0  0
 17  6  1  0  0  0  0
 21  8  1  0  0  0  0
 22  9  1  0  0  0  0
 23  9  1  0  0  0  0
M  END
