Lattice="11.91596551 0.0 0.0 0.0 12.75588127 0.0 0.0 0.0 15.91063913" Properties=species:S:1:pos:R:3:GW_charged:R:1:dKS_charged:R:1:dKS_neutral:R:1 pbc="T T T"
 OpenBabel12102409373D
Lattice="11.91596551 0.0 0.0 0.0 12.75588127 0.0 0.0 0.0 15.91063913" Properties=species:S:1:pos:R:3:GW_charged:R:1:dKS_charged:R:1:dKS_neutral:R:1 pbc="T T T"
 19 19  0  0  1  0  0  0  0  0999 V2000
    5.7240    7.7993    6.7606 C   0  0  0  0  0  0  0  0  0  0  0  0
    5.6726    6.2687    6.6744 C   0  0  0  0  0  0  0  0  0  0  0  0
    6.3480    5.7647    5.3936 C   0  0  0  0  0  0  0  0  0  0  0  0
    6.2949    5.5935    7.9114 C   0  0  0  0  0  0  0  0  0  0  0  0
    5.5822    5.8794    9.2090 C   0  0  1  0  0  0  0  0  0  0  0  0
    6.2572    5.8071   10.5131 C   0  0  0  0  0  0  0  0  0  0  0  0
    5.9404    7.0807    9.9287 O   0  0  0  0  0  0  0  0  0  0  0  0
    6.7650    8.1524    6.8148 H   0  0  0  0  0  0  0  0  0  0  0  0
    5.2618    8.2559    5.8741 H   0  0  0  0  0  0  0  0  0  0  0  0
    5.2046    8.1799    7.6489 H   0  0  0  0  0  0  0  0  0  0  0  0
    4.6103    5.9657    6.6355 H   0  0  0  0  0  0  0  0  0  0  0  0
    7.4160    6.0318    5.3815 H   0  0  0  0  0  0  0  0  0  0  0  0
    6.2771    4.6715    5.3009 H   0  0  0  0  0  0  0  0  0  0  0  0
    5.8873    6.2083    4.5000 H   0  0  0  0  0  0  0  0  0  0  0  0
    6.2925    4.5000    7.7611 H   0  0  0  0  0  0  0  0  0  0  0  0
    7.3507    5.8957    8.0120 H   0  0  0  0  0  0  0  0  0  0  0  0
    4.5000    5.6944    9.2002 H   0  0  0  0  0  0  0  0  0  0  0  0
    5.6870    5.5496   11.4106 H   0  0  0  0  0  0  0  0  0  0  0  0
    7.3241    5.5648   10.5488 H   0  0  0  0  0  0  0  0  0  0  0  0
  1  8  1  0  0  0  0
  1 10  1  0  0  0  0
  2  1  1  0  0  0  0
  2  4  1  0  0  0  0
  3  2  1  0  0  0  0
  4 16  1  0  0  0  0
  4  5  1  0  0  0  0
  5 17  1  1  0  0  0
  5  7  1  0  0  0  0
  5  6  1  0  0  0  0
  6 19  1  0  0  0  0
  6 18  1  0  0  0  0
  7  6  1  0  0  0  0
  9  1  1  0  0  0  0
 11  2  1  0  0  0  0
 12  3  1  0  0  0  0
 13  3  1  0  0  0  0
 14  3  1  0  0  0  0
 15  4  1  0  0  0  0
M  END
