Lattice="14.058133479999999 0.0 0.0 0.0 12.68770988 0.0 0.0 0.0 11.583548350000001" Properties=species:S:1:pos:R:3:GW_charged:R:1:dKS_charged:R:1:dKS_neutral:R:1 pbc="T T T"
 OpenBabel12102409393D
Lattice="14.058133479999999 0.0 0.0 0.0 12.68770988 0.0 0.0 0.0 11.583548350000001" Properties=species:S:1:pos:R:3:GW_charged:R:1:dKS_charged:R:1:dKS_neutral:R:1 pbc="T T T"
 19 20  0  0  0  0  0  0  0  0999 V2000
    7.7668    7.7547    5.7930 C   0  0  0  0  0  0  0  0  0  0  0  0
    7.7048    6.2403    5.7857 C   0  0  0  0  0  0  0  0  0  0  0  0
    8.7842    5.5073    5.0174 C   0  0  0  0  0  0  0  0  0  0  0  0
    8.7958    5.4996    6.5298 C   0  0  0  0  0  0  0  0  0  0  0  0
    6.3440    5.5911    5.7928 C   0  0  0  0  0  0  0  0  0  0  0  0
    5.1675    6.1457    6.5600 C   0  0  0  0  0  0  0  0  0  0  0  0
    5.1564    6.1525    5.0480 C   0  0  0  0  0  0  0  0  0  0  0  0
    8.8103    8.0962    5.7863 H   0  0  0  0  0  0  0  0  0  0  0  0
    7.2764    8.1877    4.9091 H   0  0  0  0  0  0  0  0  0  0  0  0
    7.2908    8.1785    6.6892 H   0  0  0  0  0  0  0  0  0  0  0  0
    8.5095    4.5872    4.5023 H   0  0  0  0  0  0  0  0  0  0  0  0
    9.5386    6.0995    4.5000 H   0  0  0  0  0  0  0  0  0  0  0  0
    9.5581    6.0865    7.0416 H   0  0  0  0  0  0  0  0  0  0  0  0
    8.5291    4.5742    7.0397 H   0  0  0  0  0  0  0  0  0  0  0  0
    6.4038    4.5000    5.7875 H   0  0  0  0  0  0  0  0  0  0  0  0
    4.5187    5.4452    7.0835 H   0  0  0  0  0  0  0  0  0  0  0  0
    5.2835    7.1036    7.0648 H   0  0  0  0  0  0  0  0  0  0  0  0
    5.2651    7.1149    4.5501 H   0  0  0  0  0  0  0  0  0  0  0  0
    4.5000    5.4567    4.5277 H   0  0  0  0  0  0  0  0  0  0  0  0
  1 10  1  0  0  0  0
  2  5  1  0  0  0  0
  2  1  1  0  0  0  0
  2  4  1  0  0  0  0
  3  2  1  0  0  0  0
  3  4  1  0  0  0  0
  4 14  1  0  0  0  0
  4 13  1  0  0  0  0
  5  6  1  0  0  0  0
  6 17  1  0  0  0  0
  6 16  1  0  0  0  0
  7  5  1  0  0  0  0
  7  6  1  0  0  0  0
  8  1  1  0  0  0  0
  9  1  1  0  0  0  0
 11  3  1  0  0  0  0
 12  3  1  0  0  0  0
 15  5  1  0  0  0  0
 18  7  1  0  0  0  0
 19  7  1  0  0  0  0
M  END
