Lattice="13.390362119999999 0.0 0.0 0.0 12.76222396 0.0 0.0 0.0 14.5393762" Properties=species:S:1:pos:R:3:GW_charged:R:1:dKS_charged:R:1:dKS_neutral:R:1 pbc="T T T"
 OpenBabel12102410123D
Lattice="13.390362119999999 0.0 0.0 0.0 12.76222396 0.0 0.0 0.0 14.5393762" Properties=species:S:1:pos:R:3:GW_charged:R:1:dKS_charged:R:1:dKS_neutral:R:1 pbc="T T T"
 23 25  0  0  1  0  0  0  0  0999 V2000
    5.8440    7.7170    8.0140 C   0  0  0  0  0  0  0  0  0  0  0  0
    7.1797    7.0441    7.8485 C   0  0  1  0  0  0  0  0  0  0  0  0
    7.6015    6.4243    9.1889 C   0  0  0  0  0  0  0  0  0  0  0  0
    6.2888    5.5736    9.1954 C   0  0  0  0  0  0  0  0  0  0  0  0
    5.8786    6.2168    7.8637 C   0  0  1  0  0  0  0  0  0  0  0  0
    5.3625    5.5197    6.6236 C   0  0  0  0  0  0  0  0  0  0  0  0
    6.4752    5.4158    5.5581 C   0  0  0  0  0  0  0  0  0  0  0  0
    7.2237    6.7434    5.3495 C   0  0  0  0  0  0  0  0  0  0  0  0
    8.0192    7.1718    6.6033 C   0  0  0  0  0  0  0  0  0  0  0  0
    5.5777    8.1702    8.9732 H   0  0  0  0  0  0  0  0  0  0  0  0
    5.4703    8.2622    7.1468 H   0  0  0  0  0  0  0  0  0  0  0  0
    8.4992    5.7980    9.1022 H   0  0  0  0  0  0  0  0  0  0  0  0
    7.7492    7.1268   10.0235 H   0  0  0  0  0  0  0  0  0  0  0  0
    6.4981    4.5000    9.0981 H   0  0  0  0  0  0  0  0  0  0  0  0
    5.5958    5.7159   10.0394 H   0  0  0  0  0  0  0  0  0  0  0  0
    4.9967    4.5149    6.8834 H   0  0  0  0  0  0  0  0  0  0  0  0
    4.5000    6.0598    6.2009 H   0  0  0  0  0  0  0  0  0  0  0  0
    7.2024    4.6452    5.8673 H   0  0  0  0  0  0  0  0  0  0  0  0
    6.0461    5.0732    4.6048 H   0  0  0  0  0  0  0  0  0  0  0  0
    7.9160    6.6530    4.5000 H   0  0  0  0  0  0  0  0  0  0  0  0
    6.5028    7.5300    5.0683 H   0  0  0  0  0  0  0  0  0  0  0  0
    8.4220    8.1896    6.4741 H   0  0  0  0  0  0  0  0  0  0  0  0
    8.8904    6.5029    6.7049 H   0  0  0  0  0  0  0  0  0  0  0  0
  1 10  1  0  0  0  0
  2  9  1  6  0  0  0
  2  5  1  0  0  0  0
  2  1  1  0  0  0  0
  2  3  1  0  0  0  0
  3  4  1  0  0  0  0
  3 13  1  0  0  0  0
  4 15  1  0  0  0  0
  5  6  1  6  0  0  0
  5  1  1  0  0  0  0
  5  4  1  0  0  0  0
  6 16  1  0  0  0  0
  7 18  1  0  0  0  0
  7  6  1  0  0  0  0
  8  7  1  0  0  0  0
  8  9  1  0  0  0  0
  9 23  1  0  0  0  0
 11  1  1  0  0  0  0
 12  3  1  0  0  0  0
 14  4  1  0  0  0  0
 17  6  1  0  0  0  0
 19  7  1  0  0  0  0
 20  8  1  0  0  0  0
 21  8  1  0  0  0  0
 22  9  1  0  0  0  0
M  END
