Lattice="13.32178341 0.0 0.0 0.0 13.95323647 0.0 0.0 0.0 13.23452651" Properties=species:S:1:pos:R:3:GW_charged:R:1:dKS_charged:R:1:dKS_neutral:R:1 pbc="T T T"
 OpenBabel12102409403D
Lattice="13.32178341 0.0 0.0 0.0 13.95323647 0.0 0.0 0.0 13.23452651" Properties=species:S:1:pos:R:3:GW_charged:R:1:dKS_charged:R:1:dKS_neutral:R:1 pbc="T T T"
 18 17  0  0  0  0  0  0  0  0999 V2000
    7.0085    8.6677    6.8910 C   0  0  0  0  0  0  0  0  0  0  0  0
    6.0653    7.4837    6.6620 C   0  0  0  0  0  0  0  0  0  0  0  0
    6.2394    6.4096    7.7414 C   0  0  0  0  0  0  0  0  0  0  0  0
    4.6925    7.9257    6.6104 O   0  0  0  0  0  0  0  0  0  0  0  0
    6.2544    6.8942    5.2522 C   0  0  0  0  0  0  0  0  0  0  0  0
    7.5892    6.3910    5.0666 O   0  0  0  0  0  0  0  0  0  0  0  0
    7.7446    5.0474    4.9652 C   0  0  0  0  0  0  0  0  0  0  0  0
    8.8218    4.5263    4.8561 O   0  0  0  0  0  0  0  0  0  0  0  0
    8.0585    8.3564    6.8171 H   0  0  0  0  0  0  0  0  0  0  0  0
    6.8241    9.4532    6.1467 H   0  0  0  0  0  0  0  0  0  0  0  0
    6.8543    9.0951    7.8928 H   0  0  0  0  0  0  0  0  0  0  0  0
    6.0307    6.8323    8.7345 H   0  0  0  0  0  0  0  0  0  0  0  0
    5.5440    5.5765    7.5731 H   0  0  0  0  0  0  0  0  0  0  0  0
    7.2649    6.0173    7.7613 H   0  0  0  0  0  0  0  0  0  0  0  0
    4.5000    8.3981    7.4355 H   0  0  0  0  0  0  0  0  0  0  0  0
    5.5146    6.0944    5.0889 H   0  0  0  0  0  0  0  0  0  0  0  0
    6.0955    7.6771    4.5000 H   0  0  0  0  0  0  0  0  0  0  0  0
    6.7748    4.5000    4.9892 H   0  0  0  0  0  0  0  0  0  0  0  0
  1 11  1  0  0  0  0
  2  1  1  0  0  0  0
  2  3  1  0  0  0  0
  3 14  1  0  0  0  0
  3 12  1  0  0  0  0
  4  2  1  0  0  0  0
  4 15  1  0  0  0  0
  5  2  1  0  0  0  0
  6  5  1  0  0  0  0
  7 18  1  0  0  0  0
  7  6  1  0  0  0  0
  8  7  2  0  0  0  0
  9  1  1  0  0  0  0
 10  1  1  0  0  0  0
 13  3  1  0  0  0  0
 16  5  1  0  0  0  0
 17  5  1  0  0  0  0
M  END
