Lattice="13.38020485 0.0 0.0 0.0 13.427254399999999 0.0 0.0 0.0 15.88292851" Properties=species:S:1:pos:R:3:GW_charged:R:1:dKS_charged:R:1:dKS_neutral:R:1 pbc="T T T"
 OpenBabel12102409443D
Lattice="13.38020485 0.0 0.0 0.0 13.427254399999999 0.0 0.0 0.0 15.88292851" Properties=species:S:1:pos:R:3:GW_charged:R:1:dKS_charged:R:1:dKS_neutral:R:1 pbc="T T T"
 19 19  0  0  0  0  0  0  0  0999 V2000
    5.4931    8.3500   10.3683 C   0  0  0  0  0  0  0  0  0  0  0  0
    5.7842    6.8432   10.4625 C   0  0  0  0  0  0  0  0  0  0  0  0
    6.5794    6.3054    9.3279 C   0  0  0  0  0  0  0  0  0  0  0  0
    7.8249    5.7603    9.2102 C   0  0  0  0  0  0  0  0  0  0  0  0
    8.0173    5.4047    7.8325 C   0  0  0  0  0  0  0  0  0  0  0  0
    6.8677    5.7765    7.1980 C   0  0  0  0  0  0  0  0  0  0  0  0
    6.5427    5.7597    5.8952 O   0  0  0  0  0  0  0  0  0  0  0  0
    5.1685    5.4616    5.5911 C   0  0  0  0  0  0  0  0  0  0  0  0
    5.9757    6.3280    8.0770 O   0  0  0  0  0  0  0  0  0  0  0  0
    6.4268    8.9273   10.3386 H   0  0  0  0  0  0  0  0  0  0  0  0
    4.9242    8.5857    9.4596 H   0  0  0  0  0  0  0  0  0  0  0  0
    4.9058    8.6899   11.2322 H   0  0  0  0  0  0  0  0  0  0  0  0
    6.3443    6.6244   11.3829 H   0  0  0  0  0  0  0  0  0  0  0  0
    4.8325    6.2905   10.5422 H   0  0  0  0  0  0  0  0  0  0  0  0
    8.5275    5.6127   10.0236 H   0  0  0  0  0  0  0  0  0  0  0  0
    8.8802    4.9409    7.3713 H   0  0  0  0  0  0  0  0  0  0  0  0
    5.1140    5.3988    4.5000 H   0  0  0  0  0  0  0  0  0  0  0  0
    4.8730    4.5000    6.0370 H   0  0  0  0  0  0  0  0  0  0  0  0
    4.5000    6.2550    5.9513 H   0  0  0  0  0  0  0  0  0  0  0  0
  1  2  1  0  0  0  0
  1 12  1  0  0  0  0
  2 14  1  0  0  0  0
  2 13  1  0  0  0  0
  3  2  1  0  0  0  0
  4  3  2  0  0  0  0
  4 15  1  0  0  0  0
  5  4  1  0  0  0  0
  6  5  2  0  0  0  0
  6  9  1  0  0  0  0
  7  6  1  0  0  0  0
  8  7  1  0  0  0  0
  8 19  1  0  0  0  0
  8 18  1  0  0  0  0
  9  3  1  0  0  0  0
 10  1  1  0  0  0  0
 11  1  1  0  0  0  0
 16  5  1  0  0  0  0
 17  8  1  0  0  0  0
M  END
