Lattice="12.877145330000001 0.0 0.0 0.0 14.067426560000001 0.0 0.0 0.0 13.11488589" Properties=species:S:1:pos:R:3:GW_charged:R:1:dKS_charged:R:1:dKS_neutral:R:1 pbc="T T T"
 OpenBabel12102411063D
Lattice="12.877145330000001 0.0 0.0 0.0 14.067426560000001 0.0 0.0 0.0 13.11488589" Properties=species:S:1:pos:R:3:GW_charged:R:1:dKS_charged:R:1:dKS_neutral:R:1 pbc="T T T"
 21 23  0  0  1  0  0  0  0  0999 V2000
    5.0825    9.0286    6.3091 C   0  0  0  0  0  0  0  0  0  0  0  0
    6.4806    8.3961    6.3260 C   0  0  1  0  0  0  0  0  0  0  0  0
    7.3134    7.8340    7.4832 C   0  0  0  0  0  0  0  0  0  0  0  0
    6.6738    6.4296    7.6790 C   0  0  1  0  0  0  0  0  0  0  0  0
    5.1869    6.8077    7.6090 C   0  0  0  0  0  0  0  0  0  0  0  0
    5.2300    7.5457    6.2699 C   0  0  1  0  0  0  0  0  0  0  0  0
    5.0745    6.6718    5.1769 O   0  0  0  0  0  0  0  0  0  0  0  0
    6.3002    5.8967    5.1191 C   0  0  0  0  0  0  0  0  0  0  0  0
    6.8757    5.4445    6.4921 C   0  0  0  0  0  0  0  0  0  0  0  0
    4.6380    9.4627    7.2065 H   0  0  0  0  0  0  0  0  0  0  0  0
    4.8570    9.5674    5.3886 H   0  0  0  0  0  0  0  0  0  0  0  0
    7.0083    8.5539    5.3861 H   0  0  0  0  0  0  0  0  0  0  0  0
    8.3771    7.7925    7.2104 H   0  0  0  0  0  0  0  0  0  0  0  0
    7.2402    8.4158    8.4163 H   0  0  0  0  0  0  0  0  0  0  0  0
    6.9906    5.9431    8.6149 H   0  0  0  0  0  0  0  0  0  0  0  0
    4.5000    5.9535    7.5661 H   0  0  0  0  0  0  0  0  0  0  0  0
    4.8847    7.4600    8.4412 H   0  0  0  0  0  0  0  0  0  0  0  0
    6.0679    5.0205    4.5000 H   0  0  0  0  0  0  0  0  0  0  0  0
    7.0583    6.4944    4.5849 H   0  0  0  0  0  0  0  0  0  0  0  0
    7.9430    5.2193    6.3409 H   0  0  0  0  0  0  0  0  0  0  0  0
    6.3935    4.5000    6.7872 H   0  0  0  0  0  0  0  0  0  0  0  0
  1  2  1  0  0  0  0
  1 10  1  0  0  0  0
  2 12  1  6  0  0  0
  2  3  1  0  0  0  0
  3  4  1  0  0  0  0
  3 14  1  0  0  0  0
  4 15  1  1  0  0  0
  5  4  1  0  0  0  0
  5 17  1  0  0  0  0
  6  7  1  6  0  0  0
  6  1  1  0  0  0  0
  6  2  1  0  0  0  0
  6  5  1  0  0  0  0
  8  7  1  0  0  0  0
  8  9  1  0  0  0  0
  9 21  1  0  0  0  0
  9  4  1  0  0  0  0
 11  1  1  0  0  0  0
 13  3  1  0  0  0  0
 16  5  1  0  0  0  0
 18  8  1  0  0  0  0
 19  8  1  0  0  0  0
 20  9  1  0  0  0  0
M  END
