Lattice="12.70444601 0.0 0.0 0.0 14.626691600000001 0.0 0.0 0.0 14.09679513" Properties=species:S:1:pos:R:3:GW_charged:R:1:dKS_charged:R:1:dKS_neutral:R:1 pbc="T T T"
 OpenBabel12102409403D
Lattice="12.70444601 0.0 0.0 0.0 14.626691600000001 0.0 0.0 0.0 14.09679513" Properties=species:S:1:pos:R:3:GW_charged:R:1:dKS_charged:R:1:dKS_neutral:R:1 pbc="T T T"
 18 17  0  0  1  0  0  0  0  0999 V2000
    5.5357    9.6311    8.3076 C   0  0  0  0  0  0  0  0  0  0  0  0
    5.6557    8.2192    8.3831 O   0  0  0  0  0  0  0  0  0  0  0  0
    6.4890    7.6833    7.3633 C   0  0  0  0  0  0  0  0  0  0  0  0
    6.3540    6.1453    7.4282 C   0  0  1  0  0  0  0  0  0  0  0  0
    6.9441    5.5816    8.7356 C   0  0  0  0  0  0  0  0  0  0  0  0
    4.9613    5.8023    7.3175 O   0  0  0  0  0  0  0  0  0  0  0  0
    7.0540    5.5784    6.2718 C   0  0  0  0  0  0  0  0  0  0  0  0
    7.6729    5.1312    5.3339 C   0  0  0  0  0  0  0  0  0  0  0  0
    6.5128   10.1267    8.4468 H   0  0  0  0  0  0  0  0  0  0  0  0
    5.1143    9.9482    7.3370 H   0  0  0  0  0  0  0  0  0  0  0  0
    4.8599    9.9406    9.1128 H   0  0  0  0  0  0  0  0  0  0  0  0
    6.1560    8.0312    6.3691 H   0  0  0  0  0  0  0  0  0  0  0  0
    7.5420    7.9851    7.5103 H   0  0  0  0  0  0  0  0  0  0  0  0
    6.4536    6.0523    9.5968 H   0  0  0  0  0  0  0  0  0  0  0  0
    6.7736    4.5000    8.7709 H   0  0  0  0  0  0  0  0  0  0  0  0
    8.0239    5.7717    8.7943 H   0  0  0  0  0  0  0  0  0  0  0  0
    4.5000    6.4489    7.8832 H   0  0  0  0  0  0  0  0  0  0  0  0
    8.2044    4.7237    4.5000 H   0  0  0  0  0  0  0  0  0  0  0  0
  1  2  1  0  0  0  0
  1  9  1  0  0  0  0
  1 11  1  0  0  0  0
  3  4  1  0  0  0  0
  3 13  1  0  0  0  0
  3  2  1  0  0  0  0
  4  7  1  6  0  0  0
  4  5  1  0  0  0  0
  5 15  1  0  0  0  0
  5 16  1  0  0  0  0
  5 14  1  0  0  0  0
  6  4  1  0  0  0  0
  6 17  1  0  0  0  0
  8  7  3  0  0  0  0
 10  1  1  0  0  0  0
 12  3  1  0  0  0  0
 18  8  1  0  0  0  0
M  END
