Lattice="13.0445666 0.0 0.0 0.0 13.693911570000001 0.0 0.0 0.0 13.360812020000001" Properties=species:S:1:pos:R:3:GW_charged:R:1:dKS_charged:R:1:dKS_neutral:R:1 pbc="T T T"
 OpenBabel12102410123D
Lattice="13.0445666 0.0 0.0 0.0 13.693911570000001 0.0 0.0 0.0 13.360812020000001" Properties=species:S:1:pos:R:3:GW_charged:R:1:dKS_charged:R:1:dKS_neutral:R:1 pbc="T T T"
 21 24  0  0  1  0  0  0  0  0999 V2000
    5.3849    8.6715    7.9135 C   0  0  0  0  0  0  0  0  0  0  0  0
    6.7115    7.9768    8.0175 C   0  0  1  0  0  0  0  0  0  0  0  0
    5.3651    7.1748    8.0261 C   0  0  2  0  0  0  0  0  0  0  0  0
    5.7646    6.5067    6.7086 C   0  0  1  0  0  0  0  0  0  0  0  0
    5.4050    7.0712    5.2974 C   0  0  0  0  0  0  0  0  0  0  0  0
    6.7578    7.8770    5.2888 C   0  0  0  0  0  0  0  0  0  0  0  0
    7.0963    7.2999    6.7001 C   0  0  1  0  0  0  0  0  0  0  0  0
    7.8951    5.9747    6.8117 C   0  0  0  0  0  0  0  0  0  0  0  0
    6.5505    5.1739    6.8204 C   0  0  0  0  0  0  0  0  0  0  0  0
    5.0796    9.1939    8.8198 H   0  0  0  0  0  0  0  0  0  0  0  0
    5.0758    9.1807    6.9980 H   0  0  0  0  0  0  0  0  0  0  0  0
    7.3917    8.1899    8.8446 H   0  0  0  0  0  0  0  0  0  0  0  0
    4.8616    6.6828    8.8608 H   0  0  0  0  0  0  0  0  0  0  0  0
    5.3163    6.3066    4.5137 H   0  0  0  0  0  0  0  0  0  0  0  0
    4.5000    7.6925    5.2646 H   0  0  0  0  0  0  0  0  0  0  0  0
    7.4650    7.5864    4.5000 H   0  0  0  0  0  0  0  0  0  0  0  0
    6.6422    8.9685    5.2509 H   0  0  0  0  0  0  0  0  0  0  0  0
    8.5446    5.7694    5.9505 H   0  0  0  0  0  0  0  0  0  0  0  0
    8.5040    5.8838    7.7211 H   0  0  0  0  0  0  0  0  0  0  0  0
    6.3490    4.6003    7.7350 H   0  0  0  0  0  0  0  0  0  0  0  0
    6.4136    4.5000    5.9643 H   0  0  0  0  0  0  0  0  0  0  0  0
  1  2  1  0  0  0  0
  1  3  1  0  0  0  0
  1 10  1  0  0  0  0
  2  3  1  0  0  0  0
  2 12  1  1  0  0  0
  3 13  1  1  0  0  0
  4  5  1  6  0  0  0
  4  9  1  0  0  0  0
  4  3  1  0  0  0  0
  6  5  1  0  0  0  0
  7  6  1  6  0  0  0
  7  4  1  0  0  0  0
  7  8  1  0  0  0  0
  7  2  1  0  0  0  0
  8  9  1  0  0  0  0
  8 19  1  0  0  0  0
  9 20  1  0  0  0  0
 11  1  1  0  0  0  0
 14  5  1  0  0  0  0
 15  5  1  0  0  0  0
 16  6  1  0  0  0  0
 17  6  1  0  0  0  0
 18  8  1  0  0  0  0
 21  9  1  0  0  0  0
M  END
