Lattice="13.36146217 0.0 0.0 0.0 13.45698642 0.0 0.0 0.0 13.648391440000001" Properties=species:S:1:pos:R:3:GW_charged:R:1:dKS_charged:R:1:dKS_neutral:R:1 pbc="T T T"
 OpenBabel12102409263D
Lattice="13.36146217 0.0 0.0 0.0 13.45698642 0.0 0.0 0.0 13.648391440000001" Properties=species:S:1:pos:R:3:GW_charged:R:1:dKS_charged:R:1:dKS_neutral:R:1 pbc="T T T"
 19 19  0  0  1  0  0  0  0  0999 V2000
    6.5934    8.4813    6.0406 C   0  0  0  0  0  0  0  0  0  0  0  0
    6.6432    6.9667    6.1147 C   0  0  0  0  0  0  0  0  0  0  0  0
    5.3961    6.3014    5.5633 C   0  0  0  0  0  0  0  0  0  0  0  0
    7.9808    6.2721    5.8805 C   0  0  0  0  0  0  0  0  0  0  0  0
    7.3658    6.2935    7.2657 C   0  0  1  0  0  0  0  0  0  0  0  0
    8.0061    7.0737    8.3909 C   0  0  0  0  0  0  0  0  0  0  0  0
    6.7501    5.0962    7.7175 O   0  0  0  0  0  0  0  0  0  0  0  0
    7.5301    8.9570    6.3560 H   0  0  0  0  0  0  0  0  0  0  0  0
    6.3986    8.8002    5.0058 H   0  0  0  0  0  0  0  0  0  0  0  0
    5.7843    8.8829    6.6690 H   0  0  0  0  0  0  0  0  0  0  0  0
    5.2704    6.5547    4.5000 H   0  0  0  0  0  0  0  0  0  0  0  0
    5.4366    5.2117    5.6599 H   0  0  0  0  0  0  0  0  0  0  0  0
    4.5000    6.6490    6.0987 H   0  0  0  0  0  0  0  0  0  0  0  0
    7.9624    5.3218    5.3470 H   0  0  0  0  0  0  0  0  0  0  0  0
    8.8615    6.8876    5.6917 H   0  0  0  0  0  0  0  0  0  0  0  0
    8.4912    7.9934    8.0433 H   0  0  0  0  0  0  0  0  0  0  0  0
    7.2562    7.3412    9.1484 H   0  0  0  0  0  0  0  0  0  0  0  0
    8.7808    6.4636    8.8814 H   0  0  0  0  0  0  0  0  0  0  0  0
    7.4557    4.5000    8.0160 H   0  0  0  0  0  0  0  0  0  0  0  0
  1  2  1  0  0  0  0
  1  8  1  0  0  0  0
  1 10  1  0  0  0  0
  2  5  1  0  0  0  0
  3 12  1  0  0  0  0
  3 13  1  0  0  0  0
  3  2  1  0  0  0  0
  4  2  1  0  0  0  0
  4  5  1  0  0  0  0
  5  7  1  1  0  0  0
  5  6  1  0  0  0  0
  6 18  1  0  0  0  0
  6 17  1  0  0  0  0
  7 19  1  0  0  0  0
  9  1  1  0  0  0  0
 11  3  1  0  0  0  0
 14  4  1  0  0  0  0
 15  4  1  0  0  0  0
 16  6  1  0  0  0  0
M  END
