Lattice="12.9553795 0.0 0.0 0.0 12.329360229999999 0.0 0.0 0.0 13.79758314" Properties=species:S:1:pos:R:3:GW_charged:R:1:dKS_charged:R:1:dKS_neutral:R:1 pbc="T T T"
 OpenBabel12102409383D
Lattice="12.9553795 0.0 0.0 0.0 12.329360229999999 0.0 0.0 0.0 13.79758314" Properties=species:S:1:pos:R:3:GW_charged:R:1:dKS_charged:R:1:dKS_neutral:R:1 pbc="T T T"
 17 18  0  0  1  0  0  0  0  0999 V2000
    5.3154    7.0979    7.3882 C   0  0  0  0  0  0  0  0  0  0  0  0
    6.8676    7.0044    7.4242 C   0  0  1  0  0  0  0  0  0  0  0  0
    6.6826    5.6863    8.2359 C   0  0  0  0  0  0  0  0  0  0  0  0
    5.3408    5.5488    7.4627 C   0  0  2  0  0  0  0  0  0  0  0  0
    5.5150    4.9929    6.1543 O   0  0  0  0  0  0  0  0  0  0  0  0
    6.8015    5.2889    5.5878 C   0  0  0  0  0  0  0  0  0  0  0  0
    7.3560    6.6646    6.0072 C   0  0  0  0  0  0  0  0  0  0  0  0
    4.9042    7.5444    8.3036 H   0  0  0  0  0  0  0  0  0  0  0  0
    4.8396    7.5437    6.5044 H   0  0  0  0  0  0  0  0  0  0  0  0
    7.4353    7.8294    7.8737 H   0  0  0  0  0  0  0  0  0  0  0  0
    7.4300    4.8866    8.1501 H   0  0  0  0  0  0  0  0  0  0  0  0
    6.4939    5.8887    9.2976 H   0  0  0  0  0  0  0  0  0  0  0  0
    4.5000    5.0077    7.9131 H   0  0  0  0  0  0  0  0  0  0  0  0
    7.5131    4.5000    5.8896 H   0  0  0  0  0  0  0  0  0  0  0  0
    6.6770    5.2136    4.5000 H   0  0  0  0  0  0  0  0  0  0  0  0
    7.0334    7.4549    5.3122 H   0  0  0  0  0  0  0  0  0  0  0  0
    8.4554    6.6247    5.9674 H   0  0  0  0  0  0  0  0  0  0  0  0
  1  2  1  0  0  0  0
  1  4  1  0  0  0  0
  1  8  1  0  0  0  0
  2 10  1  1  0  0  0
  2  3  1  0  0  0  0
  3 12  1  0  0  0  0
  4 13  1  1  0  0  0
  4  3  1  0  0  0  0
  5  4  1  0  0  0  0
  6 14  1  0  0  0  0
  6  7  1  0  0  0  0
  6  5  1  0  0  0  0
  7  2  1  0  0  0  0
  9  1  1  0  0  0  0
 11  3  1  0  0  0  0
 15  6  1  0  0  0  0
 16  7  1  0  0  0  0
 17  7  1  0  0  0  0
M  END
