Lattice="11.816507810000001 0.0 0.0 0.0 17.082259139999998 0.0 0.0 0.0 13.07531823" Properties=species:S:1:pos:R:3:GW_charged:R:1:dKS_charged:R:1:dKS_neutral:R:1 pbc="T T T"
 OpenBabel12102409443D
Lattice="11.816507810000001 0.0 0.0 0.0 17.082259139999998 0.0 0.0 0.0 13.07531823" Properties=species:S:1:pos:R:3:GW_charged:R:1:dKS_charged:R:1:dKS_neutral:R:1 pbc="T T T"
 19 19  0  0  0  0  0  0  0  0999 V2000
    5.5029   12.0326    7.7811 C   0  0  0  0  0  0  0  0  0  0  0  0
    5.3143   10.5574    7.5037 C   0  0  0  0  0  0  0  0  0  0  0  0
    6.5513   10.0537    6.9314 O   0  0  0  0  0  0  0  0  0  0  0  0
    6.5316    8.7723    6.5366 C   0  0  0  0  0  0  0  0  0  0  0  0
    6.9445    8.1802    5.3790 C   0  0  0  0  0  0  0  0  0  0  0  0
    6.7849    6.7685    5.5872 C   0  0  0  0  0  0  0  0  0  0  0  0
    6.2762    6.5942    6.8416 C   0  0  0  0  0  0  0  0  0  0  0  0
    5.8615    5.4105    7.6320 C   0  0  0  0  0  0  0  0  0  0  0  0
    6.1207    7.8294    7.4470 O   0  0  0  0  0  0  0  0  0  0  0  0
    6.3274   12.1944    8.4873 H   0  0  0  0  0  0  0  0  0  0  0  0
    5.7243   12.5823    6.8575 H   0  0  0  0  0  0  0  0  0  0  0  0
    4.5870   12.4496    8.2207 H   0  0  0  0  0  0  0  0  0  0  0  0
    5.0895   10.0002    8.4252 H   0  0  0  0  0  0  0  0  0  0  0  0
    4.5000   10.3777    6.7824 H   0  0  0  0  0  0  0  0  0  0  0  0
    7.3165    8.6920    4.5000 H   0  0  0  0  0  0  0  0  0  0  0  0
    7.0111    5.9760    4.8818 H   0  0  0  0  0  0  0  0  0  0  0  0
    6.0441    4.5000    7.0493 H   0  0  0  0  0  0  0  0  0  0  0  0
    6.4224    5.3304    8.5753 H   0  0  0  0  0  0  0  0  0  0  0  0
    4.7910    5.4429    7.8862 H   0  0  0  0  0  0  0  0  0  0  0  0
  1 12  1  0  0  0  0
  1 10  1  0  0  0  0
  2  1  1  0  0  0  0
  2 13  1  0  0  0  0
  3  2  1  0  0  0  0
  4  3  1  0  0  0  0
  4  9  1  0  0  0  0
  5  6  1  0  0  0  0
  5  4  2  0  0  0  0
  6  7  2  0  0  0  0
  7  9  1  0  0  0  0
  7  8  1  0  0  0  0
  8 19  1  0  0  0  0
  8 18  1  0  0  0  0
 11  1  1  0  0  0  0
 14  2  1  0  0  0  0
 15  5  1  0  0  0  0
 16  6  1  0  0  0  0
 17  8  1  0  0  0  0
M  END
