Lattice="12.47796235 0.0 0.0 0.0 14.568872559999999 0.0 0.0 0.0 13.180713820000001" Properties=species:S:1:pos:R:3:GW_charged:R:1:dKS_charged:R:1:dKS_neutral:R:1 pbc="T T T"
 OpenBabel12102409263D
Lattice="12.47796235 0.0 0.0 0.0 14.568872559999999 0.0 0.0 0.0 13.180713820000001" Properties=species:S:1:pos:R:3:GW_charged:R:1:dKS_charged:R:1:dKS_neutral:R:1 pbc="T T T"
 15 14  0  0  0  0  0  0  0  0999 V2000
    5.4711    9.6332    5.3916 C   0  0  0  0  0  0  0  0  0  0  0  0
    5.5195    8.1048    5.4270 C   0  0  0  0  0  0  0  0  0  0  0  0
    6.2489    7.5753    6.6514 C   0  0  0  0  0  0  0  0  0  0  0  0
    6.2529    6.1544    6.6140 O   0  0  0  0  0  0  0  0  0  0  0  0
    6.9176    5.5897    7.7279 C   0  0  0  0  0  0  0  0  0  0  0  0
    6.4806   10.0689    5.3717 H   0  0  0  0  0  0  0  0  0  0  0  0
    4.9402    9.9912    4.5000 H   0  0  0  0  0  0  0  0  0  0  0  0
    4.9519   10.0414    6.2709 H   0  0  0  0  0  0  0  0  0  0  0  0
    4.5000    7.6903    5.4201 H   0  0  0  0  0  0  0  0  0  0  0  0
    6.0199    7.7177    4.5265 H   0  0  0  0  0  0  0  0  0  0  0  0
    7.2909    7.9565    6.6765 H   0  0  0  0  0  0  0  0  0  0  0  0
    5.7540    7.9284    7.5799 H   0  0  0  0  0  0  0  0  0  0  0  0
    7.9780    5.9022    7.7728 H   0  0  0  0  0  0  0  0  0  0  0  0
    6.4322    5.8738    8.6807 H   0  0  0  0  0  0  0  0  0  0  0  0
    6.8722    4.5000    7.6167 H   0  0  0  0  0  0  0  0  0  0  0  0
  1  2  1  0  0  0  0
  1  8  1  0  0  0  0
  2  3  1  0  0  0  0
  3 11  1  0  0  0  0
  3 12  1  0  0  0  0
  4  3  1  0  0  0  0
  4  5  1  0  0  0  0
  5 13  1  0  0  0  0
  5 14  1  0  0  0  0
  6  1  1  0  0  0  0
  7  1  1  0  0  0  0
  9  2  1  0  0  0  0
 10  2  1  0  0  0  0
 15  5  1  0  0  0  0
M  END
