Lattice="15.39848096 0.0 0.0 0.0 14.02543082 0.0 0.0 0.0 12.13256105" Properties=species:S:1:pos:R:3:GW_charged:R:1:dKS_charged:R:1:dKS_neutral:R:1 pbc="T T T"
 OpenBabel12102409443D
Lattice="15.39848096 0.0 0.0 0.0 14.02543082 0.0 0.0 0.0 12.13256105" Properties=species:S:1:pos:R:3:GW_charged:R:1:dKS_charged:R:1:dKS_neutral:R:1 pbc="T T T"
 19 19  0  0  0  0  0  0  0  0999 V2000
    9.6374    9.0030    6.7651 C   0  0  0  0  0  0  0  0  0  0  0  0
    9.4127    7.5394    6.6694 C   0  0  0  0  0  0  0  0  0  0  0  0
    8.2881    6.7534    6.6380 C   0  0  0  0  0  0  0  0  0  0  0  0
    6.8590    7.2031    6.6606 C   0  0  0  0  0  0  0  0  0  0  0  0
    6.2558    7.2763    5.2589 C   0  0  0  0  0  0  0  0  0  0  0  0
    4.8893    7.6847    5.3859 O   0  0  0  0  0  0  0  0  0  0  0  0
    8.7569    5.3972    6.5314 C   0  0  0  0  0  0  0  0  0  0  0  0
   10.1165    5.4535    6.5126 C   0  0  0  0  0  0  0  0  0  0  0  0
   10.5383    6.7519    6.5967 O   0  0  0  0  0  0  0  0  0  0  0  0
   10.2633    9.2589    7.6326 H   0  0  0  0  0  0  0  0  0  0  0  0
   10.1395    9.3962    5.8684 H   0  0  0  0  0  0  0  0  0  0  0  0
    8.6795    9.5254    6.8704 H   0  0  0  0  0  0  0  0  0  0  0  0
    6.2518    6.5128    7.2653 H   0  0  0  0  0  0  0  0  0  0  0  0
    6.7674    8.1928    7.1314 H   0  0  0  0  0  0  0  0  0  0  0  0
    6.8319    7.9959    4.6488 H   0  0  0  0  0  0  0  0  0  0  0  0
    6.3315    6.2883    4.7696 H   0  0  0  0  0  0  0  0  0  0  0  0
    4.5000    7.7230    4.5000 H   0  0  0  0  0  0  0  0  0  0  0  0
    8.1481    4.5000    6.4853 H   0  0  0  0  0  0  0  0  0  0  0  0
   10.8985    4.7066    6.4538 H   0  0  0  0  0  0  0  0  0  0  0  0
  1 12  1  0  0  0  0
  1 10  1  0  0  0  0
  2  1  1  0  0  0  0
  3  4  1  0  0  0  0
  3  2  2  0  0  0  0
  4 14  1  0  0  0  0
  4 13  1  0  0  0  0
  5  6  1  0  0  0  0
  5  4  1  0  0  0  0
  7  3  1  0  0  0  0
  8  7  2  0  0  0  0
  8  9  1  0  0  0  0
  9  2  1  0  0  0  0
 11  1  1  0  0  0  0
 15  5  1  0  0  0  0
 16  5  1  0  0  0  0
 17  6  1  0  0  0  0
 18  7  1  0  0  0  0
 19  8  1  0  0  0  0
M  END
