Lattice="13.0315801 0.0 0.0 0.0 13.10711177 0.0 0.0 0.0 16.31322595" Properties=species:S:1:pos:R:3:GW_charged:R:1:dKS_charged:R:1:dKS_neutral:R:1 pbc="T T T"
 OpenBabel12102409263D
Lattice="13.0315801 0.0 0.0 0.0 13.10711177 0.0 0.0 0.0 16.31322595" Properties=species:S:1:pos:R:3:GW_charged:R:1:dKS_charged:R:1:dKS_neutral:R:1 pbc="T T T"
 15 14  0  0  0  0  0  0  0  0999 V2000
    5.4572    8.1712    6.6820 C   0  0  0  0  0  0  0  0  0  0  0  0
    5.5334    6.6304    6.6679 C   0  0  0  0  0  0  0  0  0  0  0  0
    6.2106    6.1025    5.3862 C   0  0  0  0  0  0  0  0  0  0  0  0
    6.2083    6.1306    7.8581 C   0  0  0  0  0  0  0  0  0  0  0  0
    6.7962    5.7244    8.8487 C   0  0  0  0  0  0  0  0  0  0  0  0
    7.4429    5.2679    9.9538 C   0  0  0  0  0  0  0  0  0  0  0  0
    8.0229    4.8589   10.9442 C   0  0  0  0  0  0  0  0  0  0  0  0
    6.4647    8.6071    6.6556 H   0  0  0  0  0  0  0  0  0  0  0  0
    4.9021    8.5292    5.8044 H   0  0  0  0  0  0  0  0  0  0  0  0
    4.9522    8.5345    7.5853 H   0  0  0  0  0  0  0  0  0  0  0  0
    4.5000    6.2395    6.6911 H   0  0  0  0  0  0  0  0  0  0  0  0
    7.2431    6.4696    5.3166 H   0  0  0  0  0  0  0  0  0  0  0  0
    6.2372    5.0061    5.3750 H   0  0  0  0  0  0  0  0  0  0  0  0
    5.6604    6.4468    4.5000 H   0  0  0  0  0  0  0  0  0  0  0  0
    8.5316    4.5000   11.8132 H   0  0  0  0  0  0  0  0  0  0  0  0
  1 10  1  0  0  0  0
  2  1  1  0  0  0  0
  2 11  1  0  0  0  0
  2  4  1  0  0  0  0
  3  2  1  0  0  0  0
  4  5  3  0  0  0  0
  5  6  1  0  0  0  0
  6  7  3  0  0  0  0
  7 15  1  0  0  0  0
  8  1  1  0  0  0  0
  9  1  1  0  0  0  0
 12  3  1  0  0  0  0
 13  3  1  0  0  0  0
 14  3  1  0  0  0  0
M  END
