Lattice="13.15754051 0.0 0.0 0.0 13.566156079999999 0.0 0.0 0.0 14.084805110000001" Properties=species:S:1:pos:R:3:GW_charged:R:1:dKS_charged:R:1:dKS_neutral:R:1 pbc="T T T"
 OpenBabel12102410123D
Lattice="13.15754051 0.0 0.0 0.0 13.566156079999999 0.0 0.0 0.0 14.084805110000001" Properties=species:S:1:pos:R:3:GW_charged:R:1:dKS_charged:R:1:dKS_neutral:R:1 pbc="T T T"
 21 24  0  0  1  0  0  0  0  0999 V2000
    6.0559    7.6812    8.5733 C   0  0  0  0  0  0  0  0  0  0  0  0
    7.3792    6.9832    8.4570 C   0  0  1  0  0  0  0  0  0  0  0  0
    6.0377    6.1846    8.4654 C   0  0  2  0  0  0  0  0  0  0  0  0
    6.3890    5.5952    7.0779 C   0  0  1  0  0  0  0  0  0  0  0  0
    6.0192    6.1715    5.6614 C   0  0  1  0  0  0  0  0  0  0  0  0
    5.2339    7.4998    5.4781 C   0  0  0  0  0  0  0  0  0  0  0  0
    6.5784    8.3002    5.4697 C   0  0  0  0  0  0  0  0  0  0  0  0
    7.3735    6.9778    5.6529 C   0  0  1  0  0  0  0  0  0  0  0  0
    7.7169    6.3858    7.0695 C   0  0  1  0  0  0  0  0  0  0  0  0
    5.8512    8.0357    9.5848 H   0  0  0  0  0  0  0  0  0  0  0  0
    5.6591    8.3397    7.8094 H   0  0  0  0  0  0  0  0  0  0  0  0
    8.1104    7.0649    9.2606 H   0  0  0  0  0  0  0  0  0  0  0  0
    5.6248    5.5852    9.2762 H   0  0  0  0  0  0  0  0  0  0  0  0
    6.4361    4.5000    7.1029 H   0  0  0  0  0  0  0  0  0  0  0  0
    5.8091    5.3916    4.9186 H   0  0  0  0  0  0  0  0  0  0  0  0
    4.7129    7.5426    4.5129 H   0  0  0  0  0  0  0  0  0  0  0  0
    4.5000    7.7443    6.2552 H   0  0  0  0  0  0  0  0  0  0  0  0
    6.7801    8.7733    4.5000 H   0  0  0  0  0  0  0  0  0  0  0  0
    6.7204    9.0662    6.2413 H   0  0  0  0  0  0  0  0  0  0  0  0
    8.1523    6.7866    4.9038 H   0  0  0  0  0  0  0  0  0  0  0  0
    8.6575    5.8225    7.0889 H   0  0  0  0  0  0  0  0  0  0  0  0
  1 10  1  0  0  0  0
  2  3  1  0  0  0  0
  2  1  1  0  0  0  0
  2 12  1  1  0  0  0
  3  1  1  0  0  0  0
  3 13  1  1  0  0  0
  4 14  1  1  0  0  0
  4  3  1  0  0  0  0
  5 15  1  6  0  0  0
  5  4  1  0  0  0  0
  6  5  1  0  0  0  0
  6 17  1  0  0  0  0
  7  6  1  0  0  0  0
  7  8  1  0  0  0  0
  7 19  1  0  0  0  0
  8 20  1  6  0  0  0
  8  5  1  0  0  0  0
  8  9  1  0  0  0  0
  9  4  1  0  0  0  0
  9 21  1  1  0  0  0
  9  2  1  0  0  0  0
 11  1  1  0  0  0  0
 16  6  1  0  0  0  0
 18  7  1  0  0  0  0
M  END
