Lattice="14.87808043 0.0 0.0 0.0 14.6820861 0.0 0.0 0.0 12.26582075" Properties=species:S:1:pos:R:3:GW_charged:R:1:dKS_charged:R:1:dKS_neutral:R:1 pbc="T T T"
 OpenBabel12102411073D
Lattice="14.87808043 0.0 0.0 0.0 14.6820861 0.0 0.0 0.0 12.26582075" Properties=species:S:1:pos:R:3:GW_charged:R:1:dKS_charged:R:1:dKS_neutral:R:1 pbc="T T T"
 23 24  0  0  1  0  0  0  0  0999 V2000
    5.1818    8.8085    5.6133 C   0  0  0  0  0  0  0  0  0  0  0  0
    6.6710    9.2709    5.6499 C   0  0  0  0  0  0  0  0  0  0  0  0
    7.4197    8.0621    6.2185 C   0  0  2  0  0  0  0  0  0  0  0  0
    8.9207    7.9117    6.0121 C   0  0  0  0  0  0  0  0  0  0  0  0
    9.4063    6.6164    6.6968 C   0  0  0  0  0  0  0  0  0  0  0  0
    8.4320    5.4681    6.5976 C   0  0  0  0  0  0  0  0  0  0  0  0
    7.1883    5.5713    6.1050 C   0  0  0  0  0  0  0  0  0  0  0  0
    6.6643    6.8806    5.5961 C   0  0  1  0  0  0  0  0  0  0  0  0
    5.1975    7.2663    5.8358 C   0  0  0  0  0  0  0  0  0  0  0  0
    4.5896    9.3094    6.3900 H   0  0  0  0  0  0  0  0  0  0  0  0
    4.7166    9.0654    4.6525 H   0  0  0  0  0  0  0  0  0  0  0  0
    7.0330    9.4915    4.6331 H   0  0  0  0  0  0  0  0  0  0  0  0
    6.8157   10.1821    6.2455 H   0  0  0  0  0  0  0  0  0  0  0  0
    7.2221    8.0221    7.3074 H   0  0  0  0  0  0  0  0  0  0  0  0
    9.1342    7.8669    4.9309 H   0  0  0  0  0  0  0  0  0  0  0  0
    9.4749    8.7767    6.4065 H   0  0  0  0  0  0  0  0  0  0  0  0
   10.3781    6.3062    6.2792 H   0  0  0  0  0  0  0  0  0  0  0  0
    9.6073    6.8118    7.7658 H   0  0  0  0  0  0  0  0  0  0  0  0
    8.7841    4.5000    6.9638 H   0  0  0  0  0  0  0  0  0  0  0  0
    6.5473    4.6871    6.0524 H   0  0  0  0  0  0  0  0  0  0  0  0
    6.8332    6.9200    4.5000 H   0  0  0  0  0  0  0  0  0  0  0  0
    4.9137    7.0186    6.8701 H   0  0  0  0  0  0  0  0  0  0  0  0
    4.5000    6.7364    5.1735 H   0  0  0  0  0  0  0  0  0  0  0  0
  1  2  1  0  0  0  0
  1  9  1  0  0  0  0
  1 10  1  0  0  0  0
  2  3  1  0  0  0  0
  2 13  1  0  0  0  0
  3 14  1  1  0  0  0
  4  3  1  0  0  0  0
  4 16  1  0  0  0  0
  4  5  1  0  0  0  0
  5 18  1  0  0  0  0
  6  5  1  0  0  0  0
  6 19  1  0  0  0  0
  7  6  2  0  0  0  0
  8 21  1  6  0  0  0
  8  9  1  0  0  0  0
  8  7  1  0  0  0  0
  8  3  1  0  0  0  0
  9 22  1  0  0  0  0
 11  1  1  0  0  0  0
 12  2  1  0  0  0  0
 15  4  1  0  0  0  0
 17  5  1  0  0  0  0
 20  7  1  0  0  0  0
 23  9  1  0  0  0  0
M  END
