Lattice="13.812354039999999 0.0 0.0 0.0 13.59986489 0.0 0.0 0.0 12.76429882" Properties=species:S:1:pos:R:3:GW_charged:R:1:dKS_charged:R:1:dKS_neutral:R:1 pbc="T T T"
 OpenBabel12102409263D
Lattice="13.812354039999999 0.0 0.0 0.0 13.59986489 0.0 0.0 0.0 12.76429882" Properties=species:S:1:pos:R:3:GW_charged:R:1:dKS_charged:R:1:dKS_neutral:R:1 pbc="T T T"
 17 17  0  0  1  0  0  0  0  0999 V2000
    6.6226    8.5591    6.2556 C   0  0  0  0  0  0  0  0  0  0  0  0
    6.1448    7.1179    6.1488 C   0  0  1  0  0  0  0  0  0  0  0  0
    4.7318    7.0567    5.9385 O   0  0  0  0  0  0  0  0  0  0  0  0
    7.0151    6.2209    5.2057 C   0  0  0  0  0  0  0  0  0  0  0  0
    7.6917    5.5986    6.4457 C   0  0  1  0  0  0  0  0  0  0  0  0
    8.9802    6.1920    6.6338 O   0  0  0  0  0  0  0  0  0  0  0  0
    6.5630    6.2020    7.3288 C   0  0  0  0  0  0  0  0  0  0  0  0
    7.7016    8.6032    6.4507 H   0  0  0  0  0  0  0  0  0  0  0  0
    6.4322    9.0999    5.3143 H   0  0  0  0  0  0  0  0  0  0  0  0
    6.0941    9.0762    7.0687 H   0  0  0  0  0  0  0  0  0  0  0  0
    4.5000    7.7109    5.2599 H   0  0  0  0  0  0  0  0  0  0  0  0
    6.3870    5.4971    4.6727 H   0  0  0  0  0  0  0  0  0  0  0  0
    7.6902    6.7218    4.5000 H   0  0  0  0  0  0  0  0  0  0  0  0
    7.7725    4.5000    6.4548 H   0  0  0  0  0  0  0  0  0  0  0  0
    9.3124    5.9142    7.5015 H   0  0  0  0  0  0  0  0  0  0  0  0
    6.8676    6.6907    8.2643 H   0  0  0  0  0  0  0  0  0  0  0  0
    5.7725    5.4702    7.5386 H   0  0  0  0  0  0  0  0  0  0  0  0
  1  8  1  0  0  0  0
  1 10  1  0  0  0  0
  2  3  1  6  0  0  0
  2  1  1  0  0  0  0
  2  7  1  0  0  0  0
  4  2  1  0  0  0  0
  4  5  1  0  0  0  0
  5 14  1  6  0  0  0
  5  6  1  0  0  0  0
  5  7  1  0  0  0  0
  6 15  1  0  0  0  0
  7 17  1  0  0  0  0
  7 16  1  0  0  0  0
  9  1  1  0  0  0  0
 11  3  1  0  0  0  0
 12  4  1  0  0  0  0
 13  4  1  0  0  0  0
M  END
