Lattice="12.63952314 0.0 0.0 0.0 15.4952218 0.0 0.0 0.0 11.92138273" Properties=species:S:1:pos:R:3:GW_charged:R:1:dKS_charged:R:1:dKS_neutral:R:1 pbc="T T T"
 OpenBabel12102409383D
Lattice="12.63952314 0.0 0.0 0.0 15.4952218 0.0 0.0 0.0 11.92138273" Properties=species:S:1:pos:R:3:GW_charged:R:1:dKS_charged:R:1:dKS_neutral:R:1 pbc="T T T"
 17 17  0  0  1  0  0  0  0  0999 V2000
    7.4638   10.5677    6.3825 C   0  0  0  0  0  0  0  0  0  0  0  0
    7.4326    9.1609    6.5461 O   0  0  0  0  0  0  0  0  0  0  0  0
    6.9669    8.4919    5.3854 C   0  0  0  0  0  0  0  0  0  0  0  0
    6.9668    7.0017    5.6683 C   0  0  1  0  0  0  0  0  0  0  0  0
    5.8263    6.4215    6.5287 C   0  0  0  0  0  0  0  0  0  0  0  0
    5.4979    5.5777    5.2844 C   0  0  0  0  0  0  0  0  0  0  0  0
    6.5274    6.2486    4.5000 O   0  0  0  0  0  0  0  0  0  0  0  0
    7.8333   10.9952    7.3217 H   0  0  0  0  0  0  0  0  0  0  0  0
    8.1395   10.8660    5.5599 H   0  0  0  0  0  0  0  0  0  0  0  0
    6.4575   10.9750    6.1724 H   0  0  0  0  0  0  0  0  0  0  0  0
    5.9443    8.8261    5.1181 H   0  0  0  0  0  0  0  0  0  0  0  0
    7.6226    8.6978    4.5158 H   0  0  0  0  0  0  0  0  0  0  0  0
    7.9765    6.6907    5.9881 H   0  0  0  0  0  0  0  0  0  0  0  0
    6.1341    5.8681    7.4214 H   0  0  0  0  0  0  0  0  0  0  0  0
    5.0620    7.1564    6.8072 H   0  0  0  0  0  0  0  0  0  0  0  0
    5.7071    4.5000    5.3785 H   0  0  0  0  0  0  0  0  0  0  0  0
    4.5000    5.7128    4.8405 H   0  0  0  0  0  0  0  0  0  0  0  0
  1  2  1  0  0  0  0
  1  8  1  0  0  0  0
  3  4  1  0  0  0  0
  3  2  1  0  0  0  0
  4 13  1  1  0  0  0
  4  5  1  0  0  0  0
  5 15  1  0  0  0  0
  5 14  1  0  0  0  0
  6 16  1  0  0  0  0
  6  5  1  0  0  0  0
  7  6  1  0  0  0  0
  7  4  1  0  0  0  0
  9  1  1  0  0  0  0
 10  1  1  0  0  0  0
 11  3  1  0  0  0  0
 12  3  1  0  0  0  0
 17  6  1  0  0  0  0
M  END
