Lattice="12.60495377 0.0 0.0 0.0 12.64374336 0.0 0.0 0.0 14.2313826" Properties=species:S:1:pos:R:3:GW_charged:R:1:dKS_charged:R:1:dKS_neutral:R:1 pbc="T T T"
 OpenBabel12102409263D
Lattice="12.60495377 0.0 0.0 0.0 12.64374336 0.0 0.0 0.0 14.2313826" Properties=species:S:1:pos:R:3:GW_charged:R:1:dKS_charged:R:1:dKS_neutral:R:1 pbc="T T T"
 15 15  0  0  1  0  0  0  0  0999 V2000
    5.7353    7.6794    5.7735 C   0  0  0  0  0  0  0  0  0  0  0  0
    5.8116    6.1753    5.8369 C   0  0  1  0  0  0  0  0  0  0  0  0
    4.6263    5.5053    5.4521 O   0  0  0  0  0  0  0  0  0  0  0  0
    7.1088    5.4537    5.5944 C   0  0  0  0  0  0  0  0  0  0  0  0
    6.4985    5.4790    7.0016 C   0  0  1  0  0  0  0  0  0  0  0  0
    7.1173    6.2201    8.0561 C   0  0  0  0  0  0  0  0  0  0  0  0
    7.6432    6.8584    8.9427 C   0  0  0  0  0  0  0  0  0  0  0  0
    6.6463    8.1437    6.1701 H   0  0  0  0  0  0  0  0  0  0  0  0
    5.6060    8.0141    4.7332 H   0  0  0  0  0  0  0  0  0  0  0  0
    4.8815    8.0387    6.3631 H   0  0  0  0  0  0  0  0  0  0  0  0
    4.5000    5.6508    4.5000 H   0  0  0  0  0  0  0  0  0  0  0  0
    7.0672    4.5000    5.0715 H   0  0  0  0  0  0  0  0  0  0  0  0
    8.0104    6.0433    5.4358 H   0  0  0  0  0  0  0  0  0  0  0  0
    6.0058    4.5534    7.3031 H   0  0  0  0  0  0  0  0  0  0  0  0
    8.1050    7.4131    9.7314 H   0  0  0  0  0  0  0  0  0  0  0  0
  1  2  1  0  0  0  0
  1  8  1  0  0  0  0
  1 10  1  0  0  0  0
  2  3  1  6  0  0  0
  2  5  1  0  0  0  0
  4  2  1  0  0  0  0
  4  5  1  0  0  0  0
  5 14  1  1  0  0  0
  5  6  1  0  0  0  0
  6  7  3  0  0  0  0
  7 15  1  0  0  0  0
  9  1  1  0  0  0  0
 11  3  1  0  0  0  0
 12  4  1  0  0  0  0
 13  4  1  0  0  0  0
M  END
