Lattice="12.17484479 0.0 0.0 0.0 13.703705150000001 0.0 0.0 0.0 13.36108864" Properties=species:S:1:pos:R:3:GW_charged:R:1:dKS_charged:R:1:dKS_neutral:R:1 pbc="T T T"
 OpenBabel12102409263D
Lattice="12.17484479 0.0 0.0 0.0 13.703705150000001 0.0 0.0 0.0 13.36108864" Properties=species:S:1:pos:R:3:GW_charged:R:1:dKS_charged:R:1:dKS_neutral:R:1 pbc="T T T"
 16 16  0  0  1  0  0  0  0  0999 V2000
    5.4338    8.6963    5.5749 C   0  0  0  0  0  0  0  0  0  0  0  0
    5.4619    7.2073    5.7904 C   0  0  1  0  0  0  0  0  0  0  0  0
    6.7218    6.5231    5.6165 O   0  0  0  0  0  0  0  0  0  0  0  0
    6.0977    6.5065    6.9289 C   0  0  0  0  0  0  0  0  0  0  0  0
    6.8450    7.2503    8.0123 C   0  0  0  0  0  0  0  0  0  0  0  0
    5.5591    5.1537    7.3413 C   0  0  0  0  0  0  0  0  0  0  0  0
    6.2784    9.2037    6.0545 H   0  0  0  0  0  0  0  0  0  0  0  0
    5.4712    8.9228    4.5000 H   0  0  0  0  0  0  0  0  0  0  0  0
    4.5000    9.1195    5.9730 H   0  0  0  0  0  0  0  0  0  0  0  0
    4.6223    6.6768    5.3199 H   0  0  0  0  0  0  0  0  0  0  0  0
    7.2661    8.1938    7.6498 H   0  0  0  0  0  0  0  0  0  0  0  0
    6.1805    7.4672    8.8611 H   0  0  0  0  0  0  0  0  0  0  0  0
    7.6748    6.6338    8.3869 H   0  0  0  0  0  0  0  0  0  0  0  0
    6.3772    4.5000    7.6771 H   0  0  0  0  0  0  0  0  0  0  0  0
    4.8463    5.2535    8.1727 H   0  0  0  0  0  0  0  0  0  0  0  0
    5.0502    4.6625    6.5030 H   0  0  0  0  0  0  0  0  0  0  0  0
  1  2  1  0  0  0  0
  1  9  1  0  0  0  0
  1  7  1  0  0  0  0
  2 10  1  6  0  0  0
  2  4  1  0  0  0  0
  3  2  1  0  0  0  0
  3  4  1  0  0  0  0
  4  6  1  0  0  0  0
  4  5  1  0  0  0  0
  5 13  1  0  0  0  0
  5 12  1  0  0  0  0
  6 14  1  0  0  0  0
  6 15  1  0  0  0  0
  8  1  1  0  0  0  0
 11  5  1  0  0  0  0
 16  6  1  0  0  0  0
M  END
