Lattice="12.472557909999999 0.0 0.0 0.0 16.89616965 0.0 0.0 0.0 13.277414" Properties=species:S:1:pos:R:3:GW_charged:R:1:dKS_charged:R:1:dKS_neutral:R:1 pbc="T T T"
 OpenBabel12102409393D
Lattice="12.472557909999999 0.0 0.0 0.0 16.89616965 0.0 0.0 0.0 13.277414" Properties=species:S:1:pos:R:3:GW_charged:R:1:dKS_charged:R:1:dKS_neutral:R:1 pbc="T T T"
 17 16  0  0  0  0  0  0  0  0999 V2000
    5.5267   12.0023    7.8490 C   0  0  0  0  0  0  0  0  0  0  0  0
    5.5336   10.4866    7.8758 C   0  0  0  0  0  0  0  0  0  0  0  0
    6.1924   10.0113    6.7052 O   0  0  0  0  0  0  0  0  0  0  0  0
    6.2442    8.5966    6.6481 C   0  0  0  0  0  0  0  0  0  0  0  0
    6.9699    8.2079    5.3564 C   0  0  0  0  0  0  0  0  0  0  0  0
    7.0778    6.7656    5.1991 C   0  0  0  0  0  0  0  0  0  0  0  0
    7.1523    5.5619    5.0963 C   0  0  0  0  0  0  0  0  0  0  0  0
    6.5511   12.3962    7.8281 H   0  0  0  0  0  0  0  0  0  0  0  0
    4.9965   12.3738    6.9625 H   0  0  0  0  0  0  0  0  0  0  0  0
    5.0237   12.3960    8.7423 H   0  0  0  0  0  0  0  0  0  0  0  0
    6.0568   10.1117    8.7774 H   0  0  0  0  0  0  0  0  0  0  0  0
    4.5000   10.0893    7.9103 H   0  0  0  0  0  0  0  0  0  0  0  0
    6.7837    8.1868    7.5234 H   0  0  0  0  0  0  0  0  0  0  0  0
    5.2251    8.1648    6.6546 H   0  0  0  0  0  0  0  0  0  0  0  0
    6.4304    8.6418    4.5000 H   0  0  0  0  0  0  0  0  0  0  0  0
    7.9726    8.6633    5.3599 H   0  0  0  0  0  0  0  0  0  0  0  0
    7.2250    4.5000    4.9938 H   0  0  0  0  0  0  0  0  0  0  0  0
  1  2  1  0  0  0  0
  1 10  1  0  0  0  0
  2 12  1  0  0  0  0
  2 11  1  0  0  0  0
  3  2  1  0  0  0  0
  4 14  1  0  0  0  0
  4  3  1  0  0  0  0
  4 13  1  0  0  0  0
  5 16  1  0  0  0  0
  5  4  1  0  0  0  0
  6  5  1  0  0  0  0
  7  6  3  0  0  0  0
  8  1  1  0  0  0  0
  9  1  1  0  0  0  0
 15  5  1  0  0  0  0
 17  7  1  0  0  0  0
M  END
