Lattice="12.70376923 0.0 0.0 0.0 15.76090623 0.0 0.0 0.0 12.343902289999999" Properties=species:S:1:pos:R:3:GW_charged:R:1:dKS_charged:R:1:dKS_neutral:R:1 pbc="T T T"
 OpenBabel12102409273D
Lattice="12.70376923 0.0 0.0 0.0 15.76090623 0.0 0.0 0.0 12.343902289999999" Properties=species:S:1:pos:R:3:GW_charged:R:1:dKS_charged:R:1:dKS_neutral:R:1 pbc="T T T"
 17 16  0  0  1  0  0  0  0  0999 V2000
    6.5547   10.8441    6.7169 C   0  0  0  0  0  0  0  0  0  0  0  0
    6.5743    9.3899    6.6971 C   0  0  0  0  0  0  0  0  0  0  0  0
    6.5937    8.1768    6.6944 C   0  0  0  0  0  0  0  0  0  0  0  0
    6.5946    6.7157    6.6600 C   0  0  1  0  0  0  0  0  0  0  0  0
    5.1838    6.1364    6.8735 C   0  0  0  0  0  0  0  0  0  0  0  0
    7.2231    6.2329    5.3424 C   0  0  0  0  0  0  0  0  0  0  0  0
    7.3599    4.8100    5.4111 O   0  0  0  0  0  0  0  0  0  0  0  0
    7.1655   11.2403    7.5411 H   0  0  0  0  0  0  0  0  0  0  0  0
    6.9505   11.2609    5.7794 H   0  0  0  0  0  0  0  0  0  0  0  0
    5.5321   11.2274    6.8455 H   0  0  0  0  0  0  0  0  0  0  0  0
    7.2471    6.3473    7.4716 H   0  0  0  0  0  0  0  0  0  0  0  0
    4.5000    6.4919    6.0905 H   0  0  0  0  0  0  0  0  0  0  0  0
    5.2159    5.0409    6.8411 H   0  0  0  0  0  0  0  0  0  0  0  0
    4.7808    6.4511    7.8439 H   0  0  0  0  0  0  0  0  0  0  0  0
    6.5734    6.5328    4.5000 H   0  0  0  0  0  0  0  0  0  0  0  0
    8.2038    6.7211    5.2105 H   0  0  0  0  0  0  0  0  0  0  0  0
    7.7221    4.5000    4.5686 H   0  0  0  0  0  0  0  0  0  0  0  0
  1 10  1  0  0  0  0
  1  8  1  0  0  0  0
  2  1  1  0  0  0  0
  3  2  3  0  0  0  0
  4  3  1  0  0  0  0
  4  5  1  0  0  0  0
  4 11  1  1  0  0  0
  5 14  1  0  0  0  0
  6  7  1  0  0  0  0
  6  4  1  0  0  0  0
  9  1  1  0  0  0  0
 12  5  1  0  0  0  0
 13  5  1  0  0  0  0
 15  6  1  0  0  0  0
 16  6  1  0  0  0  0
 17  7  1  0  0  0  0
M  END
