Lattice="13.69657321 0.0 0.0 0.0 15.32040469 0.0 0.0 0.0 13.26683461" Properties=species:S:1:pos:R:3:GW_charged:R:1:dKS_charged:R:1:dKS_neutral:R:1 pbc="T T T"
 OpenBabel12102409463D
Lattice="13.69657321 0.0 0.0 0.0 15.32040469 0.0 0.0 0.0 13.26683461" Properties=species:S:1:pos:R:3:GW_charged:R:1:dKS_charged:R:1:dKS_neutral:R:1 pbc="T T T"
 19 21  0  0  1  0  0  0  0  0999 V2000
    5.7234    5.5639    5.1419 C   0  0  0  0  0  0  0  0  0  0  0  0
    5.7564    6.7699    5.2536 C   0  0  0  0  0  0  0  0  0  0  0  0
    5.8063    8.2205    5.3912 C   0  0  1  0  0  0  0  0  0  0  0  0
    5.1505    8.7675    6.7072 C   0  0  0  0  0  0  0  0  0  0  0  0
    6.3396    9.2234    7.5560 C   0  0  1  0  0  0  0  0  0  0  0  0
    7.3224    8.0407    7.8408 C   0  0  0  0  0  0  0  0  0  0  0  0
    8.1346    8.4732    6.6219 C   0  0  2  0  0  0  0  0  0  0  0  0
    7.3767    9.7970    6.5475 C   0  0  1  0  0  0  0  0  0  0  0  0
    7.2347    8.7929    5.4423 C   0  0  2  0  0  0  0  0  0  0  0  0
    5.6937    4.5000    5.0408 H   0  0  0  0  0  0  0  0  0  0  0  0
    5.2885    8.6535    4.5204 H   0  0  0  0  0  0  0  0  0  0  0  0
    4.5000    9.6203    6.4642 H   0  0  0  0  0  0  0  0  0  0  0  0
    4.5379    8.0045    7.2045 H   0  0  0  0  0  0  0  0  0  0  0  0
    6.0686    9.8393    8.4201 H   0  0  0  0  0  0  0  0  0  0  0  0
    7.8866    8.2105    8.7668 H   0  0  0  0  0  0  0  0  0  0  0  0
    6.9042    7.0233    7.8537 H   0  0  0  0  0  0  0  0  0  0  0  0
    9.1966    8.2901    6.4627 H   0  0  0  0  0  0  0  0  0  0  0  0
    7.7296   10.8204    6.4428 H   0  0  0  0  0  0  0  0  0  0  0  0
    7.7515    8.9688    4.5000 H   0  0  0  0  0  0  0  0  0  0  0  0
  1  2  3  0  0  0  0
  2  3  1  0  0  0  0
  3 11  1  6  0  0  0
  3  9  1  0  0  0  0
  3  4  1  0  0  0  0
  4 13  1  0  0  0  0
  4  5  1  0  0  0  0
  5  6  1  0  0  0  0
  5 14  1  1  0  0  0
  6 16  1  0  0  0  0
  6 15  1  0  0  0  0
  7 17  1  6  0  0  0
  7  6  1  0  0  0  0
  8 18  1  6  0  0  0
  8  7  1  0  0  0  0
  8  5  1  0  0  0  0
  9 19  1  6  0  0  0
  9  8  1  0  0  0  0
  9  7  1  0  0  0  0
 10  1  1  0  0  0  0
 12  4  1  0  0  0  0
M  END
