Lattice="12.2583353 0.0 0.0 0.0 15.2224889 0.0 0.0 0.0 12.702547469999999" Properties=species:S:1:pos:R:3:GW_charged:R:1:dKS_charged:R:1:dKS_neutral:R:1 pbc="T T T"
 OpenBabel12102409313D
Lattice="12.2583353 0.0 0.0 0.0 15.2224889 0.0 0.0 0.0 12.702547469999999" Properties=species:S:1:pos:R:3:GW_charged:R:1:dKS_charged:R:1:dKS_neutral:R:1 pbc="T T T"
 15 14  0  0  1  0  0  0  0  0999 V2000
    6.7279   10.3222    6.2875 C   0  0  0  0  0  0  0  0  0  0  0  0
    6.7235    8.7998    6.3041 C   0  0  1  0  0  0  0  0  0  0  0  0
    7.4742    8.2675    7.3964 O   0  0  0  0  0  0  0  0  0  0  0  0
    5.2707    8.2356    6.3174 C   0  0  1  0  0  0  0  0  0  0  0  0
    4.5000    8.7574    5.2204 O   0  0  0  0  0  0  0  0  0  0  0  0
    5.2617    6.7770    6.3255 C   0  0  0  0  0  0  0  0  0  0  0  0
    5.2515    5.5687    6.2519 C   0  0  0  0  0  0  0  0  0  0  0  0
    7.7583   10.6950    6.2345 H   0  0  0  0  0  0  0  0  0  0  0  0
    6.1639   10.7081    5.4300 H   0  0  0  0  0  0  0  0  0  0  0  0
    6.2608   10.7225    7.2021 H   0  0  0  0  0  0  0  0  0  0  0  0
    7.2198    8.4096    5.4017 H   0  0  0  0  0  0  0  0  0  0  0  0
    7.2091    8.7396    8.2025 H   0  0  0  0  0  0  0  0  0  0  0  0
    4.7751    8.6068    7.2330 H   0  0  0  0  0  0  0  0  0  0  0  0
    4.5506    8.1093    4.5000 H   0  0  0  0  0  0  0  0  0  0  0  0
    5.2445    4.5000    6.2073 H   0  0  0  0  0  0  0  0  0  0  0  0
  1  2  1  0  0  0  0
  1 10  1  0  0  0  0
  2 11  1  6  0  0  0
  2  4  1  0  0  0  0
  2  3  1  0  0  0  0
  3 12  1  0  0  0  0
  4  6  1  0  0  0  0
  4 13  1  1  0  0  0
  5  4  1  0  0  0  0
  7  6  3  0  0  0  0
  8  1  1  0  0  0  0
  9  1  1  0  0  0  0
 14  5  1  0  0  0  0
 15  7  1  0  0  0  0
M  END
