Lattice="13.83745377 0.0 0.0 0.0 12.76747316 0.0 0.0 0.0 14.35276559" Properties=species:S:1:pos:R:3:GW_charged:R:1:dKS_charged:R:1:dKS_neutral:R:1 pbc="T T T"
 OpenBabel12102411063D
Lattice="13.83745377 0.0 0.0 0.0 12.76747316 0.0 0.0 0.0 14.35276559" Properties=species:S:1:pos:R:3:GW_charged:R:1:dKS_charged:R:1:dKS_neutral:R:1 pbc="T T T"
 21 23  0  0  1  0  0  0  0  0999 V2000
    6.4405    7.5770    7.9058 C   0  0  0  0  0  0  0  0  0  0  0  0
    7.9613    7.4202    7.6776 C   0  0  1  0  0  0  0  0  0  0  0  0
    8.3527    6.5891    8.9280 C   0  0  0  0  0  0  0  0  0  0  0  0
    7.1826    5.5315    8.9428 C   0  0  0  0  0  0  0  0  0  0  0  0
    6.4581    6.0120    7.6855 C   0  0  1  0  0  0  0  0  0  0  0  0
    5.3832    5.3769    6.8668 C   0  0  0  0  0  0  0  0  0  0  0  0
    5.6276    5.5951    5.5618 C   0  0  0  0  0  0  0  0  0  0  0  0
    6.9064    6.3922    5.3294 C   0  0  0  0  0  0  0  0  0  0  0  0
    7.6311    6.2680    6.6853 C   0  0  1  0  0  0  0  0  0  0  0  0
    6.0985    7.9524    8.8806 H   0  0  0  0  0  0  0  0  0  0  0  0
    5.9207    8.1044    7.0990 H   0  0  0  0  0  0  0  0  0  0  0  0
    8.6100    8.2675    7.4238 H   0  0  0  0  0  0  0  0  0  0  0  0
    9.3375    6.1136    8.8207 H   0  0  0  0  0  0  0  0  0  0  0  0
    8.3747    7.2055    9.8369 H   0  0  0  0  0  0  0  0  0  0  0  0
    7.5476    4.5000    8.8453 H   0  0  0  0  0  0  0  0  0  0  0  0
    6.5702    5.5929    9.8528 H   0  0  0  0  0  0  0  0  0  0  0  0
    4.5000    4.8768    7.2637 H   0  0  0  0  0  0  0  0  0  0  0  0
    4.9702    5.2919    4.7457 H   0  0  0  0  0  0  0  0  0  0  0  0
    7.5075    5.9935    4.5000 H   0  0  0  0  0  0  0  0  0  0  0  0
    6.6646    7.4331    5.0532 H   0  0  0  0  0  0  0  0  0  0  0  0
    8.3863    5.4669    6.6363 H   0  0  0  0  0  0  0  0  0  0  0  0
  1 10  1  0  0  0  0
  2 12  1  6  0  0  0
  2  1  1  0  0  0  0
  2  3  1  0  0  0  0
  3  4  1  0  0  0  0
  3 14  1  0  0  0  0
  4 16  1  0  0  0  0
  5  6  1  6  0  0  0
  5  1  1  0  0  0  0
  5  4  1  0  0  0  0
  6 17  1  0  0  0  0
  7  6  2  0  0  0  0
  8  7  1  0  0  0  0
  8  9  1  0  0  0  0
  9 21  1  1  0  0  0
  9  2  1  0  0  0  0
  9  5  1  0  0  0  0
 11  1  1  0  0  0  0
 13  3  1  0  0  0  0
 15  4  1  0  0  0  0
 18  7  1  0  0  0  0
 19  8  1  0  0  0  0
 20  8  1  0  0  0  0
M  END
