Lattice="12.741303550000001 0.0 0.0 0.0 14.860430690000001 0.0 0.0 0.0 13.26997389" Properties=species:S:1:pos:R:3:GW_charged:R:1:dKS_charged:R:1:dKS_neutral:R:1 pbc="T T T"
 OpenBabel12102409263D
Lattice="12.741303550000001 0.0 0.0 0.0 14.860430690000001 0.0 0.0 0.0 13.26997389" Properties=species:S:1:pos:R:3:GW_charged:R:1:dKS_charged:R:1:dKS_neutral:R:1 pbc="T T T"
 21 20  0  0  0  0  0  0  0  0999 V2000
    5.2631    9.8191    5.3382 C   0  0  0  0  0  0  0  0  0  0  0  0
    5.4790    8.3083    5.4315 C   0  0  0  0  0  0  0  0  0  0  0  0
    6.2319    7.8107    6.6884 C   0  0  0  0  0  0  0  0  0  0  0  0
    7.6140    8.4516    6.8158 C   0  0  0  0  0  0  0  0  0  0  0  0
    5.5222    8.2208    7.8821 O   0  0  0  0  0  0  0  0  0  0  0  0
    6.3153    6.2667    6.6302 C   0  0  0  0  0  0  0  0  0  0  0  0
    6.9952    5.5904    7.8210 C   0  0  0  0  0  0  0  0  0  0  0  0
    6.2043   10.3604    5.1740 H   0  0  0  0  0  0  0  0  0  0  0  0
    4.5970   10.0636    4.5000 H   0  0  0  0  0  0  0  0  0  0  0  0
    4.8084   10.2106    6.2577 H   0  0  0  0  0  0  0  0  0  0  0  0
    4.5000    7.7976    5.4122 H   0  0  0  0  0  0  0  0  0  0  0  0
    6.0165    7.9493    4.5388 H   0  0  0  0  0  0  0  0  0  0  0  0
    7.5299    9.5428    6.8808 H   0  0  0  0  0  0  0  0  0  0  0  0
    8.1188    8.1048    7.7251 H   0  0  0  0  0  0  0  0  0  0  0  0
    8.2413    8.2002    5.9501 H   0  0  0  0  0  0  0  0  0  0  0  0
    4.6331    7.8327    7.8415 H   0  0  0  0  0  0  0  0  0  0  0  0
    5.2830    5.8860    6.5346 H   0  0  0  0  0  0  0  0  0  0  0  0
    6.8230    5.9804    5.6949 H   0  0  0  0  0  0  0  0  0  0  0  0
    6.5610    5.9318    8.7700 H   0  0  0  0  0  0  0  0  0  0  0  0
    6.8759    4.5000    7.7666 H   0  0  0  0  0  0  0  0  0  0  0  0
    8.0730    5.7982    7.8527 H   0  0  0  0  0  0  0  0  0  0  0  0
  1  2  1  0  0  0  0
  1 10  1  0  0  0  0
  2  3  1  0  0  0  0
  3  4  1  0  0  0  0
  3  5  1  0  0  0  0
  4 13  1  0  0  0  0
  4 14  1  0  0  0  0
  6  3  1  0  0  0  0
  6  7  1  0  0  0  0
  7 21  1  0  0  0  0
  7 19  1  0  0  0  0
  8  1  1  0  0  0  0
  9  1  1  0  0  0  0
 11  2  1  0  0  0  0
 12  2  1  0  0  0  0
 15  4  1  0  0  0  0
 16  5  1  0  0  0  0
 17  6  1  0  0  0  0
 18  6  1  0  0  0  0
 20  7  1  0  0  0  0
M  END
