Lattice="13.16079476 0.0 0.0 0.0 15.01149956 0.0 0.0 0.0 13.44961604" Properties=species:S:1:pos:R:3:GW_charged:R:1:dKS_charged:R:1:dKS_neutral:R:1 pbc="T T T"
 OpenBabel12102411063D
Lattice="13.16079476 0.0 0.0 0.0 15.01149956 0.0 0.0 0.0 13.44961604" Properties=species:S:1:pos:R:3:GW_charged:R:1:dKS_charged:R:1:dKS_neutral:R:1 pbc="T T T"
 23 25  0  0  1  0  0  0  0  0999 V2000
    5.8540    9.9925    5.5683 C   0  0  0  0  0  0  0  0  0  0  0  0
    7.2380   10.1018    6.1613 C   0  0  0  0  0  0  0  0  0  0  0  0
    6.5826    8.7469    6.0190 C   0  0  0  0  0  0  0  0  0  0  0  0
    6.1136    8.0294    7.2457 C   0  0  1  0  0  0  0  0  0  0  0  0
    5.3775    6.7043    7.2720 C   0  0  1  0  0  0  0  0  0  0  0  0
    5.4398    5.7734    6.0703 C   0  0  0  0  0  0  0  0  0  0  0  0
    6.9424    5.5431    5.7670 C   0  0  0  0  0  0  0  0  0  0  0  0
    7.7171    5.9524    7.0457 C   0  0  0  0  0  0  0  0  0  0  0  0
    6.7712    6.8138    7.8689 C   0  0  1  0  0  0  0  0  0  0  0  0
    5.0125   10.3285    6.1738 H   0  0  0  0  0  0  0  0  0  0  0  0
    5.7321   10.1654    4.5000 H   0  0  0  0  0  0  0  0  0  0  0  0
    8.0675   10.3498    5.5007 H   0  0  0  0  0  0  0  0  0  0  0  0
    7.3303   10.5115    7.1669 H   0  0  0  0  0  0  0  0  0  0  0  0
    6.9765    8.1293    5.2134 H   0  0  0  0  0  0  0  0  0  0  0  0
    5.7362    8.7284    7.9986 H   0  0  0  0  0  0  0  0  0  0  0  0
    4.5000    6.6346    7.9153 H   0  0  0  0  0  0  0  0  0  0  0  0
    4.9505    4.8252    6.3384 H   0  0  0  0  0  0  0  0  0  0  0  0
    4.9034    6.1687    5.1947 H   0  0  0  0  0  0  0  0  0  0  0  0
    7.1432    4.5000    5.4893 H   0  0  0  0  0  0  0  0  0  0  0  0
    7.2614    6.1510    4.9106 H   0  0  0  0  0  0  0  0  0  0  0  0
    7.9827    5.0634    7.6370 H   0  0  0  0  0  0  0  0  0  0  0  0
    8.6608    6.4639    6.8040 H   0  0  0  0  0  0  0  0  0  0  0  0
    6.9151    6.8244    8.9496 H   0  0  0  0  0  0  0  0  0  0  0  0
  1  3  1  0  0  0  0
  1  2  1  0  0  0  0
  1 10  1  0  0  0  0
  2 13  1  0  0  0  0
  3  2  1  0  0  0  0
  3  4  1  0  0  0  0
  4  5  1  0  0  0  0
  4  9  1  0  0  0  0
  4 15  1  1  0  0  0
  5  9  1  0  0  0  0
  5 16  1  1  0  0  0
  6 17  1  0  0  0  0
  6  5  1  0  0  0  0
  7  6  1  0  0  0  0
  7  8  1  0  0  0  0
  8 21  1  0  0  0  0
  8  9  1  0  0  0  0
  9 23  1  1  0  0  0
 11  1  1  0  0  0  0
 12  2  1  0  0  0  0
 14  3  1  0  0  0  0
 18  6  1  0  0  0  0
 19  7  1  0  0  0  0
 20  7  1  0  0  0  0
 22  8  1  0  0  0  0
M  END
