Lattice="13.75345617 0.0 0.0 0.0 13.38410908 0.0 0.0 0.0 13.79393806" Properties=species:S:1:pos:R:3:GW_charged:R:1:dKS_charged:R:1:dKS_neutral:R:1 pbc="T T T"
 OpenBabel12102411063D
Lattice="13.75345617 0.0 0.0 0.0 13.38410908 0.0 0.0 0.0 13.79393806" Properties=species:S:1:pos:R:3:GW_charged:R:1:dKS_charged:R:1:dKS_neutral:R:1 pbc="T T T"
 21 24  0  0  1  0  0  0  0  0999 V2000
    5.3567    8.1717    6.3981 C   0  0  0  0  0  0  0  0  0  0  0  0
    6.9074    8.1039    6.2859 C   0  0  1  0  0  0  0  0  0  0  0  0
    7.4833    7.9945    7.7035 C   0  0  0  0  0  0  0  0  0  0  0  0
    7.2529    6.5615    8.2002 C   0  0  2  0  0  0  0  0  0  0  0  0
    8.2789    5.6324    7.4888 C   0  0  0  0  0  0  0  0  0  0  0  0
    7.2220    5.4286    6.3999 C   0  0  2  0  0  0  0  0  0  0  0  0
    6.7597    6.6802    5.5895 C   0  0  1  0  0  0  0  0  0  0  0  0
    5.3591    6.6450    6.2829 C   0  0  1  0  0  0  0  0  0  0  0  0
    6.0882    5.8311    7.3979 C   0  0  2  0  0  0  0  0  0  0  0  0
    4.9396    8.6486    7.2980 H   0  0  0  0  0  0  0  0  0  0  0  0
    4.8949    8.6218    5.5079 H   0  0  0  0  0  0  0  0  0  0  0  0
    7.3964    8.8841    5.6897 H   0  0  0  0  0  0  0  0  0  0  0  0
    8.5616    8.2143    7.7297 H   0  0  0  0  0  0  0  0  0  0  0  0
    6.9929    8.7395    8.3486 H   0  0  0  0  0  0  0  0  0  0  0  0
    7.1995    6.4963    9.2939 H   0  0  0  0  0  0  0  0  0  0  0  0
    9.2535    6.0707    7.2255 H   0  0  0  0  0  0  0  0  0  0  0  0
    8.4447    4.6966    8.0410 H   0  0  0  0  0  0  0  0  0  0  0  0
    7.1912    4.5000    5.8141 H   0  0  0  0  0  0  0  0  0  0  0  0
    6.8842    6.6923    4.5000 H   0  0  0  0  0  0  0  0  0  0  0  0
    4.5000    6.1130    5.8525 H   0  0  0  0  0  0  0  0  0  0  0  0
    5.5235    5.0967    7.9848 H   0  0  0  0  0  0  0  0  0  0  0  0
  1 10  1  0  0  0  0
  2 12  1  6  0  0  0
  2  1  1  0  0  0  0
  2  3  1  0  0  0  0
  3 13  1  0  0  0  0
  3  4  1  0  0  0  0
  3 14  1  0  0  0  0
  4 15  1  1  0  0  0
  5 17  1  0  0  0  0
  5  4  1  0  0  0  0
  6 18  1  6  0  0  0
  6  9  1  0  0  0  0
  6  5  1  0  0  0  0
  7 19  1  6  0  0  0
  7  8  1  0  0  0  0
  7  2  1  0  0  0  0
  7  6  1  0  0  0  0
  8 20  1  6  0  0  0
  8  1  1  0  0  0  0
  8  9  1  0  0  0  0
  9 21  1  1  0  0  0
  9  4  1  0  0  0  0
 11  1  1  0  0  0  0
 16  5  1  0  0  0  0
M  END
