Lattice="11.84388875 0.0 0.0 0.0 13.67308898 0.0 0.0 0.0 13.521213060000001" Properties=species:S:1:pos:R:3:GW_charged:R:1:dKS_charged:R:1:dKS_neutral:R:1 pbc="T T T"
 OpenBabel12102409263D
Lattice="11.84388875 0.0 0.0 0.0 13.67308898 0.0 0.0 0.0 13.521213060000001" Properties=species:S:1:pos:R:3:GW_charged:R:1:dKS_charged:R:1:dKS_neutral:R:1 pbc="T T T"
 16 16  0  0  1  0  0  0  0  0999 V2000
    5.2727    8.6416    8.0452 C   0  0  0  0  0  0  0  0  0  0  0  0
    5.4746    7.1262    8.1004 C   0  0  0  0  0  0  0  0  0  0  0  0
    6.2629    6.5891    6.9228 C   0  0  1  0  0  0  0  0  0  0  0  0
    6.3484    5.0626    6.7136 C   0  0  0  0  0  0  0  0  0  0  0  0
    5.8148    5.3622    5.3032 C   0  0  0  0  0  0  0  0  0  0  0  0
    5.5661    6.7535    5.6429 O   0  0  0  0  0  0  0  0  0  0  0  0
    6.2353    9.1731    8.0582 H   0  0  0  0  0  0  0  0  0  0  0  0
    4.7433    8.9306    7.1278 H   0  0  0  0  0  0  0  0  0  0  0  0
    4.6839    8.9969    8.9012 H   0  0  0  0  0  0  0  0  0  0  0  0
    6.0129    6.8430    9.0212 H   0  0  0  0  0  0  0  0  0  0  0  0
    4.5000    6.6129    8.1319 H   0  0  0  0  0  0  0  0  0  0  0  0
    7.2508    7.0861    6.8708 H   0  0  0  0  0  0  0  0  0  0  0  0
    7.3439    4.6109    6.7821 H   0  0  0  0  0  0  0  0  0  0  0  0
    5.6497    4.5000    7.3455 H   0  0  0  0  0  0  0  0  0  0  0  0
    6.5659    5.2733    4.5000 H   0  0  0  0  0  0  0  0  0  0  0  0
    4.8937    4.8477    4.9917 H   0  0  0  0  0  0  0  0  0  0  0  0
  1  7  1  0  0  0  0
  1  2  1  0  0  0  0
  1  9  1  0  0  0  0
  2 11  1  0  0  0  0
  2 10  1  0  0  0  0
  3 12  1  6  0  0  0
  3  2  1  0  0  0  0
  4 13  1  0  0  0  0
  4  3  1  0  0  0  0
  4 14  1  0  0  0  0
  5  6  1  0  0  0  0
  5  4  1  0  0  0  0
  6  3  1  0  0  0  0
  8  1  1  0  0  0  0
 15  5  1  0  0  0  0
 16  5  1  0  0  0  0
M  END
