Lattice="12.273581029999999 0.0 0.0 0.0 16.12190342 0.0 0.0 0.0 12.68447728" Properties=species:S:1:pos:R:3:GW_charged:R:1:dKS_charged:R:1:dKS_neutral:R:1 pbc="T T T"
 OpenBabel12102409403D
Lattice="12.273581029999999 0.0 0.0 0.0 16.12190342 0.0 0.0 0.0 12.68447728" Properties=species:S:1:pos:R:3:GW_charged:R:1:dKS_charged:R:1:dKS_neutral:R:1 pbc="T T T"
 18 18  0  0  0  0  0  0  0  0999 V2000
    5.3888   11.1614    5.4611 C   0  0  0  0  0  0  0  0  0  0  0  0
    5.4839    9.6359    5.4469 C   0  0  0  0  0  0  0  0  0  0  0  0
    5.9874    9.0538    6.7794 C   0  0  0  0  0  0  0  0  0  0  0  0
    6.0922    7.5595    6.7772 C   0  0  0  0  0  0  0  0  0  0  0  0
    5.3232    6.6728    7.4774 C   0  0  0  0  0  0  0  0  0  0  0  0
    5.6889    5.3803    7.2083 O   0  0  0  0  0  0  0  0  0  0  0  0
    6.7171    5.4498    6.3112 C   0  0  0  0  0  0  0  0  0  0  0  0
    7.0031    6.7485    6.0131 C   0  0  0  0  0  0  0  0  0  0  0  0
    6.3681   11.6219    5.6579 H   0  0  0  0  0  0  0  0  0  0  0  0
    5.0266   11.5505    4.5000 H   0  0  0  0  0  0  0  0  0  0  0  0
    4.6981   11.5119    6.2421 H   0  0  0  0  0  0  0  0  0  0  0  0
    4.5000    9.1969    5.2193 H   0  0  0  0  0  0  0  0  0  0  0  0
    6.1536    9.3111    4.6350 H   0  0  0  0  0  0  0  0  0  0  0  0
    6.9724    9.4923    7.0125 H   0  0  0  0  0  0  0  0  0  0  0  0
    5.3141    9.3697    7.5917 H   0  0  0  0  0  0  0  0  0  0  0  0
    4.5110    6.7945    8.1845 H   0  0  0  0  0  0  0  0  0  0  0  0
    7.1291    4.5000    5.9930 H   0  0  0  0  0  0  0  0  0  0  0  0
    7.7736    7.0956    5.3324 H   0  0  0  0  0  0  0  0  0  0  0  0
  1  9  1  0  0  0  0
  1 11  1  0  0  0  0
  2  1  1  0  0  0  0
  2  3  1  0  0  0  0
  3 14  1  0  0  0  0
  3 15  1  0  0  0  0
  4  3  1  0  0  0  0
  4  5  2  0  0  0  0
  5 16  1  0  0  0  0
  6  5  1  0  0  0  0
  7  6  1  0  0  0  0
  8  7  2  0  0  0  0
  8  4  1  0  0  0  0
 10  1  1  0  0  0  0
 12  2  1  0  0  0  0
 13  2  1  0  0  0  0
 17  7  1  0  0  0  0
 18  8  1  0  0  0  0
M  END
