Lattice="13.55842926 0.0 0.0 0.0 12.78888721 0.0 0.0 0.0 14.26372287" Properties=species:S:1:pos:R:3:GW_charged:R:1:dKS_charged:R:1:dKS_neutral:R:1 pbc="T T T"
 OpenBabel12102409403D
Lattice="13.55842926 0.0 0.0 0.0 12.78888721 0.0 0.0 0.0 14.26372287" Properties=species:S:1:pos:R:3:GW_charged:R:1:dKS_charged:R:1:dKS_neutral:R:1 pbc="T T T"
 18 17  0  0  0  0  0  0  0  0999 V2000
    7.5444    7.7917    7.6620 C   0  0  0  0  0  0  0  0  0  0  0  0
    7.3417    6.2593    7.6023 C   0  0  0  0  0  0  0  0  0  0  0  0
    7.9827    5.5882    8.8382 C   0  0  0  0  0  0  0  0  0  0  0  0
    5.8214    5.8824    7.5159 C   0  0  0  0  0  0  0  0  0  0  0  0
    5.0075    6.3373    8.7024 C   0  0  0  0  0  0  0  0  0  0  0  0
    4.5000    5.5871    9.5107 O   0  0  0  0  0  0  0  0  0  0  0  0
    7.9817    5.7450    6.3882 C   0  0  0  0  0  0  0  0  0  0  0  0
    8.5099    5.3207    5.3846 C   0  0  0  0  0  0  0  0  0  0  0  0
    8.6148    8.0292    7.6255 H   0  0  0  0  0  0  0  0  0  0  0  0
    7.0580    8.2889    6.8130 H   0  0  0  0  0  0  0  0  0  0  0  0
    7.1372    8.2084    8.5929 H   0  0  0  0  0  0  0  0  0  0  0  0
    7.5257    5.9643    9.7637 H   0  0  0  0  0  0  0  0  0  0  0  0
    7.8481    4.5000    8.8080 H   0  0  0  0  0  0  0  0  0  0  0  0
    9.0584    5.8010    8.8709 H   0  0  0  0  0  0  0  0  0  0  0  0
    5.4046    6.3558    6.6121 H   0  0  0  0  0  0  0  0  0  0  0  0
    5.7209    4.7940    7.4199 H   0  0  0  0  0  0  0  0  0  0  0  0
    4.8778    7.4448    8.8095 H   0  0  0  0  0  0  0  0  0  0  0  0
    8.9789    4.9448    4.5000 H   0  0  0  0  0  0  0  0  0  0  0  0
  1 11  1  0  0  0  0
  2  1  1  0  0  0  0
  2  3  1  0  0  0  0
  3 14  1  0  0  0  0
  3 12  1  0  0  0  0
  4  2  1  0  0  0  0
  4  5  1  0  0  0  0
  5 17  1  0  0  0  0
  5  6  2  0  0  0  0
  7  2  1  0  0  0  0
  8  7  3  0  0  0  0
  9  1  1  0  0  0  0
 10  1  1  0  0  0  0
 13  3  1  0  0  0  0
 15  4  1  0  0  0  0
 16  4  1  0  0  0  0
 18  8  1  0  0  0  0
M  END
