Lattice="13.02410056 0.0 0.0 0.0 14.34777765 0.0 0.0 0.0 13.31771617" Properties=species:S:1:pos:R:3:GW_charged:R:1:dKS_charged:R:1:dKS_neutral:R:1 pbc="T T T"
 OpenBabel12102409373D
Lattice="13.02410056 0.0 0.0 0.0 14.34777765 0.0 0.0 0.0 13.31771617" Properties=species:S:1:pos:R:3:GW_charged:R:1:dKS_charged:R:1:dKS_neutral:R:1 pbc="T T T"
 19 19  0  0  1  0  0  0  0  0999 V2000
    5.4817    9.4162    6.6475 C   0  0  0  0  0  0  0  0  0  0  0  0
    5.5438    7.8826    6.6454 C   0  0  1  0  0  0  0  0  0  0  0  0
    6.1994    7.3415    5.3646 C   0  0  0  0  0  0  0  0  0  0  0  0
    6.5158    5.8474    5.4751 C   0  0  0  0  0  0  0  0  0  0  0  0
    7.4921    5.5757    6.6266 C   0  0  0  0  0  0  0  0  0  0  0  0
    7.1369    6.3566    7.8621 C   0  0  0  0  0  0  0  0  0  0  0  0
    6.2542    7.3640    7.8725 C   0  0  0  0  0  0  0  0  0  0  0  0
    6.4934    9.8478    6.6403 H   0  0  0  0  0  0  0  0  0  0  0  0
    4.9473    9.7915    5.7630 H   0  0  0  0  0  0  0  0  0  0  0  0
    4.9628    9.7953    7.5393 H   0  0  0  0  0  0  0  0  0  0  0  0
    4.5000    7.5133    6.6792 H   0  0  0  0  0  0  0  0  0  0  0  0
    5.5475    7.5387    4.5000 H   0  0  0  0  0  0  0  0  0  0  0  0
    7.1348    7.8993    5.1839 H   0  0  0  0  0  0  0  0  0  0  0  0
    5.5807    5.2918    5.6547 H   0  0  0  0  0  0  0  0  0  0  0  0
    6.9272    5.4679    4.5284 H   0  0  0  0  0  0  0  0  0  0  0  0
    7.5149    4.5000    6.8641 H   0  0  0  0  0  0  0  0  0  0  0  0
    8.5241    5.8259    6.3197 H   0  0  0  0  0  0  0  0  0  0  0  0
    7.6292    6.0686    8.7946 H   0  0  0  0  0  0  0  0  0  0  0  0
    6.0305    7.8678    8.8177 H   0  0  0  0  0  0  0  0  0  0  0  0
  1 10  1  0  0  0  0
  2  1  1  0  0  0  0
  2 11  1  1  0  0  0
  2  7  1  0  0  0  0
  3  4  1  0  0  0  0
  3  2  1  0  0  0  0
  4 14  1  0  0  0  0
  4  5  1  0  0  0  0
  5 16  1  0  0  0  0
  5  6  1  0  0  0  0
  6  7  2  0  0  0  0
  6 18  1  0  0  0  0
  7 19  1  0  0  0  0
  8  1  1  0  0  0  0
  9  1  1  0  0  0  0
 12  3  1  0  0  0  0
 13  3  1  0  0  0  0
 15  4  1  0  0  0  0
 17  5  1  0  0  0  0
M  END
