Lattice="13.95298254 0.0 0.0 0.0 13.239527840000001 0.0 0.0 0.0 14.49132495" Properties=species:S:1:pos:R:3:GW_charged:R:1:dKS_charged:R:1:dKS_neutral:R:1 pbc="T T T"
 OpenBabel12102411043D
Lattice="13.95298254 0.0 0.0 0.0 13.239527840000001 0.0 0.0 0.0 14.49132495" Properties=species:S:1:pos:R:3:GW_charged:R:1:dKS_charged:R:1:dKS_neutral:R:1 pbc="T T T"
 21 23  0  0  1  0  0  0  0  0999 V2000
    6.6448    8.2088    5.4856 C   0  0  0  0  0  0  0  0  0  0  0  0
    7.9299    7.4030    5.4052 C   0  0  1  0  0  0  0  0  0  0  0  0
    8.5455    7.1274    6.7378 C   0  0  0  0  0  0  0  0  0  0  0  0
    7.7561    6.3330    7.4773 C   0  0  0  0  0  0  0  0  0  0  0  0
    7.6212    6.0080    8.9399 C   0  0  0  0  0  0  0  0  0  0  0  0
    6.1222    5.5949    9.0843 C   0  0  0  0  0  0  0  0  0  0  0  0
    5.4217    6.0759    7.7898 C   0  0  0  0  0  0  0  0  0  0  0  0
    6.5148    5.8962    6.7210 C   0  0  1  0  0  0  0  0  0  0  0  0
    6.5680    6.7031    5.4329 C   0  0  1  0  0  0  0  0  0  0  0  0
    6.4363    8.7277    6.4216 H   0  0  0  0  0  0  0  0  0  0  0  0
    6.3232    8.7395    4.5897 H   0  0  0  0  0  0  0  0  0  0  0  0
    8.5342    7.4641    4.5000 H   0  0  0  0  0  0  0  0  0  0  0  0
    9.4530    7.6246    7.0814 H   0  0  0  0  0  0  0  0  0  0  0  0
    8.2904    5.1922    9.2525 H   0  0  0  0  0  0  0  0  0  0  0  0
    7.8702    6.8754    9.5674 H   0  0  0  0  0  0  0  0  0  0  0  0
    6.0457    4.5000    9.1571 H   0  0  0  0  0  0  0  0  0  0  0  0
    5.6593    6.0045    9.9913 H   0  0  0  0  0  0  0  0  0  0  0  0
    4.5000    5.5184    7.5766 H   0  0  0  0  0  0  0  0  0  0  0  0
    5.1555    7.1412    7.8702 H   0  0  0  0  0  0  0  0  0  0  0  0
    6.5807    4.8185    6.4753 H   0  0  0  0  0  0  0  0  0  0  0  0
    6.1711    6.2601    4.5215 H   0  0  0  0  0  0  0  0  0  0  0  0
  1 10  1  0  0  0  0
  2 12  1  6  0  0  0
  2  9  1  0  0  0  0
  2  1  1  0  0  0  0
  2  3  1  0  0  0  0
  3 13  1  0  0  0  0
  3  4  2  0  0  0  0
  4  5  1  0  0  0  0
  5  6  1  0  0  0  0
  5 14  1  0  0  0  0
  5 15  1  0  0  0  0
  6 16  1  0  0  0  0
  6 17  1  0  0  0  0
  7 19  1  0  0  0  0
  7  6  1  0  0  0  0
  8 20  1  6  0  0  0
  8  4  1  0  0  0  0
  8  7  1  0  0  0  0
  9 21  1  6  0  0  0
  9  1  1  0  0  0  0
  9  8  1  0  0  0  0
 11  1  1  0  0  0  0
 18  7  1  0  0  0  0
M  END
