Lattice="13.04232258 0.0 0.0 0.0 13.84713107 0.0 0.0 0.0 14.06707044" Properties=species:S:1:pos:R:3:GW_charged:R:1:dKS_charged:R:1:dKS_neutral:R:1 pbc="T T T"
 OpenBabel12102411063D
Lattice="13.04232258 0.0 0.0 0.0 13.84713107 0.0 0.0 0.0 14.06707044" Properties=species:S:1:pos:R:3:GW_charged:R:1:dKS_charged:R:1:dKS_neutral:R:1 pbc="T T T"
 23 25  0  0  1  0  0  0  0  0999 V2000
    5.3039    8.0923    6.1661 C   0  0  0  0  0  0  0  0  0  0  0  0
    6.8641    8.0714    6.0908 C   0  0  1  0  0  0  0  0  0  0  0  0
    7.5796    8.2809    7.4350 C   0  0  0  0  0  0  0  0  0  0  0  0
    6.7555    7.8952    8.6777 C   0  0  0  0  0  0  0  0  0  0  0  0
    6.0981    6.4894    8.6978 C   0  0  0  0  0  0  0  0  0  0  0  0
    5.8912    5.7693    7.3601 C   0  0  2  0  0  0  0  0  0  0  0  0
    7.2003    5.4921    6.5546 C   0  0  0  0  0  0  0  0  0  0  0  0
    6.7831    6.5852    5.5655 C   0  0  1  0  0  0  0  0  0  0  0  0
    5.3189    6.5570    6.1139 C   0  0  2  0  0  0  0  0  0  0  0  0
    4.8198    8.5967    7.0132 H   0  0  0  0  0  0  0  0  0  0  0  0
    4.8719    8.4975    5.2402 H   0  0  0  0  0  0  0  0  0  0  0  0
    7.2910    8.7581    5.3476 H   0  0  0  0  0  0  0  0  0  0  0  0
    8.5423    7.7451    7.4212 H   0  0  0  0  0  0  0  0  0  0  0  0
    7.8367    9.3471    7.5326 H   0  0  0  0  0  0  0  0  0  0  0  0
    7.3940    8.0011    9.5671 H   0  0  0  0  0  0  0  0  0  0  0  0
    5.9681    8.6522    8.7999 H   0  0  0  0  0  0  0  0  0  0  0  0
    6.7080    5.8126    9.3176 H   0  0  0  0  0  0  0  0  0  0  0  0
    5.1291    6.5683    9.2150 H   0  0  0  0  0  0  0  0  0  0  0  0
    5.3122    4.8574    7.5625 H   0  0  0  0  0  0  0  0  0  0  0  0
    8.1568    5.5974    7.0873 H   0  0  0  0  0  0  0  0  0  0  0  0
    7.1829    4.5000    6.0823 H   0  0  0  0  0  0  0  0  0  0  0  0
    7.0207    6.4712    4.5000 H   0  0  0  0  0  0  0  0  0  0  0  0
    4.5000    6.0364    5.6006 H   0  0  0  0  0  0  0  0  0  0  0  0
  1 10  1  0  0  0  0
  2 12  1  6  0  0  0
  2  1  1  0  0  0  0
  2  3  1  0  0  0  0
  3 14  1  0  0  0  0
  3  4  1  0  0  0  0
  4  5  1  0  0  0  0
  4 16  1  0  0  0  0
  4 15  1  0  0  0  0
  5 18  1  0  0  0  0
  5 17  1  0  0  0  0
  6 19  1  1  0  0  0
  6  5  1  0  0  0  0
  7 20  1  0  0  0  0
  7  6  1  0  0  0  0
  8 22  1  6  0  0  0
  8  2  1  0  0  0  0
  8  9  1  0  0  0  0
  8  7  1  0  0  0  0
  9 23  1  6  0  0  0
  9  1  1  0  0  0  0
  9  6  1  0  0  0  0
 11  1  1  0  0  0  0
 13  3  1  0  0  0  0
 21  7  1  0  0  0  0
M  END
