Lattice="13.548984220000001 0.0 0.0 0.0 15.7305671 0.0 0.0 0.0 11.85221643" Properties=species:S:1:pos:R:3:GW_charged:R:1:dKS_charged:R:1:dKS_neutral:R:1 pbc="T T T"
 OpenBabel12102409273D
Lattice="13.548984220000001 0.0 0.0 0.0 15.7305671 0.0 0.0 0.0 11.85221643" Properties=species:S:1:pos:R:3:GW_charged:R:1:dKS_charged:R:1:dKS_neutral:R:1 pbc="T T T"
 19 18  0  0  1  0  0  0  0  0999 V2000
    5.8225   10.7522    6.1655 C   0  0  0  0  0  0  0  0  0  0  0  0
    5.7318    9.3658    6.4361 O   0  0  0  0  0  0  0  0  0  0  0  0
    6.8178    8.6396    5.8827 C   0  0  0  0  0  0  0  0  0  0  0  0
    6.6404    7.1585    6.2117 C   0  0  1  0  0  0  0  0  0  0  0  0
    5.3717    6.5734    5.5970 C   0  0  0  0  0  0  0  0  0  0  0  0
    7.8352    6.5336    5.7316 O   0  0  0  0  0  0  0  0  0  0  0  0
    8.0549    5.2323    6.2465 C   0  0  0  0  0  0  0  0  0  0  0  0
    5.8137   10.9558    5.0786 H   0  0  0  0  0  0  0  0  0  0  0  0
    4.9502   11.2306    6.6258 H   0  0  0  0  0  0  0  0  0  0  0  0
    6.7423   11.1917    6.5942 H   0  0  0  0  0  0  0  0  0  0  0  0
    6.8602    8.7739    4.7832 H   0  0  0  0  0  0  0  0  0  0  0  0
    7.7804    8.9890    6.3009 H   0  0  0  0  0  0  0  0  0  0  0  0
    6.5963    7.0565    7.3146 H   0  0  0  0  0  0  0  0  0  0  0  0
    5.2146    5.5299    5.8992 H   0  0  0  0  0  0  0  0  0  0  0  0
    4.5000    7.1540    5.9243 H   0  0  0  0  0  0  0  0  0  0  0  0
    5.4282    6.6146    4.5000 H   0  0  0  0  0  0  0  0  0  0  0  0
    7.3137    4.5000    5.8818 H   0  0  0  0  0  0  0  0  0  0  0  0
    9.0490    4.9203    5.9054 H   0  0  0  0  0  0  0  0  0  0  0  0
    8.0376    5.2278    7.3522 H   0  0  0  0  0  0  0  0  0  0  0  0
  1  2  1  0  0  0  0
  1 10  1  0  0  0  0
  1  9  1  0  0  0  0
  3  4  1  0  0  0  0
  3 12  1  0  0  0  0
  3  2  1  0  0  0  0
  4 13  1  1  0  0  0
  5 14  1  0  0  0  0
  5 15  1  0  0  0  0
  5  4  1  0  0  0  0
  6  4  1  0  0  0  0
  6  7  1  0  0  0  0
  7 19  1  0  0  0  0
  8  1  1  0  0  0  0
 11  3  1  0  0  0  0
 16  5  1  0  0  0  0
 17  7  1  0  0  0  0
 18  7  1  0  0  0  0
M  END
