Lattice="13.831701429999999 0.0 0.0 0.0 13.50184586 0.0 0.0 0.0 14.37455518" Properties=species:S:1:pos:R:3:GW_charged:R:1:dKS_charged:R:1:dKS_neutral:R:1 pbc="T T T"
 OpenBabel12102409403D
Lattice="13.831701429999999 0.0 0.0 0.0 13.50184586 0.0 0.0 0.0 14.37455518" Properties=species:S:1:pos:R:3:GW_charged:R:1:dKS_charged:R:1:dKS_neutral:R:1 pbc="T T T"
 24 23  0  0  0  0  0  0  0  0999 V2000
    6.4639    8.5603    7.7113 C   0  0  0  0  0  0  0  0  0  0  0  0
    6.5049    7.0181    7.7111 C   0  0  0  0  0  0  0  0  0  0  0  0
    7.1951    6.5462    9.0046 C   0  0  0  0  0  0  0  0  0  0  0  0
    5.0509    6.5025    7.7144 C   0  0  0  0  0  0  0  0  0  0  0  0
    7.2649    6.4944    6.4311 C   0  0  0  0  0  0  0  0  0  0  0  0
    8.7053    7.0233    6.3332 C   0  0  0  0  0  0  0  0  0  0  0  0
    7.2875    4.9600    6.3357 C   0  0  0  0  0  0  0  0  0  0  0  0
    6.5054    7.0149    5.3114 O   0  0  0  0  0  0  0  0  0  0  0  0
    7.4611    9.0018    7.8402 H   0  0  0  0  0  0  0  0  0  0  0  0
    6.0347    8.9469    6.7795 H   0  0  0  0  0  0  0  0  0  0  0  0
    5.8433    8.9129    8.5470 H   0  0  0  0  0  0  0  0  0  0  0  0
    6.6418    6.9269    9.8746 H   0  0  0  0  0  0  0  0  0  0  0  0
    7.2187    5.4515    9.0897 H   0  0  0  0  0  0  0  0  0  0  0  0
    8.2251    6.9182    9.0879 H   0  0  0  0  0  0  0  0  0  0  0  0
    4.5348    6.7619    6.7826 H   0  0  0  0  0  0  0  0  0  0  0  0
    4.9972    5.4136    7.8461 H   0  0  0  0  0  0  0  0  0  0  0  0
    4.5000    6.9571    8.5496 H   0  0  0  0  0  0  0  0  0  0  0  0
    9.3317    6.6788    7.1664 H   0  0  0  0  0  0  0  0  0  0  0  0
    9.1700    6.6542    5.4066 H   0  0  0  0  0  0  0  0  0  0  0  0
    8.7290    8.1183    6.3057 H   0  0  0  0  0  0  0  0  0  0  0  0
    6.2737    4.5453    6.3092 H   0  0  0  0  0  0  0  0  0  0  0  0
    7.7982    4.6570    5.4093 H   0  0  0  0  0  0  0  0  0  0  0  0
    7.8339    4.5000    7.1693 H   0  0  0  0  0  0  0  0  0  0  0  0
    6.9424    6.7135    4.5000 H   0  0  0  0  0  0  0  0  0  0  0  0
  1  9  1  0  0  0  0
  1 11  1  0  0  0  0
  2  1  1  0  0  0  0
  2  4  1  0  0  0  0
  2  3  1  0  0  0  0
  3 14  1  0  0  0  0
  3 13  1  0  0  0  0
  3 12  1  0  0  0  0
  4 16  1  0  0  0  0
  4 17  1  0  0  0  0
  5  2  1  0  0  0  0
  6  5  1  0  0  0  0
  6 18  1  0  0  0  0
  7  5  1  0  0  0  0
  7 23  1  0  0  0  0
  8  5  1  0  0  0  0
 10  1  1  0  0  0  0
 15  4  1  0  0  0  0
 19  6  1  0  0  0  0
 20  6  1  0  0  0  0
 21  7  1  0  0  0  0
 22  7  1  0  0  0  0
 24  8  1  0  0  0  0
M  END
