Lattice="13.405169359999999 0.0 0.0 0.0 15.04155839 0.0 0.0 0.0 12.032403819999999" Properties=species:S:1:pos:R:3:GW_charged:R:1:dKS_charged:R:1:dKS_neutral:R:1 pbc="T T T"
 OpenBabel12102409273D
Lattice="13.405169359999999 0.0 0.0 0.0 15.04155839 0.0 0.0 0.0 12.032403819999999" Properties=species:S:1:pos:R:3:GW_charged:R:1:dKS_charged:R:1:dKS_neutral:R:1 pbc="T T T"
 17 16  0  0  1  0  0  0  0  0999 V2000
    8.0004   10.1963    5.7043 O   0  0  0  0  0  0  0  0  0  0  0  0
    8.0662    8.7689    5.5998 C   0  0  0  0  0  0  0  0  0  0  0  0
    6.6406    8.2384    5.6437 C   0  0  0  0  0  0  0  0  0  0  0  0
    6.5539    6.7153    5.5890 C   0  0  1  0  0  0  0  0  0  0  0  0
    7.1669    6.0842    6.7358 O   0  0  0  0  0  0  0  0  0  0  0  0
    5.1150    6.2142    5.4482 C   0  0  0  0  0  0  0  0  0  0  0  0
    5.0528    4.7954    5.4387 O   0  0  0  0  0  0  0  0  0  0  0  0
    8.9052   10.5416    5.7155 H   0  0  0  0  0  0  0  0  0  0  0  0
    8.5466    8.4657    4.6510 H   0  0  0  0  0  0  0  0  0  0  0  0
    8.6572    8.3381    6.4259 H   0  0  0  0  0  0  0  0  0  0  0  0
    6.1494    8.6068    6.5610 H   0  0  0  0  0  0  0  0  0  0  0  0
    6.0761    8.6661    4.8000 H   0  0  0  0  0  0  0  0  0  0  0  0
    7.1376    6.3299    4.7373 H   0  0  0  0  0  0  0  0  0  0  0  0
    6.8025    6.5065    7.5324 H   0  0  0  0  0  0  0  0  0  0  0  0
    4.5000    6.6348    6.2715 H   0  0  0  0  0  0  0  0  0  0  0  0
    4.6812    6.5637    4.5000 H   0  0  0  0  0  0  0  0  0  0  0  0
    5.6849    4.5000    6.1185 H   0  0  0  0  0  0  0  0  0  0  0  0
  1  8  1  0  0  0  0
  2  3  1  0  0  0  0
  2  1  1  0  0  0  0
  2 10  1  0  0  0  0
  3 11  1  0  0  0  0
  4 13  1  6  0  0  0
  4  3  1  0  0  0  0
  4  5  1  0  0  0  0
  5 14  1  0  0  0  0
  6  4  1  0  0  0  0
  6 15  1  0  0  0  0
  7  6  1  0  0  0  0
  7 17  1  0  0  0  0
  9  2  1  0  0  0  0
 12  3  1  0  0  0  0
 16  6  1  0  0  0  0
M  END
