Lattice="14.14885223 0.0 0.0 0.0 13.65470946 0.0 0.0 0.0 12.57390203" Properties=species:S:1:pos:R:3:GW_charged:R:1:dKS_charged:R:1:dKS_neutral:R:1 pbc="T T T"
 OpenBabel12102409383D
Lattice="14.14885223 0.0 0.0 0.0 13.65470946 0.0 0.0 0.0 12.57390203" Properties=species:S:1:pos:R:3:GW_charged:R:1:dKS_charged:R:1:dKS_neutral:R:1 pbc="T T T"
 19 19  0  0  1  0  0  0  0  0999 V2000
    8.1781    8.6956    6.6033 C   0  0  0  0  0  0  0  0  0  0  0  0
    8.1909    7.1753    6.7510 C   0  0  1  0  0  0  0  0  0  0  0  0
    8.7614    6.7694    8.0089 O   0  0  0  0  0  0  0  0  0  0  0  0
    6.7985    6.5733    6.6974 C   0  0  0  0  0  0  0  0  0  0  0  0
    5.9966    6.6603    5.3692 C   0  0  0  0  0  0  0  0  0  0  0  0
    5.4699    5.2266    5.6422 C   0  0  0  0  0  0  0  0  0  0  0  0
    6.6436    5.0294    6.6373 C   0  0  0  0  0  0  0  0  0  0  0  0
    9.1982    9.1064    6.6384 H   0  0  0  0  0  0  0  0  0  0  0  0
    7.7364    8.9946    5.6422 H   0  0  0  0  0  0  0  0  0  0  0  0
    7.5946    9.1547    7.4134 H   0  0  0  0  0  0  0  0  0  0  0  0
    8.7860    6.7375    5.9230 H   0  0  0  0  0  0  0  0  0  0  0  0
    9.6489    7.1543    8.0739 H   0  0  0  0  0  0  0  0  0  0  0  0
    6.2067    6.9818    7.5325 H   0  0  0  0  0  0  0  0  0  0  0  0
    5.2664    7.4723    5.2611 H   0  0  0  0  0  0  0  0  0  0  0  0
    6.6713    6.6814    4.5000 H   0  0  0  0  0  0  0  0  0  0  0  0
    4.5000    5.2447    6.1574 H   0  0  0  0  0  0  0  0  0  0  0  0
    5.3965    4.5390    4.7904 H   0  0  0  0  0  0  0  0  0  0  0  0
    7.5155    4.5665    6.1528 H   0  0  0  0  0  0  0  0  0  0  0  0
    6.4479    4.5000    7.5769 H   0  0  0  0  0  0  0  0  0  0  0  0
  1  8  1  0  0  0  0
  1  2  1  0  0  0  0
  1 10  1  0  0  0  0
  2 11  1  6  0  0  0
  2  3  1  0  0  0  0
  3 12  1  0  0  0  0
  4  2  1  0  0  0  0
  4 13  1  0  0  0  0
  5  6  1  0  0  0  0
  5  4  1  0  0  0  0
  6 16  1  0  0  0  0
  6  7  1  0  0  0  0
  7  4  1  0  0  0  0
  7 19  1  0  0  0  0
  9  1  1  0  0  0  0
 14  5  1  0  0  0  0
 15  5  1  0  0  0  0
 17  6  1  0  0  0  0
 18  7  1  0  0  0  0
M  END
