Lattice="13.619090830000001 0.0 0.0 0.0 13.43405986 0.0 0.0 0.0 15.240256089999999" Properties=species:S:1:pos:R:3:GW_charged:R:1:dKS_charged:R:1:dKS_neutral:R:1 pbc="T T T"
 OpenBabel12102411053D
Lattice="13.619090830000001 0.0 0.0 0.0 13.43405986 0.0 0.0 0.0 15.240256089999999" Properties=species:S:1:pos:R:3:GW_charged:R:1:dKS_charged:R:1:dKS_neutral:R:1 pbc="T T T"
 21 23  0  0  1  0  0  0  0  0999 V2000
    5.4162    8.3464    8.6128 C   0  0  0  0  0  0  0  0  0  0  0  0
    6.9698    8.1232    8.7495 C   0  0  1  0  0  0  0  0  0  0  0  0
    6.5843    6.9937    9.7685 C   0  0  0  0  0  0  0  0  0  0  0  0
    5.4038    6.7776    8.7574 C   0  0  2  0  0  0  0  0  0  0  0  0
    6.2003    6.3982    7.5082 C   0  0  0  0  0  0  0  0  0  0  0  0
    7.2177    7.2724    7.5031 C   0  0  0  0  0  0  0  0  0  0  0  0
    8.0311    7.2231    6.2500 C   0  0  0  0  0  0  0  0  0  0  0  0
    7.4942    5.9101    5.5915 C   0  0  0  0  0  0  0  0  0  0  0  0
    6.1193    5.5804    6.2597 C   0  0  0  0  0  0  0  0  0  0  0  0
    4.9700    8.8708    9.4718 H   0  0  0  0  0  0  0  0  0  0  0  0
    5.0505    8.7664    7.6663 H   0  0  0  0  0  0  0  0  0  0  0  0
    7.6583    8.9341    9.0082 H   0  0  0  0  0  0  0  0  0  0  0  0
    7.2952    6.1671    9.8962 H   0  0  0  0  0  0  0  0  0  0  0  0
    6.2514    7.3869   10.7403 H   0  0  0  0  0  0  0  0  0  0  0  0
    4.5000    6.2203    9.0242 H   0  0  0  0  0  0  0  0  0  0  0  0
    7.8454    8.1076    5.6138 H   0  0  0  0  0  0  0  0  0  0  0  0
    9.1191    7.1857    6.4130 H   0  0  0  0  0  0  0  0  0  0  0  0
    7.4160    5.9947    4.5000 H   0  0  0  0  0  0  0  0  0  0  0  0
    8.1976    5.0927    5.8019 H   0  0  0  0  0  0  0  0  0  0  0  0
    5.9934    4.5000    6.4288 H   0  0  0  0  0  0  0  0  0  0  0  0
    5.2691    5.8940    5.6268 H   0  0  0  0  0  0  0  0  0  0  0  0
  1  2  1  0  0  0  0
  1  4  1  0  0  0  0
  1 10  1  0  0  0  0
  2 12  1  1  0  0  0
  2  3  1  0  0  0  0
  3 13  1  0  0  0  0
  3 14  1  0  0  0  0
  4 15  1  1  0  0  0
  4  3  1  0  0  0  0
  5  4  1  0  0  0  0
  6  5  2  0  0  0  0
  6  2  1  0  0  0  0
  7 17  1  0  0  0  0
  7  6  1  0  0  0  0
  8 19  1  0  0  0  0
  8  7  1  0  0  0  0
  8  9  1  0  0  0  0
  9 20  1  0  0  0  0
  9  5  1  0  0  0  0
 11  1  1  0  0  0  0
 16  7  1  0  0  0  0
 18  8  1  0  0  0  0
 21  9  1  0  0  0  0
M  END
