Lattice="13.82332847 0.0 0.0 0.0 13.32704699 0.0 0.0 0.0 12.508999" Properties=species:S:1:pos:R:3:GW_charged:R:1:dKS_charged:R:1:dKS_neutral:R:1 pbc="T T T"
 OpenBabel12102409273D
Lattice="13.82332847 0.0 0.0 0.0 13.32704699 0.0 0.0 0.0 12.508999" Properties=species:S:1:pos:R:3:GW_charged:R:1:dKS_charged:R:1:dKS_neutral:R:1 pbc="T T T"
 19 19  0  0  0  0  0  0  0  0999 V2000
    6.4645    8.4053    6.5912 C   0  0  0  0  0  0  0  0  0  0  0  0
    6.5085    6.8766    6.5424 C   0  0  0  0  0  0  0  0  0  0  0  0
    5.1037    6.2772    6.6372 C   0  0  0  0  0  0  0  0  0  0  0  0
    7.2920    6.3451    5.3107 C   0  0  0  0  0  0  0  0  0  0  0  0
    8.6751    5.9941    5.8724 C   0  0  0  0  0  0  0  0  0  0  0  0
    8.3121    5.5483    7.2858 C   0  0  0  0  0  0  0  0  0  0  0  0
    7.2791    6.4409    7.7043 O   0  0  0  0  0  0  0  0  0  0  0  0
    7.4714    8.8270    6.4708 H   0  0  0  0  0  0  0  0  0  0  0  0
    5.8194    8.8079    5.7975 H   0  0  0  0  0  0  0  0  0  0  0  0
    6.0705    8.7402    7.5598 H   0  0  0  0  0  0  0  0  0  0  0  0
    4.5000    6.5462    5.7582 H   0  0  0  0  0  0  0  0  0  0  0  0
    5.1575    5.1815    6.6937 H   0  0  0  0  0  0  0  0  0  0  0  0
    4.5870    6.6423    7.5347 H   0  0  0  0  0  0  0  0  0  0  0  0
    6.8045    5.4426    4.9140 H   0  0  0  0  0  0  0  0  0  0  0  0
    7.3275    7.0835    4.5000 H   0  0  0  0  0  0  0  0  0  0  0  0
    9.1927    5.2186    5.2932 H   0  0  0  0  0  0  0  0  0  0  0  0
    9.3233    6.8815    5.9107 H   0  0  0  0  0  0  0  0  0  0  0  0
    7.9512    4.5000    7.2870 H   0  0  0  0  0  0  0  0  0  0  0  0
    9.1348    5.6273    8.0090 H   0  0  0  0  0  0  0  0  0  0  0  0
  1 10  1  0  0  0  0
  2  1  1  0  0  0  0
  2  3  1  0  0  0  0
  2  7  1  0  0  0  0
  3 12  1  0  0  0  0
  3 13  1  0  0  0  0
  4  5  1  0  0  0  0
  4  2  1  0  0  0  0
  5 17  1  0  0  0  0
  5  6  1  0  0  0  0
  6 18  1  0  0  0  0
  6  7  1  0  0  0  0
  6 19  1  0  0  0  0
  8  1  1  0  0  0  0
  9  1  1  0  0  0  0
 11  3  1  0  0  0  0
 14  4  1  0  0  0  0
 15  4  1  0  0  0  0
 16  5  1  0  0  0  0
M  END
