Lattice="13.22802512 0.0 0.0 0.0 14.6491384 0.0 0.0 0.0 12.297384059999999" Properties=species:S:1:pos:R:3:GW_charged:R:1:dKS_charged:R:1:dKS_neutral:R:1 pbc="T T T"
 OpenBabel12102409263D
Lattice="13.22802512 0.0 0.0 0.0 14.6491384 0.0 0.0 0.0 12.297384059999999" Properties=species:S:1:pos:R:3:GW_charged:R:1:dKS_charged:R:1:dKS_neutral:R:1 pbc="T T T"
 18 17  0  0  0  0  0  0  0  0999 V2000
    7.6930    9.7510    6.7038 C   0  0  0  0  0  0  0  0  0  0  0  0
    7.7398    8.3377    6.6918 O   0  0  0  0  0  0  0  0  0  0  0  0
    6.4438    7.7546    6.7149 C   0  0  0  0  0  0  0  0  0  0  0  0
    6.5613    6.2327    6.6698 C   0  0  0  0  0  0  0  0  0  0  0  0
    5.1789    5.5960    6.8519 C   0  0  0  0  0  0  0  0  0  0  0  0
    7.2383    5.7584    5.3796 C   0  0  0  0  0  0  0  0  0  0  0  0
    8.7280   10.1120    6.6862 H   0  0  0  0  0  0  0  0  0  0  0  0
    7.1583   10.1491    5.8209 H   0  0  0  0  0  0  0  0  0  0  0  0
    7.1940   10.1359    7.6133 H   0  0  0  0  0  0  0  0  0  0  0  0
    5.9061    8.0694    7.6323 H   0  0  0  0  0  0  0  0  0  0  0  0
    5.8506    8.1160    5.8480 H   0  0  0  0  0  0  0  0  0  0  0  0
    7.1959    5.9384    7.5232 H   0  0  0  0  0  0  0  0  0  0  0  0
    4.5000    5.8789    6.0328 H   0  0  0  0  0  0  0  0  0  0  0  0
    5.2504    4.5000    6.8547 H   0  0  0  0  0  0  0  0  0  0  0  0
    4.7095    5.9031    7.7974 H   0  0  0  0  0  0  0  0  0  0  0  0
    6.6291    6.0190    4.5000 H   0  0  0  0  0  0  0  0  0  0  0  0
    8.2244    6.2225    5.2563 H   0  0  0  0  0  0  0  0  0  0  0  0
    7.3697    4.6674    5.3817 H   0  0  0  0  0  0  0  0  0  0  0  0
  1  9  1  0  0  0  0
  2  1  1  0  0  0  0
  2  3  1  0  0  0  0
  3 10  1  0  0  0  0
  4  3  1  0  0  0  0
  4  5  1  0  0  0  0
  4 12  1  0  0  0  0
  5 14  1  0  0  0  0
  5 15  1  0  0  0  0
  6 18  1  0  0  0  0
  6  4  1  0  0  0  0
  7  1  1  0  0  0  0
  8  1  1  0  0  0  0
 11  3  1  0  0  0  0
 13  5  1  0  0  0  0
 16  6  1  0  0  0  0
 17  6  1  0  0  0  0
M  END
