Lattice="13.85512778 0.0 0.0 0.0 13.4120273 0.0 0.0 0.0 12.831598580000001" Properties=species:S:1:pos:R:3:GW_charged:R:1:dKS_charged:R:1:dKS_neutral:R:1 pbc="T T T"
 OpenBabel12102409263D
Lattice="13.85512778 0.0 0.0 0.0 13.4120273 0.0 0.0 0.0 12.831598580000001" Properties=species:S:1:pos:R:3:GW_charged:R:1:dKS_charged:R:1:dKS_neutral:R:1 pbc="T T T"
 18 18  0  0  0  0  0  0  0  0999 V2000
    6.0752    8.2526    6.2592 C   0  0  0  0  0  0  0  0  0  0  0  0
    6.4803    6.7842    6.3125 C   0  0  0  0  0  0  0  0  0  0  0  0
    5.2693    5.8766    6.0842 C   0  0  0  0  0  0  0  0  0  0  0  0
    7.6988    6.3680    5.4224 C   0  0  0  0  0  0  0  0  0  0  0  0
    8.2802    5.5707    6.6184 C   0  0  0  0  0  0  0  0  0  0  0  0
    7.3170    6.3401    7.5587 C   0  0  0  0  0  0  0  0  0  0  0  0
    6.9396    8.9120    6.4223 H   0  0  0  0  0  0  0  0  0  0  0  0
    5.6376    8.5090    5.2822 H   0  0  0  0  0  0  0  0  0  0  0  0
    5.3251    8.4861    7.0304 H   0  0  0  0  0  0  0  0  0  0  0  0
    4.8128    6.0707    5.1019 H   0  0  0  0  0  0  0  0  0  0  0  0
    5.5426    4.8122    6.1191 H   0  0  0  0  0  0  0  0  0  0  0  0
    4.5000    6.0478    6.8521 H   0  0  0  0  0  0  0  0  0  0  0  0
    7.4733    5.8152    4.5000 H   0  0  0  0  0  0  0  0  0  0  0  0
    8.3230    7.2344    5.1627 H   0  0  0  0  0  0  0  0  0  0  0  0
    8.0447    4.5000    6.5623 H   0  0  0  0  0  0  0  0  0  0  0  0
    9.3551    5.6718    6.8118 H   0  0  0  0  0  0  0  0  0  0  0  0
    7.8086    7.1969    8.0403 H   0  0  0  0  0  0  0  0  0  0  0  0
    6.7885    5.7652    8.3316 H   0  0  0  0  0  0  0  0  0  0  0  0
  1  2  1  0  0  0  0
  1  7  1  0  0  0  0
  1  9  1  0  0  0  0
  2  6  1  0  0  0  0
  3 11  1  0  0  0  0
  3  2  1  0  0  0  0
  3 12  1  0  0  0  0
  4  2  1  0  0  0  0
  4  5  1  0  0  0  0
  5 16  1  0  0  0  0
  5  6  1  0  0  0  0
  6 17  1  0  0  0  0
  6 18  1  0  0  0  0
  8  1  1  0  0  0  0
 10  3  1  0  0  0  0
 13  4  1  0  0  0  0
 14  4  1  0  0  0  0
 15  5  1  0  0  0  0
M  END
