Lattice="13.191221389999999 0.0 0.0 0.0 13.160349159999999 0.0 0.0 0.0 15.18605892" Properties=species:S:1:pos:R:3:GW_charged:R:1:dKS_charged:R:1:dKS_neutral:R:1 pbc="T T T"
 OpenBabel12102409403D
Lattice="13.191221389999999 0.0 0.0 0.0 13.160349159999999 0.0 0.0 0.0 15.18605892" Properties=species:S:1:pos:R:3:GW_charged:R:1:dKS_charged:R:1:dKS_neutral:R:1 pbc="T T T"
 18 18  0  0  0  0  0  0  0  0999 V2000
    5.1092    8.0172    9.6125 C   0  0  0  0  0  0  0  0  0  0  0  0
    5.5161    6.5431    9.7731 C   0  0  0  0  0  0  0  0  0  0  0  0
    6.3168    6.0126    8.6369 C   0  0  0  0  0  0  0  0  0  0  0  0
    7.6142    5.6059    8.5015 C   0  0  0  0  0  0  0  0  0  0  0  0
    7.7883    5.2218    7.1319 C   0  0  0  0  0  0  0  0  0  0  0  0
    6.5869    5.4177    6.5116 C   0  0  0  0  0  0  0  0  0  0  0  0
    6.1013    5.2176    5.1241 C   0  0  0  0  0  0  0  0  0  0  0  0
    5.6767    5.9022    7.4221 O   0  0  0  0  0  0  0  0  0  0  0  0
    5.9951    8.6603    9.5260 H   0  0  0  0  0  0  0  0  0  0  0  0
    4.5000    8.1610    8.7108 H   0  0  0  0  0  0  0  0  0  0  0  0
    4.5213    8.3567   10.4760 H   0  0  0  0  0  0  0  0  0  0  0  0
    6.1146    6.4145   10.6861 H   0  0  0  0  0  0  0  0  0  0  0  0
    4.6122    5.9255    9.9044 H   0  0  0  0  0  0  0  0  0  0  0  0
    8.3579    5.5825    9.2909 H   0  0  0  0  0  0  0  0  0  0  0  0
    8.6912    4.8450    6.6635 H   0  0  0  0  0  0  0  0  0  0  0  0
    5.2682    4.5000    5.0848 H   0  0  0  0  0  0  0  0  0  0  0  0
    5.7464    6.1590    4.6785 H   0  0  0  0  0  0  0  0  0  0  0  0
    6.9148    4.8304    4.5000 H   0  0  0  0  0  0  0  0  0  0  0  0
  1  2  1  0  0  0  0
  1 11  1  0  0  0  0
  2 13  1  0  0  0  0
  2 12  1  0  0  0  0
  3  2  1  0  0  0  0
  4  3  2  0  0  0  0
  4 14  1  0  0  0  0
  5  4  1  0  0  0  0
  6  5  2  0  0  0  0
  6  8  1  0  0  0  0
  7  6  1  0  0  0  0
  8  3  1  0  0  0  0
  9  1  1  0  0  0  0
 10  1  1  0  0  0  0
 15  5  1  0  0  0  0
 16  7  1  0  0  0  0
 17  7  1  0  0  0  0
 18  7  1  0  0  0  0
M  END
