Lattice="12.738969090000001 0.0 0.0 0.0 14.013221680000001 0.0 0.0 0.0 13.14167805" Properties=species:S:1:pos:R:3:GW_charged:R:1:dKS_charged:R:1:dKS_neutral:R:1 pbc="T T T"
 OpenBabel12102411063D
Lattice="12.738969090000001 0.0 0.0 0.0 14.013221680000001 0.0 0.0 0.0 13.14167805" Properties=species:S:1:pos:R:3:GW_charged:R:1:dKS_charged:R:1:dKS_neutral:R:1 pbc="T T T"
 21 23  0  0  1  0  0  0  0  0999 V2000
    5.3026    8.8157    6.4870 C   0  0  0  0  0  0  0  0  0  0  0  0
    6.8494    8.6825    6.4497 C   0  0  1  0  0  0  0  0  0  0  0  0
    7.1305    8.0079    7.8010 C   0  0  0  0  0  0  0  0  0  0  0  0
    6.0550    6.8680    7.7446 C   0  0  2  0  0  0  0  0  0  0  0  0
    6.6925    5.4753    7.6484 C   0  0  0  0  0  0  0  0  0  0  0  0
    7.5671    5.3586    6.4273 C   0  0  0  0  0  0  0  0  0  0  0  0
    7.5536    6.2855    5.4575 C   0  0  0  0  0  0  0  0  0  0  0  0
    6.6036    7.4369    5.5041 C   0  0  1  0  0  0  0  0  0  0  0  0
    5.3578    7.2714    6.4222 C   0  0  2  0  0  0  0  0  0  0  0  0
    4.8509    9.2869    7.3720 H   0  0  0  0  0  0  0  0  0  0  0  0
    4.8917    9.2565    5.5696 H   0  0  0  0  0  0  0  0  0  0  0  0
    7.4980    9.5132    6.1473 H   0  0  0  0  0  0  0  0  0  0  0  0
    8.1514    7.6087    7.8734 H   0  0  0  0  0  0  0  0  0  0  0  0
    6.9748    8.6977    8.6417 H   0  0  0  0  0  0  0  0  0  0  0  0
    5.3643    6.9131    8.5988 H   0  0  0  0  0  0  0  0  0  0  0  0
    7.2968    5.2816    8.5511 H   0  0  0  0  0  0  0  0  0  0  0  0
    5.9187    4.6864    7.6417 H   0  0  0  0  0  0  0  0  0  0  0  0
    8.2390    4.5000    6.3581 H   0  0  0  0  0  0  0  0  0  0  0  0
    8.2259    6.1944    4.6016 H   0  0  0  0  0  0  0  0  0  0  0  0
    6.3219    7.7820    4.5000 H   0  0  0  0  0  0  0  0  0  0  0  0
    4.5000    6.6641    6.1087 H   0  0  0  0  0  0  0  0  0  0  0  0
  1 10  1  0  0  0  0
  2 12  1  6  0  0  0
  2  1  1  0  0  0  0
  2  3  1  0  0  0  0
  3 13  1  0  0  0  0
  3 14  1  0  0  0  0
  4  3  1  0  0  0  0
  4 15  1  1  0  0  0
  5  4  1  0  0  0  0
  5 16  1  0  0  0  0
  6  5  1  0  0  0  0
  7  8  1  0  0  0  0
  7  6  2  0  0  0  0
  8 20  1  6  0  0  0
  8  9  1  0  0  0  0
  8  2  1  0  0  0  0
  9 21  1  6  0  0  0
  9  1  1  0  0  0  0
  9  4  1  0  0  0  0
 11  1  1  0  0  0  0
 17  5  1  0  0  0  0
 18  6  1  0  0  0  0
 19  7  1  0  0  0  0
M  END
