Lattice="13.45081153 0.0 0.0 0.0 15.56793545 0.0 0.0 0.0 13.420811220000001" Properties=species:S:1:pos:R:3:GW_charged:R:1:dKS_charged:R:1:dKS_neutral:R:1 pbc="T T T"
 OpenBabel12102411073D
Lattice="13.45081153 0.0 0.0 0.0 15.56793545 0.0 0.0 0.0 13.420811220000001" Properties=species:S:1:pos:R:3:GW_charged:R:1:dKS_charged:R:1:dKS_neutral:R:1 pbc="T T T"
 23 25  0  0  1  0  0  0  0  0999 V2000
    6.5254   10.5960    5.5282 C   0  0  0  0  0  0  0  0  0  0  0  0
    7.9813   10.3890    5.8715 C   0  0  0  0  0  0  0  0  0  0  0  0
    7.0417    9.2077    5.8257 C   0  0  0  0  0  0  0  0  0  0  0  0
    6.6424    8.5104    7.0946 C   0  0  1  0  0  0  0  0  0  0  0  0
    5.3968    7.5691    7.0983 C   0  0  0  0  0  0  0  0  0  0  0  0
    6.1914    6.5109    7.9180 C   0  0  1  0  0  0  0  0  0  0  0  0
    6.7659    5.3450    7.0842 C   0  0  0  0  0  0  0  0  0  0  0  0
    7.9612    6.2490    6.6586 C   0  0  0  0  0  0  0  0  0  0  0  0
    7.5012    7.3475    7.6637 C   0  0  1  0  0  0  0  0  0  0  0  0
    5.8878   11.0679    6.2756 H   0  0  0  0  0  0  0  0  0  0  0  0
    6.2681   10.8459    4.5000 H   0  0  0  0  0  0  0  0  0  0  0  0
    8.7197   10.4974    5.0787 H   0  0  0  0  0  0  0  0  0  0  0  0
    8.3259   10.7206    6.8510 H   0  0  0  0  0  0  0  0  0  0  0  0
    7.1479    8.5558    4.9554 H   0  0  0  0  0  0  0  0  0  0  0  0
    6.5237    9.2652    7.8894 H   0  0  0  0  0  0  0  0  0  0  0  0
    4.5000    7.9789    7.5792 H   0  0  0  0  0  0  0  0  0  0  0  0
    5.1091    7.2124    6.0979 H   0  0  0  0  0  0  0  0  0  0  0  0
    5.8058    6.2916    8.9208 H   0  0  0  0  0  0  0  0  0  0  0  0
    7.0876    4.5000    7.7077 H   0  0  0  0  0  0  0  0  0  0  0  0
    6.1206    4.9536    6.2844 H   0  0  0  0  0  0  0  0  0  0  0  0
    8.9508    5.8276    6.8722 H   0  0  0  0  0  0  0  0  0  0  0  0
    7.9573    6.5607    5.6055 H   0  0  0  0  0  0  0  0  0  0  0  0
    8.2218    7.5985    8.4518 H   0  0  0  0  0  0  0  0  0  0  0  0
  1  3  1  0  0  0  0
  1  2  1  0  0  0  0
  1 10  1  0  0  0  0
  2 13  1  0  0  0  0
  3  2  1  0  0  0  0
  3  4  1  0  0  0  0
  4  5  1  0  0  0  0
  4  9  1  0  0  0  0
  4 15  1  1  0  0  0
  5 16  1  0  0  0  0
  5  6  1  0  0  0  0
  6 18  1  1  0  0  0
  7 19  1  0  0  0  0
  7  6  1  0  0  0  0
  8 21  1  0  0  0  0
  8  7  1  0  0  0  0
  8  9  1  0  0  0  0
  9  6  1  0  0  0  0
  9 23  1  1  0  0  0
 11  1  1  0  0  0  0
 12  2  1  0  0  0  0
 14  3  1  0  0  0  0
 17  5  1  0  0  0  0
 20  7  1  0  0  0  0
 22  8  1  0  0  0  0
M  END
