Lattice="13.52906988 0.0 0.0 0.0 12.77755824 0.0 0.0 0.0 12.51355337" Properties=species:S:1:pos:R:3:GW_charged:R:1:dKS_charged:R:1:dKS_neutral:R:1 pbc="T T T"
 OpenBabel12102409323D
Lattice="13.52906988 0.0 0.0 0.0 12.77755824 0.0 0.0 0.0 12.51355337" Properties=species:S:1:pos:R:3:GW_charged:R:1:dKS_charged:R:1:dKS_neutral:R:1 pbc="T T T"
 17 17  0  0  0  0  0  0  0  0999 V2000
    7.0322    7.8012    6.2320 C   0  0  0  0  0  0  0  0  0  0  0  0
    7.1622    6.2843    6.2054 C   0  0  0  0  0  0  0  0  0  0  0  0
    5.8223    5.5955    5.9701 C   0  0  0  0  0  0  0  0  0  0  0  0
    5.3029    6.0184    4.7047 O   0  0  0  0  0  0  0  0  0  0  0  0
    8.2984    5.6889    5.3355 C   0  0  0  0  0  0  0  0  0  0  0  0
    8.8237    4.9281    6.4601 O   0  0  0  0  0  0  0  0  0  0  0  0
    7.9338    5.6214    7.3732 C   0  0  0  0  0  0  0  0  0  0  0  0
    8.0071    8.2776    6.4028 H   0  0  0  0  0  0  0  0  0  0  0  0
    6.6266    8.1752    5.2832 H   0  0  0  0  0  0  0  0  0  0  0  0
    6.3531    8.1228    7.0359 H   0  0  0  0  0  0  0  0  0  0  0  0
    5.9665    4.5000    5.9894 H   0  0  0  0  0  0  0  0  0  0  0  0
    5.1273    5.8619    6.7901 H   0  0  0  0  0  0  0  0  0  0  0  0
    4.5000    5.5104    4.5196 H   0  0  0  0  0  0  0  0  0  0  0  0
    7.9961    5.0405    4.5000 H   0  0  0  0  0  0  0  0  0  0  0  0
    9.0291    6.4328    4.9758 H   0  0  0  0  0  0  0  0  0  0  0  0
    8.4800    6.3353    8.0136 H   0  0  0  0  0  0  0  0  0  0  0  0
    7.3712    4.9211    8.0128 H   0  0  0  0  0  0  0  0  0  0  0  0
  1  8  1  0  0  0  0
  1 10  1  0  0  0  0
  2  1  1  0  0  0  0
  2  7  1  0  0  0  0
  3 11  1  0  0  0  0
  3  2  1  0  0  0  0
  3 12  1  0  0  0  0
  4  3  1  0  0  0  0
  5  2  1  0  0  0  0
  5  6  1  0  0  0  0
  6  7  1  0  0  0  0
  7 17  1  0  0  0  0
  7 16  1  0  0  0  0
  9  1  1  0  0  0  0
 13  4  1  0  0  0  0
 14  5  1  0  0  0  0
 15  5  1  0  0  0  0
M  END
