Lattice="13.257606339999999 0.0 0.0 0.0 17.19026036 0.0 0.0 0.0 12.95035106" Properties=species:S:1:pos:R:3:GW_charged:R:1:dKS_charged:R:1:dKS_neutral:R:1 pbc="T T T"
 OpenBabel12102410113D
Lattice="13.257606339999999 0.0 0.0 0.0 17.19026036 0.0 0.0 0.0 12.95035106" Properties=species:S:1:pos:R:3:GW_charged:R:1:dKS_charged:R:1:dKS_neutral:R:1 pbc="T T T"
 21 22  0  0  1  0  0  0  0  0999 V2000
    5.1852    5.4460    5.3333 C   0  0  0  0  0  0  0  0  0  0  0  0
    5.2004    6.5171    5.8975 C   0  0  0  0  0  0  0  0  0  0  0  0
    5.2526    7.8084    6.5734 C   0  0  0  0  0  0  0  0  0  0  0  0
    6.6245    8.4634    6.5078 C   0  0  1  0  0  0  0  0  0  0  0  0
    7.0254    9.2773    5.2981 C   0  0  0  0  0  0  0  0  0  0  0  0
    6.7497    9.9559    6.6136 C   0  0  0  0  0  0  0  0  0  0  0  0
    5.6560   11.0073    6.8631 C   0  0  0  0  0  0  0  0  0  0  0  0
    6.7751   11.9794    7.3371 C   0  0  0  0  0  0  0  0  0  0  0  0
    7.7609   10.7788    7.4233 C   0  0  0  0  0  0  0  0  0  0  0  0
    5.1654    4.5000    4.8354 H   0  0  0  0  0  0  0  0  0  0  0  0
    4.5000    8.4795    6.1275 H   0  0  0  0  0  0  0  0  0  0  0  0
    4.9523    7.6770    7.6268 H   0  0  0  0  0  0  0  0  0  0  0  0
    7.4193    7.8801    6.9779 H   0  0  0  0  0  0  0  0  0  0  0  0
    8.0573    9.2129    4.9529 H   0  0  0  0  0  0  0  0  0  0  0  0
    6.2898    9.3901    4.5000 H   0  0  0  0  0  0  0  0  0  0  0  0
    5.0537   11.3207    6.0004 H   0  0  0  0  0  0  0  0  0  0  0  0
    4.9759   10.7231    7.6801 H   0  0  0  0  0  0  0  0  0  0  0  0
    7.0604   12.6903    6.5518 H   0  0  0  0  0  0  0  0  0  0  0  0
    6.5882   12.5379    8.2621 H   0  0  0  0  0  0  0  0  0  0  0  0
    7.8789   10.4034    8.4504 H   0  0  0  0  0  0  0  0  0  0  0  0
    8.7576   10.9157    6.9835 H   0  0  0  0  0  0  0  0  0  0  0  0
  1  2  3  0  0  0  0
  2  3  1  0  0  0  0
  3 12  1  0  0  0  0
  4  3  1  0  0  0  0
  4  6  1  0  0  0  0
  4 13  1  1  0  0  0
  5  4  1  0  0  0  0
  5  6  1  0  0  0  0
  6  7  1  0  0  0  0
  6  9  1  0  0  0  0
  7  8  1  0  0  0  0
  7 17  1  0  0  0  0
  8  9  1  0  0  0  0
  8 19  1  0  0  0  0
  9 20  1  0  0  0  0
 10  1  1  0  0  0  0
 11  3  1  0  0  0  0
 14  5  1  0  0  0  0
 15  5  1  0  0  0  0
 16  7  1  0  0  0  0
 18  8  1  0  0  0  0
 21  9  1  0  0  0  0
M  END
