Lattice="13.17165907 0.0 0.0 0.0 14.189484610000001 0.0 0.0 0.0 13.505430780000001" Properties=species:S:1:pos:R:3:GW_charged:R:1:dKS_charged:R:1:dKS_neutral:R:1 pbc="T T T"
 OpenBabel12102411063D
Lattice="13.17165907 0.0 0.0 0.0 14.189484610000001 0.0 0.0 0.0 13.505430780000001" Properties=species:S:1:pos:R:3:GW_charged:R:1:dKS_charged:R:1:dKS_neutral:R:1 pbc="T T T"
 23 25  0  0  1  0  0  0  0  0999 V2000
    5.3922    9.0887    6.7625 C   0  0  0  0  0  0  0  0  0  0  0  0
    6.7603    8.4325    6.6880 C   0  0  1  0  0  0  0  0  0  0  0  0
    7.6169    7.8552    7.8198 C   0  0  0  0  0  0  0  0  0  0  0  0
    6.9729    6.4596    8.0463 C   0  0  1  0  0  0  0  0  0  0  0  0
    5.4868    6.8322    7.9675 C   0  0  0  0  0  0  0  0  0  0  0  0
    5.4869    7.5948    6.6363 C   0  0  1  0  0  0  0  0  0  0  0  0
    5.3892    6.6483    5.4609 C   0  0  0  0  0  0  0  0  0  0  0  0
    6.7033    5.8161    5.4926 C   0  0  0  0  0  0  0  0  0  0  0  0
    7.2144    5.4281    6.9107 C   0  0  0  0  0  0  0  0  0  0  0  0
    5.0180    9.4824    7.7095 H   0  0  0  0  0  0  0  0  0  0  0  0
    5.1158    9.6895    5.8941 H   0  0  0  0  0  0  0  0  0  0  0  0
    7.2734    8.6051    5.7412 H   0  0  0  0  0  0  0  0  0  0  0  0
    8.6717    7.7970    7.5162 H   0  0  0  0  0  0  0  0  0  0  0  0
    7.5818    8.4466    8.7493 H   0  0  0  0  0  0  0  0  0  0  0  0
    7.2771    6.0098    9.0054 H   0  0  0  0  0  0  0  0  0  0  0  0
    4.8161    5.9618    7.9464 H   0  0  0  0  0  0  0  0  0  0  0  0
    5.1802    7.4710    8.8090 H   0  0  0  0  0  0  0  0  0  0  0  0
    4.5000    6.0029    5.5449 H   0  0  0  0  0  0  0  0  0  0  0  0
    5.3094    7.1784    4.5000 H   0  0  0  0  0  0  0  0  0  0  0  0
    6.5995    4.9011    4.8899 H   0  0  0  0  0  0  0  0  0  0  0  0
    7.4805    6.4159    4.9964 H   0  0  0  0  0  0  0  0  0  0  0  0
    8.2855    5.1822    6.8392 H   0  0  0  0  0  0  0  0  0  0  0  0
    6.7121    4.5000    7.2287 H   0  0  0  0  0  0  0  0  0  0  0  0
  1 10  1  0  0  0  0
  2 12  1  6  0  0  0
  2  1  1  0  0  0  0
  2  3  1  0  0  0  0
  3  4  1  0  0  0  0
  3 14  1  0  0  0  0
  4 15  1  1  0  0  0
  5  4  1  0  0  0  0
  5 17  1  0  0  0  0
  6  7  1  6  0  0  0
  6  2  1  0  0  0  0
  6  1  1  0  0  0  0
  6  5  1  0  0  0  0
  7  8  1  0  0  0  0
  7 18  1  0  0  0  0
  8  9  1  0  0  0  0
  9 23  1  0  0  0  0
  9  4  1  0  0  0  0
 11  1  1  0  0  0  0
 13  3  1  0  0  0  0
 16  5  1  0  0  0  0
 19  7  1  0  0  0  0
 20  8  1  0  0  0  0
 21  8  1  0  0  0  0
 22  9  1  0  0  0  0
M  END
