Lattice="13.14369301 0.0 0.0 0.0 13.83803787 0.0 0.0 0.0 13.37786659" Properties=species:S:1:pos:R:3:GW_charged:R:1:dKS_charged:R:1:dKS_neutral:R:1 pbc="T T T"
 OpenBabel12102411063D
Lattice="13.14369301 0.0 0.0 0.0 13.83803787 0.0 0.0 0.0 13.37786659" Properties=species:S:1:pos:R:3:GW_charged:R:1:dKS_charged:R:1:dKS_neutral:R:1 pbc="T T T"
 21 23  0  0  1  0  0  0  0  0999 V2000
    5.3528    8.7353    6.7568 C   0  0  0  0  0  0  0  0  0  0  0  0
    6.7229    8.0849    6.6686 C   0  0  1  0  0  0  0  0  0  0  0  0
    7.6038    7.4761    7.7621 C   0  0  0  0  0  0  0  0  0  0  0  0
    6.9356    6.0882    7.9780 C   0  0  1  0  0  0  0  0  0  0  0  0
    5.4600    6.4779    7.9604 C   0  0  0  0  0  0  0  0  0  0  0  0
    5.4444    7.2421    6.6326 C   0  0  1  0  0  0  0  0  0  0  0  0
    5.3761    6.2638    5.4841 C   0  0  0  0  0  0  0  0  0  0  0  0
    6.7082    5.4679    5.5835 C   0  0  0  0  0  0  0  0  0  0  0  0
    7.1532    5.1359    6.9144 O   0  0  0  0  0  0  0  0  0  0  0  0
    4.9797    9.1242    7.7061 H   0  0  0  0  0  0  0  0  0  0  0  0
    5.0719    9.3380    5.8914 H   0  0  0  0  0  0  0  0  0  0  0  0
    7.2145    8.2571    5.7105 H   0  0  0  0  0  0  0  0  0  0  0  0
    8.6437    7.3848    7.4225 H   0  0  0  0  0  0  0  0  0  0  0  0
    7.6161    8.0352    8.7117 H   0  0  0  0  0  0  0  0  0  0  0  0
    7.2871    5.5633    8.8779 H   0  0  0  0  0  0  0  0  0  0  0  0
    4.7911    5.6083    7.9589 H   0  0  0  0  0  0  0  0  0  0  0  0
    5.2013    7.1159    8.8177 H   0  0  0  0  0  0  0  0  0  0  0  0
    4.5000    5.6025    5.5643 H   0  0  0  0  0  0  0  0  0  0  0  0
    5.3357    6.7545    4.5000 H   0  0  0  0  0  0  0  0  0  0  0  0
    6.6411    4.5000    5.0680 H   0  0  0  0  0  0  0  0  0  0  0  0
    7.4938    6.0599    5.0808 H   0  0  0  0  0  0  0  0  0  0  0  0
  1 10  1  0  0  0  0
  2 12  1  6  0  0  0
  2  1  1  0  0  0  0
  2  3  1  0  0  0  0
  3  4  1  0  0  0  0
  3 14  1  0  0  0  0
  4 15  1  1  0  0  0
  5  4  1  0  0  0  0
  5 17  1  0  0  0  0
  6  7  1  6  0  0  0
  6  2  1  0  0  0  0
  6  1  1  0  0  0  0
  6  5  1  0  0  0  0
  7 18  1  0  0  0  0
  7  8  1  0  0  0  0
  8  9  1  0  0  0  0
  9  4  1  0  0  0  0
 11  1  1  0  0  0  0
 13  3  1  0  0  0  0
 16  5  1  0  0  0  0
 19  7  1  0  0  0  0
 20  8  1  0  0  0  0
 21  8  1  0  0  0  0
M  END
