Lattice="14.06977124 0.0 0.0 0.0 13.56387413 0.0 0.0 0.0 12.963638809999999" Properties=species:S:1:pos:R:3:GW_charged:R:1:dKS_charged:R:1:dKS_neutral:R:1 pbc="T T T"
 OpenBabel12102411063D
Lattice="14.06977124 0.0 0.0 0.0 13.56387413 0.0 0.0 0.0 12.963638809999999" Properties=species:S:1:pos:R:3:GW_charged:R:1:dKS_charged:R:1:dKS_neutral:R:1 pbc="T T T"
 21 23  0  0  1  0  0  0  0  0999 V2000
    5.2827    7.8794    6.5895 C   0  0  0  0  0  0  0  0  0  0  0  0
    6.8183    8.0076    6.3221 C   0  0  1  0  0  0  0  0  0  0  0  0
    7.7323    8.0481    7.5627 C   0  0  0  0  0  0  0  0  0  0  0  0
    8.8773    7.0371    7.4536 C   0  0  0  0  0  0  0  0  0  0  0  0
    8.3499    5.5960    7.3919 C   0  0  0  0  0  0  0  0  0  0  0  0
    7.1615    5.4467    6.4429 C   0  0  1  0  0  0  0  0  0  0  0  0
    5.8476    5.5120    7.1078 O   0  0  0  0  0  0  0  0  0  0  0  0
    5.3401    6.4319    6.0892 C   0  0  2  0  0  0  0  0  0  0  0  0
    6.7791    6.6338    5.5565 C   0  0  1  0  0  0  0  0  0  0  0  0
    4.9416    8.0164    7.6247 H   0  0  0  0  0  0  0  0  0  0  0  0
    4.6807    8.5168    5.9262 H   0  0  0  0  0  0  0  0  0  0  0  0
    7.0667    8.8375    5.6482 H   0  0  0  0  0  0  0  0  0  0  0  0
    8.1293    9.0639    7.7019 H   0  0  0  0  0  0  0  0  0  0  0  0
    7.1421    7.8191    8.4636 H   0  0  0  0  0  0  0  0  0  0  0  0
    9.4664    7.2517    6.5457 H   0  0  0  0  0  0  0  0  0  0  0  0
    9.5698    7.1469    8.3007 H   0  0  0  0  0  0  0  0  0  0  0  0
    9.1544    4.9108    7.0874 H   0  0  0  0  0  0  0  0  0  0  0  0
    8.0161    5.2663    8.3885 H   0  0  0  0  0  0  0  0  0  0  0  0
    7.2210    4.5000    5.8778 H   0  0  0  0  0  0  0  0  0  0  0  0
    4.5000    5.9991    5.5262 H   0  0  0  0  0  0  0  0  0  0  0  0
    7.0647    6.6353    4.5000 H   0  0  0  0  0  0  0  0  0  0  0  0
  1 10  1  0  0  0  0
  2 12  1  6  0  0  0
  2  1  1  0  0  0  0
  2  3  1  0  0  0  0
  3 13  1  0  0  0  0
  3 14  1  0  0  0  0
  4  3  1  0  0  0  0
  4 16  1  0  0  0  0
  5  4  1  0  0  0  0
  5 18  1  0  0  0  0
  6 19  1  6  0  0  0
  6  7  1  0  0  0  0
  6  5  1  0  0  0  0
  8 20  1  6  0  0  0
  8  1  1  0  0  0  0
  8  7  1  0  0  0  0
  9 21  1  6  0  0  0
  9  8  1  0  0  0  0
  9  2  1  0  0  0  0
  9  6  1  0  0  0  0
 11  1  1  0  0  0  0
 15  4  1  0  0  0  0
 17  5  1  0  0  0  0
M  END
