Lattice="12.528581769999999 0.0 0.0 0.0 12.68664203 0.0 0.0 0.0 12.36219768" Properties=species:S:1:pos:R:3:GW_charged:R:1:dKS_charged:R:1:dKS_neutral:R:1 pbc="T T T"
 OpenBabel11192412253D
Lattice="12.528581769999999 0.0 0.0 0.0 12.68664203 0.0 0.0 0.0 12.36219768" Properties=species:S:1:pos:R:3:GW_charged:R:1:dKS_charged:R:1:dKS_neutral:R:1 pbc="T T T"
 13 13  0  0  0  0  0  0  0  0999 V2000
    6.6143    7.7826    6.2488 C   0  0  0  0  0  0  0  0  0  0  0  0
    6.6226    6.2712    6.2247 C   0  0  0  0  0  0  0  0  0  0  0  0
    5.4086    5.5908    6.8150 C   0  0  0  0  0  0  0  0  0  0  0  0
    7.4442    5.5618    5.2280 C   0  0  0  0  0  0  0  0  0  0  0  0
    7.8904    5.6685    6.5915 O   0  0  0  0  0  0  0  0  0  0  0  0
    7.5456    8.1866    5.8340 H   0  0  0  0  0  0  0  0  0  0  0  0
    5.7708    8.1766    5.6641 H   0  0  0  0  0  0  0  0  0  0  0  0
    6.5089    8.1498    7.2799 H   0  0  0  0  0  0  0  0  0  0  0  0
    4.5000    5.8664    6.2607 H   0  0  0  0  0  0  0  0  0  0  0  0
    5.5176    4.5000    6.7863 H   0  0  0  0  0  0  0  0  0  0  0  0
    5.2687    5.8954    7.8622 H   0  0  0  0  0  0  0  0  0  0  0  0
    7.1596    4.5542    4.9080 H   0  0  0  0  0  0  0  0  0  0  0  0
    8.0286    6.1339    4.5000 H   0  0  0  0  0  0  0  0  0  0  0  0
  1  8  1  0  0  0  0
  2  1  1  0  0  0  0
  2  5  1  0  0  0  0
  2  3  1  0  0  0  0
  3 11  1  0  0  0  0
  4  2  1  0  0  0  0
  4  5  1  0  0  0  0
  6  1  1  0  0  0  0
  7  1  1  0  0  0  0
  9  3  1  0  0  0  0
 10  3  1  0  0  0  0
 12  4  1  0  0  0  0
 13  4  1  0  0  0  0
M  END
