Lattice="13.7037431 0.0 0.0 0.0 13.291991620000001 0.0 0.0 0.0 13.41228557" Properties=species:S:1:pos:R:3:GW_charged:R:1:dKS_charged:R:1:dKS_neutral:R:1 pbc="T T T"
 OpenBabel12102409383D
Lattice="13.7037431 0.0 0.0 0.0 13.291991620000001 0.0 0.0 0.0 13.41228557" Properties=species:S:1:pos:R:3:GW_charged:R:1:dKS_charged:R:1:dKS_neutral:R:1 pbc="T T T"
 19 18  0  0  0  0  0  0  0  0999 V2000
    5.4404    8.1640    7.9115 C   0  0  0  0  0  0  0  0  0  0  0  0
    5.7463    6.7422    7.4346 C   0  0  0  0  0  0  0  0  0  0  0  0
    6.3670    6.6517    6.0297 C   0  0  0  0  0  0  0  0  0  0  0  0
    7.8363    7.0710    6.0260 C   0  0  0  0  0  0  0  0  0  0  0  0
    8.2635    7.2416    4.6669 O   0  0  0  0  0  0  0  0  0  0  0  0
    6.2158    5.2413    5.4382 C   0  0  0  0  0  0  0  0  0  0  0  0
    4.8523    4.8504    5.2375 O   0  0  0  0  0  0  0  0  0  0  0  0
    6.3407    8.7920    7.9684 H   0  0  0  0  0  0  0  0  0  0  0  0
    4.7335    8.6636    7.2334 H   0  0  0  0  0  0  0  0  0  0  0  0
    4.9875    8.1554    8.9123 H   0  0  0  0  0  0  0  0  0  0  0  0
    6.4149    6.2400    8.1554 H   0  0  0  0  0  0  0  0  0  0  0  0
    4.8163    6.1555    7.4256 H   0  0  0  0  0  0  0  0  0  0  0  0
    5.8353    7.3546    5.3611 H   0  0  0  0  0  0  0  0  0  0  0  0
    7.9616    8.0117    6.5896 H   0  0  0  0  0  0  0  0  0  0  0  0
    8.4433    6.2957    6.5329 H   0  0  0  0  0  0  0  0  0  0  0  0
    9.2037    7.4726    4.6706 H   0  0  0  0  0  0  0  0  0  0  0  0
    6.7883    5.1673    4.5000 H   0  0  0  0  0  0  0  0  0  0  0  0
    6.6287    4.5000    6.1404 H   0  0  0  0  0  0  0  0  0  0  0  0
    4.5000    5.3757    4.5030 H   0  0  0  0  0  0  0  0  0  0  0  0
  1  8  1  0  0  0  0
  1 10  1  0  0  0  0
  2  1  1  0  0  0  0
  2 11  1  0  0  0  0
  3  2  1  0  0  0  0
  4  3  1  0  0  0  0
  4 15  1  0  0  0  0
  4 14  1  0  0  0  0
  5 16  1  0  0  0  0
  5  4  1  0  0  0  0
  6  3  1  0  0  0  0
  6 18  1  0  0  0  0
  7  6  1  0  0  0  0
  9  1  1  0  0  0  0
 12  2  1  0  0  0  0
 13  3  1  0  0  0  0
 17  6  1  0  0  0  0
 19  7  1  0  0  0  0
M  END
