Lattice="12.77050111 0.0 0.0 0.0 14.6253435 0.0 0.0 0.0 13.673786419999999" Properties=species:S:1:pos:R:3:GW_charged:R:1:dKS_charged:R:1:dKS_neutral:R:1 pbc="T T T"
 OpenBabel12102409393D
Lattice="12.77050111 0.0 0.0 0.0 14.6253435 0.0 0.0 0.0 13.673786419999999" Properties=species:S:1:pos:R:3:GW_charged:R:1:dKS_charged:R:1:dKS_neutral:R:1 pbc="T T T"
 19 19  0  0  0  0  0  0  0  0999 V2000
    5.2061    9.3552    5.4486 C   0  0  0  0  0  0  0  0  0  0  0  0
    5.7531    8.0509    5.4899 O   0  0  0  0  0  0  0  0  0  0  0  0
    6.5590    7.8142    6.6526 C   0  0  0  0  0  0  0  0  0  0  0  0
    5.7071    7.6353    7.9452 C   0  0  0  0  0  0  0  0  0  0  0  0
    5.9590    6.1915    8.4317 C   0  0  0  0  0  0  0  0  0  0  0  0
    6.4025    5.4390    7.1688 C   0  0  0  0  0  0  0  0  0  0  0  0
    7.2820    6.4726    6.4529 C   0  0  0  0  0  0  0  0  0  0  0  0
    5.9999   10.1253    5.4870 H   0  0  0  0  0  0  0  0  0  0  0  0
    4.6641    9.4473    4.5000 H   0  0  0  0  0  0  0  0  0  0  0  0
    4.5000    9.5467    6.2773 H   0  0  0  0  0  0  0  0  0  0  0  0
    7.2737    8.6528    6.7501 H   0  0  0  0  0  0  0  0  0  0  0  0
    5.9440    8.3848    8.7114 H   0  0  0  0  0  0  0  0  0  0  0  0
    4.6486    7.7692    7.6791 H   0  0  0  0  0  0  0  0  0  0  0  0
    6.7727    6.1777    9.1738 H   0  0  0  0  0  0  0  0  0  0  0  0
    5.0776    5.7494    8.9147 H   0  0  0  0  0  0  0  0  0  0  0  0
    6.9279    4.5000    7.3875 H   0  0  0  0  0  0  0  0  0  0  0  0
    5.5297    5.1928    6.5447 H   0  0  0  0  0  0  0  0  0  0  0  0
    7.4409    6.2738    5.3859 H   0  0  0  0  0  0  0  0  0  0  0  0
    8.2705    6.5193    6.9358 H   0  0  0  0  0  0  0  0  0  0  0  0
  1  8  1  0  0  0  0
  1  2  1  0  0  0  0
  1 10  1  0  0  0  0
  2  3  1  0  0  0  0
  3 11  1  0  0  0  0
  3  4  1  0  0  0  0
  4  5  1  0  0  0  0
  4 12  1  0  0  0  0
  5 15  1  0  0  0  0
  5 14  1  0  0  0  0
  6 16  1  0  0  0  0
  6  5  1  0  0  0  0
  7  3  1  0  0  0  0
  7 19  1  0  0  0  0
  7  6  1  0  0  0  0
  9  1  1  0  0  0  0
 13  4  1  0  0  0  0
 17  6  1  0  0  0  0
 18  7  1  0  0  0  0
M  END
