Lattice="13.45087434 0.0 0.0 0.0 14.36684155 0.0 0.0 0.0 12.227848739999999" Properties=species:S:1:pos:R:3:GW_charged:R:1:dKS_charged:R:1:dKS_neutral:R:1 pbc="T T T"
 OpenBabel12102409383D
Lattice="13.45087434 0.0 0.0 0.0 14.36684155 0.0 0.0 0.0 12.227848739999999" Properties=species:S:1:pos:R:3:GW_charged:R:1:dKS_charged:R:1:dKS_neutral:R:1 pbc="T T T"
 17 17  0  0  0  0  0  0  0  0999 V2000
    8.0630    9.5022    5.6152 O   0  0  0  0  0  0  0  0  0  0  0  0
    8.1536    8.0739    5.6430 C   0  0  0  0  0  0  0  0  0  0  0  0
    6.7537    7.5072    5.4592 C   0  0  0  0  0  0  0  0  0  0  0  0
    6.7277    5.9867    5.4934 C   0  0  0  0  0  0  0  0  0  0  0  0
    6.9115    5.2691    6.8502 C   0  0  0  0  0  0  0  0  0  0  0  0
    5.6931    4.5000    6.6615 O   0  0  0  0  0  0  0  0  0  0  0  0
    5.3548    5.2815    5.4825 C   0  0  0  0  0  0  0  0  0  0  0  0
    8.9509    9.8668    5.7446 H   0  0  0  0  0  0  0  0  0  0  0  0
    8.8159    7.7060    4.8366 H   0  0  0  0  0  0  0  0  0  0  0  0
    8.5778    7.7278    6.6047 H   0  0  0  0  0  0  0  0  0  0  0  0
    6.1006    7.9125    6.2489 H   0  0  0  0  0  0  0  0  0  0  0  0
    6.3499    7.8688    4.5000 H   0  0  0  0  0  0  0  0  0  0  0  0
    7.3979    5.5746    4.7248 H   0  0  0  0  0  0  0  0  0  0  0  0
    7.7916    4.6185    6.9657 H   0  0  0  0  0  0  0  0  0  0  0  0
    6.8370    5.9365    7.7278 H   0  0  0  0  0  0  0  0  0  0  0  0
    4.5000    5.9538    5.6741 H   0  0  0  0  0  0  0  0  0  0  0  0
    5.1241    4.6400    4.6187 H   0  0  0  0  0  0  0  0  0  0  0  0
  1  2  1  0  0  0  0
  1  8  1  0  0  0  0
  2 10  1  0  0  0  0
  3  4  1  0  0  0  0
  3  2  1  0  0  0  0
  3 11  1  0  0  0  0
  4  5  1  0  0  0  0
  5 14  1  0  0  0  0
  5 15  1  0  0  0  0
  6  5  1  0  0  0  0
  7  4  1  0  0  0  0
  7 16  1  0  0  0  0
  7  6  1  0  0  0  0
  9  2  1  0  0  0  0
 12  3  1  0  0  0  0
 13  4  1  0  0  0  0
 17  7  1  0  0  0  0
M  END
