Lattice="14.074372369999999 0.0 0.0 0.0 14.85759232 0.0 0.0 0.0 13.98302633" Properties=species:S:1:pos:R:3:GW_charged:R:1:dKS_charged:R:1:dKS_neutral:R:1 pbc="T T T"
 OpenBabel12102411073D
Lattice="14.074372369999999 0.0 0.0 0.0 14.85759232 0.0 0.0 0.0 13.98302633" Properties=species:S:1:pos:R:3:GW_charged:R:1:dKS_charged:R:1:dKS_neutral:R:1 pbc="T T T"
 25 26  0  0  0  0  0  0  0  0999 V2000
    7.4109    9.8609    5.5064 C   0  0  0  0  0  0  0  0  0  0  0  0
    8.8533    9.5091    5.7897 C   0  0  0  0  0  0  0  0  0  0  0  0
    7.8078    8.4233    5.7326 C   0  0  0  0  0  0  0  0  0  0  0  0
    7.3830    7.6949    6.9914 C   0  0  0  0  0  0  0  0  0  0  0  0
    5.9479    7.1528    6.8786 C   0  0  0  0  0  0  0  0  0  0  0  0
    5.5131    6.3939    8.1380 C   0  0  0  0  0  0  0  0  0  0  0  0
    6.4977    5.2723    8.4903 C   0  0  0  0  0  0  0  0  0  0  0  0
    7.9309    5.8041    8.6127 C   0  0  0  0  0  0  0  0  0  0  0  0
    8.3612    6.5641    7.3524 C   0  0  0  0  0  0  0  0  0  0  0  0
    6.8463   10.3576    6.2958 H   0  0  0  0  0  0  0  0  0  0  0  0
    7.1431   10.1786    4.5000 H   0  0  0  0  0  0  0  0  0  0  0  0
    9.5744    9.5857    4.9774 H   0  0  0  0  0  0  0  0  0  0  0  0
    9.2554    9.7701    6.7689 H   0  0  0  0  0  0  0  0  0  0  0  0
    7.8297    7.7933    4.8387 H   0  0  0  0  0  0  0  0  0  0  0  0
    7.3988    8.4280    7.8216 H   0  0  0  0  0  0  0  0  0  0  0  0
    5.2557    7.9824    6.6686 H   0  0  0  0  0  0  0  0  0  0  0  0
    5.8926    6.4763    6.0070 H   0  0  0  0  0  0  0  0  0  0  0  0
    5.4511    7.1005    8.9840 H   0  0  0  0  0  0  0  0  0  0  0  0
    4.5000    5.9855    8.0039 H   0  0  0  0  0  0  0  0  0  0  0  0
    6.1932    4.7752    9.4237 H   0  0  0  0  0  0  0  0  0  0  0  0
    6.4640    4.5000    7.7023 H   0  0  0  0  0  0  0  0  0  0  0  0
    7.9932    6.4803    9.4830 H   0  0  0  0  0  0  0  0  0  0  0  0
    8.6295    4.9781    8.8146 H   0  0  0  0  0  0  0  0  0  0  0  0
    8.4178    5.8604    6.5027 H   0  0  0  0  0  0  0  0  0  0  0  0
    9.3736    6.9779    7.4771 H   0  0  0  0  0  0  0  0  0  0  0  0
  1  3  1  0  0  0  0
  1  2  1  0  0  0  0
  1 10  1  0  0  0  0
  2 13  1  0  0  0  0
  3  2  1  0  0  0  0
  3  4  1  0  0  0  0
  4  9  1  0  0  0  0
  4 15  1  0  0  0  0
  5  4  1  0  0  0  0
  5  6  1  0  0  0  0
  6  7  1  0  0  0  0
  6 18  1  0  0  0  0
  7  8  1  0  0  0  0
  7 20  1  0  0  0  0
  8 23  1  0  0  0  0
  8 22  1  0  0  0  0
  9 25  1  0  0  0  0
  9  8  1  0  0  0  0
 11  1  1  0  0  0  0
 12  2  1  0  0  0  0
 14  3  1  0  0  0  0
 16  5  1  0  0  0  0
 17  5  1  0  0  0  0
 19  6  1  0  0  0  0
 21  7  1  0  0  0  0
 24  9  1  0  0  0  0
M  END
