Lattice="12.62135173 0.0 0.0 0.0 15.53718095 0.0 0.0 0.0 12.970427090000001" Properties=species:S:1:pos:R:3:GW_charged:R:1:dKS_charged:R:1:dKS_neutral:R:1 pbc="T T T"
 OpenBabel12102409383D
Lattice="12.62135173 0.0 0.0 0.0 15.53718095 0.0 0.0 0.0 12.970427090000001" Properties=species:S:1:pos:R:3:GW_charged:R:1:dKS_charged:R:1:dKS_neutral:R:1 pbc="T T T"
 19 19  0  0  0  0  0  0  0  0999 V2000
    5.1775   10.5846    5.4725 C   0  0  0  0  0  0  0  0  0  0  0  0
    5.2439    9.1716    5.4465 O   0  0  0  0  0  0  0  0  0  0  0  0
    5.7362    8.6310    6.6663 C   0  0  0  0  0  0  0  0  0  0  0  0
    5.8102    7.1264    6.5510 C   0  0  0  0  0  0  0  0  0  0  0  0
    6.8918    6.4828    5.6398 C   0  0  0  0  0  0  0  0  0  0  0  0
    7.0959    5.3903    6.7222 C   0  0  0  0  0  0  0  0  0  0  0  0
    6.4082    6.3330    7.7460 C   0  0  0  0  0  0  0  0  0  0  0  0
    6.1742   11.0372    5.6332 H   0  0  0  0  0  0  0  0  0  0  0  0
    4.7909   10.9111    4.5000 H   0  0  0  0  0  0  0  0  0  0  0  0
    4.5000   10.9472    6.2686 H   0  0  0  0  0  0  0  0  0  0  0  0
    6.7421    9.0469    6.8863 H   0  0  0  0  0  0  0  0  0  0  0  0
    5.0729    8.9209    7.5081 H   0  0  0  0  0  0  0  0  0  0  0  0
    4.8139    6.7367    6.2918 H   0  0  0  0  0  0  0  0  0  0  0  0
    6.5904    6.1686    4.6336 H   0  0  0  0  0  0  0  0  0  0  0  0
    7.7706    7.1381    5.5508 H   0  0  0  0  0  0  0  0  0  0  0  0
    6.4852    4.5000    6.5205 H   0  0  0  0  0  0  0  0  0  0  0  0
    8.1214    5.0648    6.9369 H   0  0  0  0  0  0  0  0  0  0  0  0
    7.1459    6.9369    8.2951 H   0  0  0  0  0  0  0  0  0  0  0  0
    5.7105    5.8944    8.4704 H   0  0  0  0  0  0  0  0  0  0  0  0
  1  8  1  0  0  0  0
  1 10  1  0  0  0  0
  2  1  1  0  0  0  0
  2  3  1  0  0  0  0
  3 11  1  0  0  0  0
  3 12  1  0  0  0  0
  4  3  1  0  0  0  0
  4  7  1  0  0  0  0
  5  4  1  0  0  0  0
  5  6  1  0  0  0  0
  6 17  1  0  0  0  0
  6  7  1  0  0  0  0
  7 18  1  0  0  0  0
  7 19  1  0  0  0  0
  9  1  1  0  0  0  0
 13  4  1  0  0  0  0
 14  5  1  0  0  0  0
 15  5  1  0  0  0  0
 16  6  1  0  0  0  0
M  END
