Lattice="12.61855576 0.0 0.0 0.0 15.30904705 0.0 0.0 0.0 14.01860099" Properties=species:S:1:pos:R:3:GW_charged:R:1:dKS_charged:R:1:dKS_neutral:R:1 pbc="T T T"
 OpenBabel12102409273D
Lattice="12.61855576 0.0 0.0 0.0 15.30904705 0.0 0.0 0.0 14.01860099" Properties=species:S:1:pos:R:3:GW_charged:R:1:dKS_charged:R:1:dKS_neutral:R:1 pbc="T T T"
 17 16  0  0  0  0  0  0  0  0999 V2000
    5.6353   10.2048    8.6377 C   0  0  0  0  0  0  0  0  0  0  0  0
    5.5501    8.7169    8.3154 C   0  0  0  0  0  0  0  0  0  0  0  0
    6.3103    8.3153    7.0565 C   0  0  0  0  0  0  0  0  0  0  0  0
    6.6867    9.1171    6.2266 O   0  0  0  0  0  0  0  0  0  0  0  0
    6.5629    6.8161    6.9159 C   0  0  0  0  0  0  0  0  0  0  0  0
    7.0722    6.5026    5.6494 O   0  0  0  0  0  0  0  0  0  0  0  0
    7.3587    5.1211    5.5131 C   0  0  0  0  0  0  0  0  0  0  0  0
    6.6707   10.5066    8.8420 H   0  0  0  0  0  0  0  0  0  0  0  0
    5.2814   10.8090    7.7939 H   0  0  0  0  0  0  0  0  0  0  0  0
    5.0277   10.4478    9.5186 H   0  0  0  0  0  0  0  0  0  0  0  0
    5.8995    8.0973    9.1580 H   0  0  0  0  0  0  0  0  0  0  0  0
    4.5000    8.4132    8.1552 H   0  0  0  0  0  0  0  0  0  0  0  0
    7.2697    6.5240    7.7245 H   0  0  0  0  0  0  0  0  0  0  0  0
    5.6176    6.2712    7.1271 H   0  0  0  0  0  0  0  0  0  0  0  0
    8.1186    4.7883    6.2444 H   0  0  0  0  0  0  0  0  0  0  0  0
    6.4529    4.5000    5.6428 H   0  0  0  0  0  0  0  0  0  0  0  0
    7.7498    4.9750    4.5000 H   0  0  0  0  0  0  0  0  0  0  0  0
  1  8  1  0  0  0  0
  1 10  1  0  0  0  0
  2  1  1  0  0  0  0
  2 11  1  0  0  0  0
  3  2  1  0  0  0  0
  4  3  2  0  0  0  0
  5  3  1  0  0  0  0
  5 14  1  0  0  0  0
  5 13  1  0  0  0  0
  6  5  1  0  0  0  0
  7 16  1  0  0  0  0
  7  6  1  0  0  0  0
  7 15  1  0  0  0  0
  9  1  1  0  0  0  0
 12  2  1  0  0  0  0
 17  7  1  0  0  0  0
M  END
