Lattice="13.18253964 0.0 0.0 0.0 14.30085572 0.0 0.0 0.0 13.7307016" Properties=species:S:1:pos:R:3:GW_charged:R:1:dKS_charged:R:1:dKS_neutral:R:1 pbc="T T T"
 OpenBabel12102409373D
Lattice="13.18253964 0.0 0.0 0.0 14.30085572 0.0 0.0 0.0 13.7307016" Properties=species:S:1:pos:R:3:GW_charged:R:1:dKS_charged:R:1:dKS_neutral:R:1 pbc="T T T"
 19 19  0  0  1  0  0  0  0  0999 V2000
    5.4063    9.3418    6.6717 C   0  0  0  0  0  0  0  0  0  0  0  0
    5.5132    7.8341    6.5608 C   0  0  1  0  0  0  0  0  0  0  0  0
    6.2070    7.3045    5.2861 C   0  0  0  0  0  0  0  0  0  0  0  0
    6.9868    6.0629    5.7748 C   0  0  0  0  0  0  0  0  0  0  0  0
    6.6701    5.9947    7.2854 C   0  0  1  0  0  0  0  0  0  0  0  0
    7.8058    5.5279    8.1737 C   0  0  0  0  0  0  0  0  0  0  0  0
    6.3075    7.3345    7.6448 O   0  0  0  0  0  0  0  0  0  0  0  0
    6.4033    9.8009    6.6213 H   0  0  0  0  0  0  0  0  0  0  0  0
    4.7967    9.7430    5.8505 H   0  0  0  0  0  0  0  0  0  0  0  0
    4.9375    9.6336    7.6203 H   0  0  0  0  0  0  0  0  0  0  0  0
    4.5000    7.3852    6.6329 H   0  0  0  0  0  0  0  0  0  0  0  0
    5.4775    7.0711    4.5000 H   0  0  0  0  0  0  0  0  0  0  0  0
    6.8904    8.0661    4.8860 H   0  0  0  0  0  0  0  0  0  0  0  0
    6.6896    5.1398    5.2608 H   0  0  0  0  0  0  0  0  0  0  0  0
    8.0673    6.1918    5.6225 H   0  0  0  0  0  0  0  0  0  0  0  0
    5.7868    5.3395    7.4394 H   0  0  0  0  0  0  0  0  0  0  0  0
    8.6825    6.1781    8.0473 H   0  0  0  0  0  0  0  0  0  0  0  0
    7.5104    5.5453    9.2307 H   0  0  0  0  0  0  0  0  0  0  0  0
    8.0950    4.5000    7.9156 H   0  0  0  0  0  0  0  0  0  0  0  0
  1 10  1  0  0  0  0
  2 11  1  1  0  0  0
  2  1  1  0  0  0  0
  2  7  1  0  0  0  0
  3  4  1  0  0  0  0
  3  2  1  0  0  0  0
  4  5  1  0  0  0  0
  5 16  1  1  0  0  0
  5  7  1  0  0  0  0
  5  6  1  0  0  0  0
  6 18  1  0  0  0  0
  8  1  1  0  0  0  0
  9  1  1  0  0  0  0
 12  3  1  0  0  0  0
 13  3  1  0  0  0  0
 14  4  1  0  0  0  0
 15  4  1  0  0  0  0
 17  6  1  0  0  0  0
 19  6  1  0  0  0  0
M  END
