Lattice="13.93720865 0.0 0.0 0.0 16.554031979999998 0.0 0.0 0.0 12.085593939999999" Properties=species:S:1:pos:R:3:GW_charged:R:1:dKS_charged:R:1:dKS_neutral:R:1 pbc="T T T"
 OpenBabel12102409453D
Lattice="13.93720865 0.0 0.0 0.0 16.554031979999998 0.0 0.0 0.0 12.085593939999999" Properties=species:S:1:pos:R:3:GW_charged:R:1:dKS_charged:R:1:dKS_neutral:R:1 pbc="T T T"
 19 19  0  0  0  0  0  0  0  0999 V2000
    6.9272    5.5609    4.9902 C   0  0  0  0  0  0  0  0  0  0  0  0
    6.8752    6.7662    5.1349 C   0  0  0  0  0  0  0  0  0  0  0  0
    6.8815    8.1782    5.3112 C   0  0  0  0  0  0  0  0  0  0  0  0
    5.7163    8.8667    5.2880 C   0  0  0  0  0  0  0  0  0  0  0  0
    5.5678   10.3557    5.4261 C   0  0  0  0  0  0  0  0  0  0  0  0
    6.3061   11.0052    6.6034 C   0  0  0  0  0  0  0  0  0  0  0  0
    7.7206   11.0559    6.4603 O   0  0  0  0  0  0  0  0  0  0  0  0
    8.3765    9.8065    6.6532 C   0  0  0  0  0  0  0  0  0  0  0  0
    8.2472    8.8267    5.4848 C   0  0  0  0  0  0  0  0  0  0  0  0
    6.9544    4.5000    4.8597 H   0  0  0  0  0  0  0  0  0  0  0  0
    4.8024    8.2913    5.1296 H   0  0  0  0  0  0  0  0  0  0  0  0
    5.9081   10.8542    4.5000 H   0  0  0  0  0  0  0  0  0  0  0  0
    4.5000   10.6010    5.5264 H   0  0  0  0  0  0  0  0  0  0  0  0
    5.9897   12.0540    6.6910 H   0  0  0  0  0  0  0  0  0  0  0  0
    6.0412   10.4853    7.5443 H   0  0  0  0  0  0  0  0  0  0  0  0
    9.4372   10.0605    6.7881 H   0  0  0  0  0  0  0  0  0  0  0  0
    8.0157    9.3312    7.5856 H   0  0  0  0  0  0  0  0  0  0  0  0
    8.9973    8.0355    5.6208 H   0  0  0  0  0  0  0  0  0  0  0  0
    8.5178    9.3560    4.5552 H   0  0  0  0  0  0  0  0  0  0  0  0
  1  2  3  0  0  0  0
  2  3  1  0  0  0  0
  3  9  1  0  0  0  0
  4  3  2  0  0  0  0
  4  5  1  0  0  0  0
  5 13  1  0  0  0  0
  5  6  1  0  0  0  0
  6 14  1  0  0  0  0
  6 15  1  0  0  0  0
  7  6  1  0  0  0  0
  7  8  1  0  0  0  0
  8 16  1  0  0  0  0
  8 17  1  0  0  0  0
  9 18  1  0  0  0  0
  9  8  1  0  0  0  0
 10  1  1  0  0  0  0
 11  4  1  0  0  0  0
 12  5  1  0  0  0  0
 19  9  1  0  0  0  0
M  END
