Lattice="13.2017717 0.0 0.0 0.0 14.638001299999999 0.0 0.0 0.0 13.752550880000001" Properties=species:S:1:pos:R:3:GW_charged:R:1:dKS_charged:R:1:dKS_neutral:R:1 pbc="T T T"
 OpenBabel12102409373D
Lattice="13.2017717 0.0 0.0 0.0 14.638001299999999 0.0 0.0 0.0 13.752550880000001" Properties=species:S:1:pos:R:3:GW_charged:R:1:dKS_charged:R:1:dKS_neutral:R:1 pbc="T T T"
 21 21  0  0  1  0  0  0  0  0999 V2000
    5.2678    9.6019    6.5394 C   0  0  0  0  0  0  0  0  0  0  0  0
    5.4880    8.0922    6.5612 C   0  0  1  0  0  0  0  0  0  0  0  0
    6.2822    7.5482    5.3467 C   0  0  0  0  0  0  0  0  0  0  0  0
    7.0519    6.3003    5.8539 C   0  0  0  0  0  0  0  0  0  0  0  0
    6.6859    6.1432    7.3513 C   0  0  1  0  0  0  0  0  0  0  0  0
    7.7826    5.5071    8.2002 C   0  0  0  0  0  0  0  0  0  0  0  0
    6.2815    7.5656    7.7661 C   0  0  0  0  0  0  0  0  0  0  0  0
    6.2293   10.1380    6.5358 H   0  0  0  0  0  0  0  0  0  0  0  0
    4.7109    9.9144    5.6443 H   0  0  0  0  0  0  0  0  0  0  0  0
    4.7002    9.9408    7.4179 H   0  0  0  0  0  0  0  0  0  0  0  0
    4.5000    7.5987    6.5750 H   0  0  0  0  0  0  0  0  0  0  0  0
    5.6197    7.3234    4.5000 H   0  0  0  0  0  0  0  0  0  0  0  0
    6.9871    8.3167    4.9947 H   0  0  0  0  0  0  0  0  0  0  0  0
    6.8134    5.3928    5.2830 H   0  0  0  0  0  0  0  0  0  0  0  0
    8.1375    6.4535    5.7556 H   0  0  0  0  0  0  0  0  0  0  0  0
    5.7837    5.5097    7.4203 H   0  0  0  0  0  0  0  0  0  0  0  0
    8.7018    6.1123    8.1704 H   0  0  0  0  0  0  0  0  0  0  0  0
    7.4778    5.4151    9.2526 H   0  0  0  0  0  0  0  0  0  0  0  0
    8.0373    4.5000    7.8397 H   0  0  0  0  0  0  0  0  0  0  0  0
    7.1871    8.1819    7.9139 H   0  0  0  0  0  0  0  0  0  0  0  0
    5.7108    7.5959    8.7058 H   0  0  0  0  0  0  0  0  0  0  0  0
  1  2  1  0  0  0  0
  1 10  1  0  0  0  0
  2 11  1  1  0  0  0
  2  7  1  0  0  0  0
  3  4  1  0  0  0  0
  3  2  1  0  0  0  0
  4  5  1  0  0  0  0
  5 16  1  1  0  0  0
  5  7  1  0  0  0  0
  5  6  1  0  0  0  0
  6 18  1  0  0  0  0
  7 20  1  0  0  0  0
  7 21  1  0  0  0  0
  8  1  1  0  0  0  0
  9  1  1  0  0  0  0
 12  3  1  0  0  0  0
 13  3  1  0  0  0  0
 14  4  1  0  0  0  0
 15  4  1  0  0  0  0
 17  6  1  0  0  0  0
 19  6  1  0  0  0  0
M  END
