Lattice="14.23102952 0.0 0.0 0.0 14.32664357 0.0 0.0 0.0 12.65455291" Properties=species:S:1:pos:R:3:GW_charged:R:1:dKS_charged:R:1:dKS_neutral:R:1 pbc="T T T"
 OpenBabel12102409453D
Lattice="14.23102952 0.0 0.0 0.0 14.32664357 0.0 0.0 0.0 12.65455291" Properties=species:S:1:pos:R:3:GW_charged:R:1:dKS_charged:R:1:dKS_neutral:R:1 pbc="T T T"
 19 21  0  0  1  0  0  0  0  0999 V2000
    5.2966    5.5690    5.3560 C   0  0  0  0  0  0  0  0  0  0  0  0
    5.3048    6.7811    5.3518 C   0  0  0  0  0  0  0  0  0  0  0  0
    5.3217    8.2147    5.3687 C   0  0  1  0  0  0  0  0  0  0  0  0
    5.7406    9.0271    6.5842 C   0  0  1  0  0  0  0  0  0  0  0  0
    6.8583    8.3246    7.3660 C   0  0  0  0  0  0  0  0  0  0  0  0
    7.7111    8.3466    6.0787 C   0  0  0  0  0  0  0  0  0  0  0  0
    9.1685    8.6921    5.9912 C   0  0  0  0  0  0  0  0  0  0  0  0
    8.6796    7.3241    5.5635 C   0  0  0  0  0  0  0  0  0  0  0  0
    6.6001    9.0407    5.3196 C   0  0  1  0  0  0  0  0  0  0  0  0
    5.2859    4.5000    5.3481 H   0  0  0  0  0  0  0  0  0  0  0  0
    4.5000    8.6799    4.8188 H   0  0  0  0  0  0  0  0  0  0  0  0
    5.0849    9.8054    6.9704 H   0  0  0  0  0  0  0  0  0  0  0  0
    7.2794    8.9612    8.1546 H   0  0  0  0  0  0  0  0  0  0  0  0
    6.6082    7.3385    7.7829 H   0  0  0  0  0  0  0  0  0  0  0  0
    9.4823    9.3916    5.2160 H   0  0  0  0  0  0  0  0  0  0  0  0
    9.7310    8.7721    6.9216 H   0  0  0  0  0  0  0  0  0  0  0  0
    8.9038    6.4743    6.2071 H   0  0  0  0  0  0  0  0  0  0  0  0
    8.6569    7.0896    4.5000 H   0  0  0  0  0  0  0  0  0  0  0  0
    6.7235    9.8266    4.5749 H   0  0  0  0  0  0  0  0  0  0  0  0
  2  1  3  0  0  0  0
  2  3  1  0  0  0  0
  3 11  1  6  0  0  0
  3  4  1  0  0  0  0
  4 12  1  1  0  0  0
  4  5  1  0  0  0  0
  5 14  1  0  0  0  0
  5 13  1  0  0  0  0
  6  5  1  0  0  0  0
  7  6  1  0  0  0  0
  7 16  1  0  0  0  0
  8  7  1  0  0  0  0
  8  6  1  0  0  0  0
  8 17  1  0  0  0  0
  9 19  1  6  0  0  0
  9  3  1  0  0  0  0
  9  6  1  0  0  0  0
  9  4  1  0  0  0  0
 10  1  1  0  0  0  0
 15  7  1  0  0  0  0
 18  8  1  0  0  0  0
M  END
