Lattice="13.75251068 0.0 0.0 0.0 12.8874365 0.0 0.0 0.0 13.36001938" Properties=species:S:1:pos:R:3:GW_charged:R:1:dKS_charged:R:1:dKS_neutral:R:1 pbc="T T T"
 OpenBabel12102411063D
Lattice="13.75251068 0.0 0.0 0.0 12.8874365 0.0 0.0 0.0 13.36001938" Properties=species:S:1:pos:R:3:GW_charged:R:1:dKS_charged:R:1:dKS_neutral:R:1 pbc="T T T"
 21 23  0  0  1  0  0  0  0  0999 V2000
    5.4376    7.2731    6.6936 C   0  0  0  0  0  0  0  0  0  0  0  0
    6.9772    7.3872    6.6915 C   0  0  1  0  0  0  0  0  0  0  0  0
    7.2324    6.7134    8.0539 C   0  0  0  0  0  0  0  0  0  0  0  0
    6.5811    5.3537    7.7292 C   0  0  2  0  0  0  0  0  0  0  0  0
    7.6013    4.5148    7.1420 O   0  0  0  0  0  0  0  0  0  0  0  0
    8.3539    5.2796    6.1769 C   0  0  0  0  0  0  0  0  0  0  0  0
    7.4177    6.3367    5.5775 C   0  0  1  0  0  0  0  0  0  0  0  0
    6.1142    5.5434    5.2907 C   0  0  0  0  0  0  0  0  0  0  0  0
    5.4548    5.7268    6.6664 C   0  0  2  0  0  0  0  0  0  0  0  0
    4.9887    7.7187    7.5911 H   0  0  0  0  0  0  0  0  0  0  0  0
    4.9405    7.6945    5.8099 H   0  0  0  0  0  0  0  0  0  0  0  0
    7.4065    8.3874    6.5624 H   0  0  0  0  0  0  0  0  0  0  0  0
    8.2817    6.5908    8.3480 H   0  0  0  0  0  0  0  0  0  0  0  0
    6.7196    7.2556    8.8600 H   0  0  0  0  0  0  0  0  0  0  0  0
    6.1968    4.7940    8.5883 H   0  0  0  0  0  0  0  0  0  0  0  0
    9.2525    5.7235    6.6419 H   0  0  0  0  0  0  0  0  0  0  0  0
    8.6906    4.5664    5.4104 H   0  0  0  0  0  0  0  0  0  0  0  0
    7.8646    6.8169    4.6984 H   0  0  0  0  0  0  0  0  0  0  0  0
    5.4958    5.9883    4.5000 H   0  0  0  0  0  0  0  0  0  0  0  0
    6.3211    4.5000    5.0243 H   0  0  0  0  0  0  0  0  0  0  0  0
    4.5000    5.2094    6.8153 H   0  0  0  0  0  0  0  0  0  0  0  0
  1 10  1  0  0  0  0
  2 12  1  6  0  0  0
  2  1  1  0  0  0  0
  2  3  1  0  0  0  0
  3 13  1  0  0  0  0
  3 14  1  0  0  0  0
  4  3  1  0  0  0  0
  4 15  1  1  0  0  0
  5  4  1  0  0  0  0
  6 16  1  0  0  0  0
  6  5  1  0  0  0  0
  7 18  1  6  0  0  0
  7  6  1  0  0  0  0
  7  2  1  0  0  0  0
  8  7  1  0  0  0  0
  8  9  1  0  0  0  0
  9  1  1  0  0  0  0
  9 21  1  1  0  0  0
  9  4  1  0  0  0  0
 11  1  1  0  0  0  0
 17  6  1  0  0  0  0
 19  8  1  0  0  0  0
 20  8  1  0  0  0  0
M  END
