Lattice="13.130002430000001 0.0 0.0 0.0 14.04719627 0.0 0.0 0.0 13.534255510000001" Properties=species:S:1:pos:R:3:GW_charged:R:1:dKS_charged:R:1:dKS_neutral:R:1 pbc="T T T"
 OpenBabel12102411073D
Lattice="13.130002430000001 0.0 0.0 0.0 14.04719627 0.0 0.0 0.0 13.534255510000001" Properties=species:S:1:pos:R:3:GW_charged:R:1:dKS_charged:R:1:dKS_neutral:R:1 pbc="T T T"
 23 25  0  0  1  0  0  0  0  0999 V2000
    6.2914    8.7878    8.0135 C   0  0  0  0  0  0  0  0  0  0  0  0
    7.8231    8.6888    7.6771 C   0  0  0  0  0  0  0  0  0  0  0  0
    7.4631    7.4593    6.7964 C   0  0  1  0  0  0  0  0  0  0  0  0
    6.8580    7.8696    5.4176 C   0  0  0  0  0  0  0  0  0  0  0  0
    5.4509    7.2019    5.3936 C   0  0  0  0  0  0  0  0  0  0  0  0
    5.4711    6.3664    6.6811 C   0  0  1  0  0  0  0  0  0  0  0  0
    6.5872    5.2683    6.5177 C   0  0  0  0  0  0  0  0  0  0  0  0
    7.9755    6.0279    6.6587 C   0  0  0  0  0  0  0  0  0  0  0  0
    6.2144    7.2656    7.6739 C   0  0  2  0  0  0  0  0  0  0  0  0
    6.0146    9.0774    9.0343 H   0  0  0  0  0  0  0  0  0  0  0  0
    5.7533    9.4345    7.3094 H   0  0  0  0  0  0  0  0  0  0  0  0
    8.3063    9.5472    7.1915 H   0  0  0  0  0  0  0  0  0  0  0  0
    8.4047    8.4082    8.5661 H   0  0  0  0  0  0  0  0  0  0  0  0
    6.7888    8.9594    5.3078 H   0  0  0  0  0  0  0  0  0  0  0  0
    7.5033    7.5137    4.6032 H   0  0  0  0  0  0  0  0  0  0  0  0
    4.6507    7.9555    5.4250 H   0  0  0  0  0  0  0  0  0  0  0  0
    5.2822    6.5855    4.5000 H   0  0  0  0  0  0  0  0  0  0  0  0
    4.5000    5.9444    6.9713 H   0  0  0  0  0  0  0  0  0  0  0  0
    6.4884    4.5000    7.2964 H   0  0  0  0  0  0  0  0  0  0  0  0
    6.4935    4.7588    5.5488 H   0  0  0  0  0  0  0  0  0  0  0  0
    8.6300    5.8556    5.7928 H   0  0  0  0  0  0  0  0  0  0  0  0
    8.5117    5.6973    7.5591 H   0  0  0  0  0  0  0  0  0  0  0  0
    6.4700    6.7062    8.5877 H   0  0  0  0  0  0  0  0  0  0  0  0
  1 10  1  0  0  0  0
  2  1  1  0  0  0  0
  2 13  1  0  0  0  0
  3  4  1  6  0  0  0
  3  9  1  0  0  0  0
  3  2  1  0  0  0  0
  5  4  1  0  0  0  0
  5 16  1  0  0  0  0
  5  6  1  0  0  0  0
  6 18  1  1  0  0  0
  6  9  1  0  0  0  0
  7  8  1  0  0  0  0
  7  6  1  0  0  0  0
  7 19  1  0  0  0  0
  8  3  1  0  0  0  0
  8 22  1  0  0  0  0
  9  1  1  0  0  0  0
  9 23  1  1  0  0  0
 11  1  1  0  0  0  0
 12  2  1  0  0  0  0
 14  4  1  0  0  0  0
 15  4  1  0  0  0  0
 17  5  1  0  0  0  0
 20  7  1  0  0  0  0
 21  8  1  0  0  0  0
M  END
