Lattice="14.99621821 0.0 0.0 0.0 14.70570479 0.0 0.0 0.0 12.11738005" Properties=species:S:1:pos:R:3:GW_charged:R:1:dKS_charged:R:1:dKS_neutral:R:1 pbc="T T T"
 OpenBabel12102411073D
Lattice="14.99621821 0.0 0.0 0.0 14.70570479 0.0 0.0 0.0 12.11738005" Properties=species:S:1:pos:R:3:GW_charged:R:1:dKS_charged:R:1:dKS_neutral:R:1 pbc="T T T"
 25 26  0  0  1  0  0  0  0  0999 V2000
    5.1675    8.8375    5.5569 C   0  0  0  0  0  0  0  0  0  0  0  0
    6.6558    9.2902    5.6092 C   0  0  0  0  0  0  0  0  0  0  0  0
    7.4050    8.0842    6.1881 C   0  0  2  0  0  0  0  0  0  0  0  0
    8.9087    7.9691    5.9587 C   0  0  0  0  0  0  0  0  0  0  0  0
    9.4248    6.6314    6.5172 C   0  0  0  0  0  0  0  0  0  0  0  0
    8.6442    5.4238    5.9724 C   0  0  0  0  0  0  0  0  0  0  0  0
    7.1246    5.5653    6.1686 C   0  0  0  0  0  0  0  0  0  0  0  0
    6.6452    6.8912    5.5864 C   0  0  1  0  0  0  0  0  0  0  0  0
    5.1778    7.2958    5.7708 C   0  0  0  0  0  0  0  0  0  0  0  0
    4.5714    9.3364    6.3322 H   0  0  0  0  0  0  0  0  0  0  0  0
    4.7107    9.1036    4.5947 H   0  0  0  0  0  0  0  0  0  0  0  0
    7.0296    9.5025    4.5948 H   0  0  0  0  0  0  0  0  0  0  0  0
    6.7997   10.2057    6.1987 H   0  0  0  0  0  0  0  0  0  0  0  0
    7.2258    8.0619    7.2817 H   0  0  0  0  0  0  0  0  0  0  0  0
    9.1163    8.0261    4.8754 H   0  0  0  0  0  0  0  0  0  0  0  0
    9.4469    8.8095    6.4243 H   0  0  0  0  0  0  0  0  0  0  0  0
   10.4962    6.5142    6.2955 H   0  0  0  0  0  0  0  0  0  0  0  0
    9.3389    6.6487    7.6174 H   0  0  0  0  0  0  0  0  0  0  0  0
    8.8549    5.3158    4.8944 H   0  0  0  0  0  0  0  0  0  0  0  0
    9.0053    4.5000    6.4490 H   0  0  0  0  0  0  0  0  0  0  0  0
    6.5998    4.7152    5.7054 H   0  0  0  0  0  0  0  0  0  0  0  0
    6.8829    5.5330    7.2459 H   0  0  0  0  0  0  0  0  0  0  0  0
    6.8650    6.8841    4.5000 H   0  0  0  0  0  0  0  0  0  0  0  0
    4.8539    7.0468    6.7940 H   0  0  0  0  0  0  0  0  0  0  0  0
    4.5000    6.7685    5.0860 H   0  0  0  0  0  0  0  0  0  0  0  0
  1  2  1  0  0  0  0
  1  9  1  0  0  0  0
  1 10  1  0  0  0  0
  2  3  1  0  0  0  0
  2 13  1  0  0  0  0
  3 14  1  1  0  0  0
  4  3  1  0  0  0  0
  4 16  1  0  0  0  0
  4  5  1  0  0  0  0
  5 18  1  0  0  0  0
  6  7  1  0  0  0  0
  6 20  1  0  0  0  0
  6  5  1  0  0  0  0
  7 22  1  0  0  0  0
  8 23  1  6  0  0  0
  8  9  1  0  0  0  0
  8  7  1  0  0  0  0
  8  3  1  0  0  0  0
  9 24  1  0  0  0  0
 11  1  1  0  0  0  0
 12  2  1  0  0  0  0
 15  4  1  0  0  0  0
 17  5  1  0  0  0  0
 19  6  1  0  0  0  0
 21  7  1  0  0  0  0
 25  9  1  0  0  0  0
M  END
