Lattice="13.114511239999999 0.0 0.0 0.0 15.94124732 0.0 0.0 0.0 10.79352531" Properties=species:S:1:pos:R:3:GW_charged:R:1:dKS_charged:R:1:dKS_neutral:R:1 pbc="T T T"
 OpenBabel12102409263D
Lattice="13.114511239999999 0.0 0.0 0.0 15.94124732 0.0 0.0 0.0 10.79352531" Properties=species:S:1:pos:R:3:GW_charged:R:1:dKS_charged:R:1:dKS_neutral:R:1 pbc="T T T"
 17 16  0  0  0  0  0  0  0  0999 V2000
    7.3644   10.9651    5.3968 C   0  0  0  0  0  0  0  0  0  0  0  0
    7.5183    9.4553    5.3877 C   0  0  0  0  0  0  0  0  0  0  0  0
    8.6145    8.9241    5.3746 O   0  0  0  0  0  0  0  0  0  0  0  0
    6.2251    8.6479    5.3959 C   0  0  0  0  0  0  0  0  0  0  0  0
    6.4244    7.1364    5.3856 C   0  0  0  0  0  0  0  0  0  0  0  0
    5.1026    6.3848    5.3942 C   0  0  0  0  0  0  0  0  0  0  0  0
    5.3889    4.9824    5.3836 O   0  0  0  0  0  0  0  0  0  0  0  0
    8.3496   11.4412    5.3907 H   0  0  0  0  0  0  0  0  0  0  0  0
    6.7880   11.2984    4.5212 H   0  0  0  0  0  0  0  0  0  0  0  0
    6.8032   11.2894    6.2855 H   0  0  0  0  0  0  0  0  0  0  0  0
    5.6410    8.9687    6.2771 H   0  0  0  0  0  0  0  0  0  0  0  0
    5.6238    8.9783    4.5298 H   0  0  0  0  0  0  0  0  0  0  0  0
    7.0040    6.8395    4.5000 H   0  0  0  0  0  0  0  0  0  0  0  0
    7.0210    6.8298    6.2565 H   0  0  0  0  0  0  0  0  0  0  0  0
    4.5173    6.6572    6.2935 H   0  0  0  0  0  0  0  0  0  0  0  0
    4.5000    6.6672    4.5095 H   0  0  0  0  0  0  0  0  0  0  0  0
    4.5492    4.5000    5.3891 H   0  0  0  0  0  0  0  0  0  0  0  0
  1 10  1  0  0  0  0
  2  4  1  0  0  0  0
  2  1  1  0  0  0  0
  3  2  2  0  0  0  0
  4 11  1  0  0  0  0
  5  6  1  0  0  0  0
  5  4  1  0  0  0  0
  5 14  1  0  0  0  0
  6 15  1  0  0  0  0
  7 17  1  0  0  0  0
  7  6  1  0  0  0  0
  8  1  1  0  0  0  0
  9  1  1  0  0  0  0
 12  4  1  0  0  0  0
 13  5  1  0  0  0  0
 16  6  1  0  0  0  0
M  END
