Lattice="12.62627217 0.0 0.0 0.0 13.64764753 0.0 0.0 0.0 13.136516180000001" Properties=species:S:1:pos:R:3:GW_charged:R:1:dKS_charged:R:1:dKS_neutral:R:1 pbc="T T T"
 OpenBabel12102409383D
Lattice="12.62627217 0.0 0.0 0.0 13.64764753 0.0 0.0 0.0 13.136516180000001" Properties=species:S:1:pos:R:3:GW_charged:R:1:dKS_charged:R:1:dKS_neutral:R:1 pbc="T T T"
 17 18  0  0  1  0  0  0  0  0999 V2000
    6.2331    8.5688    6.5716 C   0  0  0  0  0  0  0  0  0  0  0  0
    5.5903    7.1779    6.5351 C   0  0  1  0  0  0  0  0  0  0  0  0
    6.0560    6.3290    5.3146 C   0  0  0  0  0  0  0  0  0  0  0  0
    7.0966    5.3765    5.8574 C   0  0  1  0  0  0  0  0  0  0  0  0
    8.1263    6.0193    6.6433 O   0  0  0  0  0  0  0  0  0  0  0  0
    7.0303    5.3686    7.3263 C   0  0  1  0  0  0  0  0  0  0  0  0
    5.9446    6.3157    7.7833 C   0  0  0  0  0  0  0  0  0  0  0  0
    7.3272    8.4957    6.6205 H   0  0  0  0  0  0  0  0  0  0  0  0
    5.9683    9.1476    5.6749 H   0  0  0  0  0  0  0  0  0  0  0  0
    5.8884    9.1381    7.4470 H   0  0  0  0  0  0  0  0  0  0  0  0
    4.5000    7.3118    6.4866 H   0  0  0  0  0  0  0  0  0  0  0  0
    5.2250    5.7378    4.8981 H   0  0  0  0  0  0  0  0  0  0  0  0
    6.4468    6.9561    4.5000 H   0  0  0  0  0  0  0  0  0  0  0  0
    7.4313    4.5143    5.2748 H   0  0  0  0  0  0  0  0  0  0  0  0
    7.3116    4.5000    7.9274 H   0  0  0  0  0  0  0  0  0  0  0  0
    6.2601    6.9338    8.6365 H   0  0  0  0  0  0  0  0  0  0  0  0
    5.0797    5.7205    8.1169 H   0  0  0  0  0  0  0  0  0  0  0  0
  1  8  1  0  0  0  0
  1 10  1  0  0  0  0
  2 11  1  6  0  0  0
  2  1  1  0  0  0  0
  2  7  1  0  0  0  0
  3  4  1  0  0  0  0
  3  2  1  0  0  0  0
  4 14  1  6  0  0  0
  4  5  1  0  0  0  0
  4  6  1  0  0  0  0
  5  6  1  0  0  0  0
  6  7  1  0  0  0  0
  6 15  1  1  0  0  0
  7 17  1  0  0  0  0
  7 16  1  0  0  0  0
  9  1  1  0  0  0  0
 12  3  1  0  0  0  0
 13  3  1  0  0  0  0
M  END
