Lattice="13.07404927 0.0 0.0 0.0 15.23082638 0.0 0.0 0.0 13.28704646" Properties=species:S:1:pos:R:3:GW_charged:R:1:dKS_charged:R:1:dKS_neutral:R:1 pbc="T T T"
 OpenBabel12102411073D
Lattice="13.07404927 0.0 0.0 0.0 15.23082638 0.0 0.0 0.0 13.28704646" Properties=species:S:1:pos:R:3:GW_charged:R:1:dKS_charged:R:1:dKS_neutral:R:1 pbc="T T T"
 23 24  0  0  0  0  0  0  0  0999 V2000
    5.4639    9.2348    7.7911 C   0  0  0  0  0  0  0  0  0  0  0  0
    6.4571    9.8222    6.7763 C   0  0  0  0  0  0  0  0  0  0  0  0
    7.4297    8.6587    6.5305 C   0  0  0  0  0  0  0  0  0  0  0  0
    6.5978    7.3519    6.6861 C   0  0  0  0  0  0  0  0  0  0  0  0
    5.2301    7.8217    7.2453 C   0  0  0  0  0  0  0  0  0  0  0  0
    6.4818    6.4938    5.4099 C   0  0  0  0  0  0  0  0  0  0  0  0
    7.6004    5.4609    5.5659 C   0  0  0  0  0  0  0  0  0  0  0  0
    7.5450    5.2171    7.0717 C   0  0  0  0  0  0  0  0  0  0  0  0
    7.2787    6.4965    7.6526 O   0  0  0  0  0  0  0  0  0  0  0  0
    5.9313    9.1857    8.7870 H   0  0  0  0  0  0  0  0  0  0  0  0
    4.5402    9.8207    7.8881 H   0  0  0  0  0  0  0  0  0  0  0  0
    5.9254   10.0875    5.8479 H   0  0  0  0  0  0  0  0  0  0  0  0
    6.9611   10.7308    7.1316 H   0  0  0  0  0  0  0  0  0  0  0  0
    7.9440    8.7118    5.5610 H   0  0  0  0  0  0  0  0  0  0  0  0
    8.2029    8.6414    7.3109 H   0  0  0  0  0  0  0  0  0  0  0  0
    4.8539    7.1037    7.9849 H   0  0  0  0  0  0  0  0  0  0  0  0
    4.5000    7.8645    6.4207 H   0  0  0  0  0  0  0  0  0  0  0  0
    5.5048    5.9863    5.3891 H   0  0  0  0  0  0  0  0  0  0  0  0
    6.5573    7.1026    4.5000 H   0  0  0  0  0  0  0  0  0  0  0  0
    7.4403    4.5502    4.9745 H   0  0  0  0  0  0  0  0  0  0  0  0
    8.5740    5.8886    5.2848 H   0  0  0  0  0  0  0  0  0  0  0  0
    6.7382    4.5000    7.3227 H   0  0  0  0  0  0  0  0  0  0  0  0
    8.4836    4.8410    7.5013 H   0  0  0  0  0  0  0  0  0  0  0  0
  1 11  1  0  0  0  0
  1 10  1  0  0  0  0
  2 13  1  0  0  0  0
  2  1  1  0  0  0  0
  3  4  1  0  0  0  0
  3  2  1  0  0  0  0
  3 15  1  0  0  0  0
  4  5  1  0  0  0  0
  4  9  1  0  0  0  0
  5  1  1  0  0  0  0
  5 16  1  0  0  0  0
  6  7  1  0  0  0  0
  6  4  1  0  0  0  0
  7  8  1  0  0  0  0
  8 22  1  0  0  0  0
  8 23  1  0  0  0  0
  8  9  1  0  0  0  0
 12  2  1  0  0  0  0
 14  3  1  0  0  0  0
 17  5  1  0  0  0  0
 18  6  1  0  0  0  0
 19  6  1  0  0  0  0
 20  7  1  0  0  0  0
 21  7  1  0  0  0  0
M  END
