Lattice="13.37494448 0.0 0.0 0.0 12.61258381 0.0 0.0 0.0 12.451194130000001" Properties=species:S:1:pos:R:3:GW_charged:R:1:dKS_charged:R:1:dKS_neutral:R:1 pbc="T T T"
 OpenBabel12102409263D
Lattice="13.37494448 0.0 0.0 0.0 12.61258381 0.0 0.0 0.0 12.451194130000001" Properties=species:S:1:pos:R:3:GW_charged:R:1:dKS_charged:R:1:dKS_neutral:R:1 pbc="T T T"
 16 17  0  0  1  0  0  0  0  0999 V2000
    5.3606    7.6030    5.5331 C   0  0  0  0  0  0  0  0  0  0  0  0
    5.4812    6.0959    5.5810 C   0  0  1  0  0  0  0  0  0  0  0  0
    6.7314    5.3068    5.2864 C   0  0  1  0  0  0  0  0  0  0  0  0
    7.9879    5.9951    5.8339 C   0  0  0  0  0  0  0  0  0  0  0  0
    7.3575    5.9901    7.2621 C   0  0  0  0  0  0  0  0  0  0  0  0
    6.1080    5.3018    6.6985 C   0  0  1  0  0  0  0  0  0  0  0  0
    6.2500    8.1126    5.9261 H   0  0  0  0  0  0  0  0  0  0  0  0
    5.2155    7.9500    4.5000 H   0  0  0  0  0  0  0  0  0  0  0  0
    4.5000    7.9445    6.1260 H   0  0  0  0  0  0  0  0  0  0  0  0
    4.5974    5.5842    5.1891 H   0  0  0  0  0  0  0  0  0  0  0  0
    6.7340    4.5094    4.5438 H   0  0  0  0  0  0  0  0  0  0  0  0
    8.8749    5.3530    5.7783 H   0  0  0  0  0  0  0  0  0  0  0  0
    8.2445    6.9713    5.3958 H   0  0  0  0  0  0  0  0  0  0  0  0
    7.9158    5.3455    7.9512 H   0  0  0  0  0  0  0  0  0  0  0  0
    7.2040    6.9631    7.7526 H   0  0  0  0  0  0  0  0  0  0  0  0
    5.5632    4.5000    7.1960 H   0  0  0  0  0  0  0  0  0  0  0  0
  1  2  1  0  0  0  0
  1  7  1  0  0  0  0
  1  9  1  0  0  0  0
  2 10  1  6  0  0  0
  2  6  1  0  0  0  0
  3 11  1  6  0  0  0
  3  2  1  0  0  0  0
  3  4  1  0  0  0  0
  3  6  1  0  0  0  0
  4  5  1  0  0  0  0
  5 15  1  0  0  0  0
  5 14  1  0  0  0  0
  6 16  1  1  0  0  0
  6  5  1  0  0  0  0
  8  1  1  0  0  0  0
 12  4  1  0  0  0  0
 13  4  1  0  0  0  0
M  END
