Lattice="15.10401629 0.0 0.0 0.0 12.763825409999999 0.0 0.0 0.0 13.86111466" Properties=species:S:1:pos:R:3:GW_charged:R:1:dKS_charged:R:1:dKS_neutral:R:1 pbc="T T T"
 OpenBabel12102409443D
Lattice="15.10401629 0.0 0.0 0.0 12.763825409999999 0.0 0.0 0.0 13.86111466" Properties=species:S:1:pos:R:3:GW_charged:R:1:dKS_charged:R:1:dKS_neutral:R:1 pbc="T T T"
 21 21  0  0  0  0  0  0  0  0999 V2000
    6.5403    7.7544    8.4422 C   0  0  0  0  0  0  0  0  0  0  0  0
    6.4543    6.2284    8.2785 C   0  0  0  0  0  0  0  0  0  0  0  0
    7.1487    5.7240    7.0485 C   0  0  0  0  0  0  0  0  0  0  0  0
    6.5847    5.4356    5.8323 C   0  0  0  0  0  0  0  0  0  0  0  0
    5.1954    5.4772    5.3118 C   0  0  0  0  0  0  0  0  0  0  0  0
    7.5548    5.0321    4.9463 O   0  0  0  0  0  0  0  0  0  0  0  0
    8.7469    5.0707    5.6192 C   0  0  0  0  0  0  0  0  0  0  0  0
    8.5680    5.4864    6.9054 C   0  0  0  0  0  0  0  0  0  0  0  0
    9.6182    5.6467    7.9574 C   0  0  0  0  0  0  0  0  0  0  0  0
    7.5844    8.0922    8.4891 H   0  0  0  0  0  0  0  0  0  0  0  0
    6.0690    8.2638    7.5906 H   0  0  0  0  0  0  0  0  0  0  0  0
    6.0372    8.0864    9.3611 H   0  0  0  0  0  0  0  0  0  0  0  0
    6.8871    5.7424    9.1675 H   0  0  0  0  0  0  0  0  0  0  0  0
    5.3970    5.9238    8.2585 H   0  0  0  0  0  0  0  0  0  0  0  0
    5.0877    6.2124    4.5000 H   0  0  0  0  0  0  0  0  0  0  0  0
    4.8836    4.5000    4.9145 H   0  0  0  0  0  0  0  0  0  0  0  0
    4.5000    5.7568    6.1118 H   0  0  0  0  0  0  0  0  0  0  0  0
    9.6200    4.7702    5.0519 H   0  0  0  0  0  0  0  0  0  0  0  0
    9.6966    6.6886    8.3017 H   0  0  0  0  0  0  0  0  0  0  0  0
    9.3985    5.0328    8.8438 H   0  0  0  0  0  0  0  0  0  0  0  0
   10.6040    5.3458    7.5814 H   0  0  0  0  0  0  0  0  0  0  0  0
  1 10  1  0  0  0  0
  1 12  1  0  0  0  0
  2  1  1  0  0  0  0
  2 13  1  0  0  0  0
  3  2  1  0  0  0  0
  4  3  2  0  0  0  0
  5  4  1  0  0  0  0
  5 17  1  0  0  0  0
  6  7  1  0  0  0  0
  6  4  1  0  0  0  0
  7  8  2  0  0  0  0
  8  3  1  0  0  0  0
  8  9  1  0  0  0  0
  9 19  1  0  0  0  0
  9 20  1  0  0  0  0
 11  1  1  0  0  0  0
 14  2  1  0  0  0  0
 15  5  1  0  0  0  0
 16  5  1  0  0  0  0
 18  7  1  0  0  0  0
 21  9  1  0  0  0  0
M  END
