Lattice="12.80529577 0.0 0.0 0.0 13.62539561 0.0 0.0 0.0 13.42340097" Properties=species:S:1:pos:R:3:GW_charged:R:1:dKS_charged:R:1:dKS_neutral:R:1 pbc="T T T"
 OpenBabel12102409383D
Lattice="12.80529577 0.0 0.0 0.0 13.62539561 0.0 0.0 0.0 13.42340097" Properties=species:S:1:pos:R:3:GW_charged:R:1:dKS_charged:R:1:dKS_neutral:R:1 pbc="T T T"
 17 16  0  0  0  0  0  0  0  0999 V2000
    7.2785    8.4526    6.1865 C   0  0  0  0  0  0  0  0  0  0  0  0
    7.2577    7.1317    6.7257 O   0  0  0  0  0  0  0  0  0  0  0  0
    5.9681    6.4848    6.6600 C   0  0  0  0  0  0  0  0  0  0  0  0
    6.1051    5.2256    5.8041 C   0  0  0  0  0  0  0  0  0  0  0  0
    6.6032    5.5073    4.5000 O   0  0  0  0  0  0  0  0  0  0  0  0
    5.5163    6.1673    8.0855 C   0  0  0  0  0  0  0  0  0  0  0  0
    5.4654    7.3274    8.9099 O   0  0  0  0  0  0  0  0  0  0  0  0
    8.3053    8.8209    6.2993 H   0  0  0  0  0  0  0  0  0  0  0  0
    7.0076    8.4614    5.1174 H   0  0  0  0  0  0  0  0  0  0  0  0
    6.5926    9.1254    6.7280 H   0  0  0  0  0  0  0  0  0  0  0  0
    5.2455    7.1724    6.1897 H   0  0  0  0  0  0  0  0  0  0  0  0
    6.7572    4.5000    6.3251 H   0  0  0  0  0  0  0  0  0  0  0  0
    5.1208    4.7560    5.6675 H   0  0  0  0  0  0  0  0  0  0  0  0
    7.4758    5.9143    4.6285 H   0  0  0  0  0  0  0  0  0  0  0  0
    4.5000    5.7489    8.0724 H   0  0  0  0  0  0  0  0  0  0  0  0
    6.1904    5.4060    8.5204 H   0  0  0  0  0  0  0  0  0  0  0  0
    6.3679    7.6865    8.9234 H   0  0  0  0  0  0  0  0  0  0  0  0
  1  8  1  0  0  0  0
  1  2  1  0  0  0  0
  1 10  1  0  0  0  0
  3  2  1  0  0  0  0
  3  6  1  0  0  0  0
  4 12  1  0  0  0  0
  4  3  1  0  0  0  0
  5 14  1  0  0  0  0
  5  4  1  0  0  0  0
  6 16  1  0  0  0  0
  6  7  1  0  0  0  0
  7 17  1  0  0  0  0
  9  1  1  0  0  0  0
 11  3  1  0  0  0  0
 13  4  1  0  0  0  0
 15  6  1  0  0  0  0
M  END
