Lattice="14.05317783 0.0 0.0 0.0 14.196665979999999 0.0 0.0 0.0 13.36533388" Properties=species:S:1:pos:R:3:GW_charged:R:1:dKS_charged:R:1:dKS_neutral:R:1 pbc="T T T"
 OpenBabel12102411063D
Lattice="14.05317783 0.0 0.0 0.0 14.196665979999999 0.0 0.0 0.0 13.36533388" Properties=species:S:1:pos:R:3:GW_charged:R:1:dKS_charged:R:1:dKS_neutral:R:1 pbc="T T T"
 23 25  0  0  1  0  0  0  0  0999 V2000
    6.5334    9.0804    5.5076 C   0  0  0  0  0  0  0  0  0  0  0  0
    7.9042    8.4464    5.4557 C   0  0  1  0  0  0  0  0  0  0  0  0
    8.7222    8.4438    6.7385 C   0  0  0  0  0  0  0  0  0  0  0  0
    7.7348    7.9677    7.8241 C   0  0  0  0  0  0  0  0  0  0  0  0
    6.7358    7.0415    7.1068 C   0  0  0  0  0  0  0  0  0  0  0  0
    7.0049    5.5001    7.1198 C   0  0  0  0  0  0  0  0  0  0  0  0
    5.4888    5.2656    7.3440 C   0  0  0  0  0  0  0  0  0  0  0  0
    5.3586    6.7505    7.7730 C   0  0  0  0  0  0  0  0  0  0  0  0
    6.6775    7.5876    5.6864 C   0  0  1  0  0  0  0  0  0  0  0  0
    6.2618    9.6967    6.3655 H   0  0  0  0  0  0  0  0  0  0  0  0
    6.1113    9.4266    4.5654 H   0  0  0  0  0  0  0  0  0  0  0  0
    8.4273    8.4324    4.5000 H   0  0  0  0  0  0  0  0  0  0  0  0
    9.5532    7.7290    6.6342 H   0  0  0  0  0  0  0  0  0  0  0  0
    9.1651    9.4231    6.9735 H   0  0  0  0  0  0  0  0  0  0  0  0
    8.2330    7.4600    8.6609 H   0  0  0  0  0  0  0  0  0  0  0  0
    7.1956    8.8240    8.2580 H   0  0  0  0  0  0  0  0  0  0  0  0
    7.4669    5.0662    6.2226 H   0  0  0  0  0  0  0  0  0  0  0  0
    7.5997    5.2056    7.9960 H   0  0  0  0  0  0  0  0  0  0  0  0
    4.9591    5.0611    6.4043 H   0  0  0  0  0  0  0  0  0  0  0  0
    5.1990    4.5000    8.0744 H   0  0  0  0  0  0  0  0  0  0  0  0
    5.4078    6.8663    8.8653 H   0  0  0  0  0  0  0  0  0  0  0  0
    4.5000    7.3236    7.3984 H   0  0  0  0  0  0  0  0  0  0  0  0
    6.2908    6.9395    4.8989 H   0  0  0  0  0  0  0  0  0  0  0  0
  1  9  1  0  0  0  0
  1 10  1  0  0  0  0
  2 12  1  6  0  0  0
  2  1  1  0  0  0  0
  2  9  1  0  0  0  0
  2  3  1  0  0  0  0
  3 14  1  0  0  0  0
  3  4  1  0  0  0  0
  4 16  1  0  0  0  0
  4 15  1  0  0  0  0
  5  6  1  0  0  0  0
  5  8  1  0  0  0  0
  5  4  1  0  0  0  0
  6  7  1  0  0  0  0
  6 18  1  0  0  0  0
  7  8  1  0  0  0  0
  7 20  1  0  0  0  0
  8 21  1  0  0  0  0
  9 23  1  6  0  0  0
  9  5  1  0  0  0  0
 11  1  1  0  0  0  0
 13  3  1  0  0  0  0
 17  6  1  0  0  0  0
 19  7  1  0  0  0  0
 22  8  1  0  0  0  0
M  END
