Lattice="13.608230169999999 0.0 0.0 0.0 14.1807691 0.0 0.0 0.0 13.270420399999999" Properties=species:S:1:pos:R:3:GW_charged:R:1:dKS_charged:R:1:dKS_neutral:R:1 pbc="T T T"
 OpenBabel12102409463D
Lattice="13.608230169999999 0.0 0.0 0.0 14.1807691 0.0 0.0 0.0 13.270420399999999" Properties=species:S:1:pos:R:3:GW_charged:R:1:dKS_charged:R:1:dKS_neutral:R:1 pbc="T T T"
 19 20  0  0  1  0  0  0  0  0999 V2000
    5.6928    5.5394    4.7737 C   0  0  0  0  0  0  0  0  0  0  0  0
    5.8259    6.7182    5.0198 C   0  0  0  0  0  0  0  0  0  0  0  0
    5.9848    8.1396    5.3141 C   0  0  1  0  0  0  0  0  0  0  0  0
    5.2813    8.5241    6.6604 C   0  0  0  0  0  0  0  0  0  0  0  0
    6.2973    8.6205    7.7917 C   0  0  1  0  0  0  0  0  0  0  0  0
    7.4251    7.5773    7.6752 C   0  0  0  0  0  0  0  0  0  0  0  0
    8.0280    8.6445    6.7416 C   0  0  1  0  0  0  0  0  0  0  0  0
    7.4958    8.5547    5.3169 C   0  0  0  0  0  0  0  0  0  0  0  0
    7.2558    9.6808    7.4441 O   0  0  0  0  0  0  0  0  0  0  0  0
    5.5731    4.5000    4.5529 H   0  0  0  0  0  0  0  0  0  0  0  0
    5.4833    8.6846    4.5000 H   0  0  0  0  0  0  0  0  0  0  0  0
    4.7963    9.5051    6.5596 H   0  0  0  0  0  0  0  0  0  0  0  0
    4.5000    7.7872    6.8926 H   0  0  0  0  0  0  0  0  0  0  0  0
    5.8298    8.7961    8.7704 H   0  0  0  0  0  0  0  0  0  0  0  0
    7.9922    7.4894    8.6079 H   0  0  0  0  0  0  0  0  0  0  0  0
    7.1915    6.5873    7.2677 H   0  0  0  0  0  0  0  0  0  0  0  0
    9.1082    8.8414    6.7813 H   0  0  0  0  0  0  0  0  0  0  0  0
    8.0772    7.8366    4.7222 H   0  0  0  0  0  0  0  0  0  0  0  0
    7.6105    9.5439    4.8522 H   0  0  0  0  0  0  0  0  0  0  0  0
  1  2  3  0  0  0  0
  2  3  1  0  0  0  0
  3 11  1  6  0  0  0
  3  8  1  0  0  0  0
  3  4  1  0  0  0  0
  4 13  1  0  0  0  0
  4  5  1  0  0  0  0
  5 14  1  1  0  0  0
  6  5  1  0  0  0  0
  6 15  1  0  0  0  0
  7 17  1  1  0  0  0
  7  9  1  0  0  0  0
  7  6  1  0  0  0  0
  8  7  1  0  0  0  0
  9  5  1  0  0  0  0
 10  1  1  0  0  0  0
 12  4  1  0  0  0  0
 16  6  1  0  0  0  0
 18  8  1  0  0  0  0
 19  8  1  0  0  0  0
M  END
