Lattice="11.4865022 0.0 0.0 0.0 14.694368919999999 0.0 0.0 0.0 13.16942059" Properties=species:S:1:pos:R:3:GW_charged:R:1:dKS_charged:R:1:dKS_neutral:R:1 pbc="T T T"
 OpenBabel12102409373D
Lattice="11.4865022 0.0 0.0 0.0 14.694368919999999 0.0 0.0 0.0 13.16942059" Properties=species:S:1:pos:R:3:GW_charged:R:1:dKS_charged:R:1:dKS_neutral:R:1 pbc="T T T"
 17 17  0  0  1  0  0  0  0  0999 V2000
    6.1458    9.6592    6.6800 C   0  0  0  0  0  0  0  0  0  0  0  0
    5.8864    8.1911    6.5982 C   0  0  0  0  0  0  0  0  0  0  0  0
    5.9185    7.4142    5.5049 C   0  0  0  0  0  0  0  0  0  0  0  0
    5.5725    5.9824    5.8075 C   0  0  0  0  0  0  0  0  0  0  0  0
    5.5920    5.9162    7.3578 C   0  0  1  0  0  0  0  0  0  0  0  0
    6.8315    5.3925    7.8643 O   0  0  0  0  0  0  0  0  0  0  0  0
    5.5126    7.3829    7.8196 C   0  0  0  0  0  0  0  0  0  0  0  0
    6.9865    9.8737    7.3586 H   0  0  0  0  0  0  0  0  0  0  0  0
    6.3802   10.0881    5.6977 H   0  0  0  0  0  0  0  0  0  0  0  0
    5.2734   10.1944    7.0882 H   0  0  0  0  0  0  0  0  0  0  0  0
    6.1490    7.7703    4.5000 H   0  0  0  0  0  0  0  0  0  0  0  0
    4.5787    5.7109    5.4099 H   0  0  0  0  0  0  0  0  0  0  0  0
    6.2854    5.2606    5.3751 H   0  0  0  0  0  0  0  0  0  0  0  0
    4.7538    5.3150    7.7492 H   0  0  0  0  0  0  0  0  0  0  0  0
    6.9467    4.5000    7.5031 H   0  0  0  0  0  0  0  0  0  0  0  0
    6.1936    7.5447    8.6694 H   0  0  0  0  0  0  0  0  0  0  0  0
    4.5000    7.6453    8.1711 H   0  0  0  0  0  0  0  0  0  0  0  0
  1 10  1  0  0  0  0
  1  8  1  0  0  0  0
  2  1  1  0  0  0  0
  2  7  1  0  0  0  0
  3  4  1  0  0  0  0
  3  2  2  0  0  0  0
  4  5  1  0  0  0  0
  5 14  1  1  0  0  0
  5  7  1  0  0  0  0
  5  6  1  0  0  0  0
  7 17  1  0  0  0  0
  7 16  1  0  0  0  0
  9  1  1  0  0  0  0
 11  3  1  0  0  0  0
 12  4  1  0  0  0  0
 13  4  1  0  0  0  0
 15  6  1  0  0  0  0
M  END
