Lattice="13.60895728 0.0 0.0 0.0 13.554074400000001 0.0 0.0 0.0 13.299757549999999" Properties=species:S:1:pos:R:3:GW_charged:R:1:dKS_charged:R:1:dKS_neutral:R:1 pbc="T T T"
 OpenBabel12102409403D
Lattice="13.60895728 0.0 0.0 0.0 13.554074400000001 0.0 0.0 0.0 13.299757549999999" Properties=species:S:1:pos:R:3:GW_charged:R:1:dKS_charged:R:1:dKS_neutral:R:1 pbc="T T T"
 18 17  0  0  1  0  0  0  0  0999 V2000
    6.3340    8.6144    6.6090 C   0  0  0  0  0  0  0  0  0  0  0  0
    6.4071    7.0870    6.6296 C   0  0  0  0  0  0  0  0  0  0  0  0
    7.0243    6.5740    7.9340 C   0  0  0  0  0  0  0  0  0  0  0  0
    5.0997    6.5122    6.4188 O   0  0  0  0  0  0  0  0  0  0  0  0
    7.2190    6.5925    5.3900 C   0  0  1  0  0  0  0  0  0  0  0  0
    8.5190    7.1257    5.3733 O   0  0  0  0  0  0  0  0  0  0  0  0
    7.2748    5.0802    5.3181 C   0  0  0  0  0  0  0  0  0  0  0  0
    8.3445    4.5000    5.2532 O   0  0  0  0  0  0  0  0  0  0  0  0
    7.3377    9.0541    6.6604 H   0  0  0  0  0  0  0  0  0  0  0  0
    5.8455    8.9631    5.6898 H   0  0  0  0  0  0  0  0  0  0  0  0
    5.7570    8.9797    7.4720 H   0  0  0  0  0  0  0  0  0  0  0  0
    6.4796    6.9766    8.7998 H   0  0  0  0  0  0  0  0  0  0  0  0
    6.9828    5.4781    7.9844 H   0  0  0  0  0  0  0  0  0  0  0  0
    8.0725    6.8887    8.0171 H   0  0  0  0  0  0  0  0  0  0  0  0
    4.5000    6.8853    7.0833 H   0  0  0  0  0  0  0  0  0  0  0  0
    6.6434    6.9242    4.5000 H   0  0  0  0  0  0  0  0  0  0  0  0
    9.1090    6.3425    5.3153 H   0  0  0  0  0  0  0  0  0  0  0  0
    6.3082    4.5354    5.3200 H   0  0  0  0  0  0  0  0  0  0  0  0
  1  2  1  0  0  0  0
  1  9  1  0  0  0  0
  1 11  1  0  0  0  0
  2  3  1  0  0  0  0
  3 13  1  0  0  0  0
  3 14  1  0  0  0  0
  3 12  1  0  0  0  0
  4  2  1  0  0  0  0
  4 15  1  0  0  0  0
  5 16  1  6  0  0  0
  5  2  1  0  0  0  0
  6  5  1  0  0  0  0
  7 18  1  0  0  0  0
  7  5  1  0  0  0  0
  8  7  2  0  0  0  0
 10  1  1  0  0  0  0
 17  6  1  0  0  0  0
M  END
