Lattice="13.173818220000001 0.0 0.0 0.0 12.75739961 0.0 0.0 0.0 13.20742986" Properties=species:S:1:pos:R:3:GW_charged:R:1:dKS_charged:R:1:dKS_neutral:R:1 pbc="T T T"
 OpenBabel12102409263D
Lattice="13.173818220000001 0.0 0.0 0.0 12.75739961 0.0 0.0 0.0 13.20742986" Properties=species:S:1:pos:R:3:GW_charged:R:1:dKS_charged:R:1:dKS_neutral:R:1 pbc="T T T"
 15 14  0  0  0  0  0  0  0  0999 V2000
    6.7579    7.7846    6.6355 C   0  0  0  0  0  0  0  0  0  0  0  0
    6.6757    6.2423    6.5612 C   0  0  0  0  0  0  0  0  0  0  0  0
    7.1392    5.5917    7.8727 C   0  0  0  0  0  0  0  0  0  0  0  0
    5.2399    5.8626    6.2019 C   0  0  0  0  0  0  0  0  0  0  0  0
    4.5000    5.2203    6.9119 O   0  0  0  0  0  0  0  0  0  0  0  0
    7.6168    5.7823    5.4469 C   0  0  0  0  0  0  0  0  0  0  0  0
    7.3089    5.0945    4.5000 O   0  0  0  0  0  0  0  0  0  0  0  0
    7.8025    8.1073    6.7508 H   0  0  0  0  0  0  0  0  0  0  0  0
    6.3552    8.2574    5.7289 H   0  0  0  0  0  0  0  0  0  0  0  0
    6.1914    8.1535    7.5003 H   0  0  0  0  0  0  0  0  0  0  0  0
    6.5225    5.9479    8.7074 H   0  0  0  0  0  0  0  0  0  0  0  0
    7.0443    4.5000    7.8288 H   0  0  0  0  0  0  0  0  0  0  0  0
    8.1867    5.8473    8.0845 H   0  0  0  0  0  0  0  0  0  0  0  0
    4.8928    6.2578    5.2153 H   0  0  0  0  0  0  0  0  0  0  0  0
    8.6738    6.1369    5.5850 H   0  0  0  0  0  0  0  0  0  0  0  0
  1  8  1  0  0  0  0
  1 10  1  0  0  0  0
  2  1  1  0  0  0  0
  2  3  1  0  0  0  0
  3 13  1  0  0  0  0
  3 11  1  0  0  0  0
  4  2  1  0  0  0  0
  4  5  2  0  0  0  0
  6 15  1  0  0  0  0
  6  2  1  0  0  0  0
  7  6  2  0  0  0  0
  9  1  1  0  0  0  0
 12  3  1  0  0  0  0
 14  4  1  0  0  0  0
M  END
