Lattice="13.49811975 0.0 0.0 0.0 14.42681874 0.0 0.0 0.0 12.30327499" Properties=species:S:1:pos:R:3:GW_charged:R:1:dKS_charged:R:1:dKS_neutral:R:1 pbc="T T T"
 OpenBabel12102409263D
Lattice="13.49811975 0.0 0.0 0.0 14.42681874 0.0 0.0 0.0 12.30327499" Properties=species:S:1:pos:R:3:GW_charged:R:1:dKS_charged:R:1:dKS_neutral:R:1 pbc="T T T"
 16 16  0  0  0  0  0  0  0  0999 V2000
    8.1323    9.5862    5.8123 O   0  0  0  0  0  0  0  0  0  0  0  0
    8.1540    8.1582    5.9353 C   0  0  0  0  0  0  0  0  0  0  0  0
    6.7878    7.6252    5.5267 C   0  0  0  0  0  0  0  0  0  0  0  0
    6.7037    6.1178    5.6176 C   0  0  0  0  0  0  0  0  0  0  0  0
    6.4166    5.4481    6.9417 C   0  0  0  0  0  0  0  0  0  0  0  0
    5.3771    5.4382    5.8463 C   0  0  0  0  0  0  0  0  0  0  0  0
    8.9981    9.9268    6.0806 H   0  0  0  0  0  0  0  0  0  0  0  0
    8.9366    7.7216    5.2865 H   0  0  0  0  0  0  0  0  0  0  0  0
    8.3757    7.8549    6.9748 H   0  0  0  0  0  0  0  0  0  0  0  0
    6.0238    8.0845    6.1744 H   0  0  0  0  0  0  0  0  0  0  0  0
    6.5686    7.9592    4.5000 H   0  0  0  0  0  0  0  0  0  0  0  0
    7.3956    5.5835    4.9619 H   0  0  0  0  0  0  0  0  0  0  0  0
    6.9283    4.5167    7.1787 H   0  0  0  0  0  0  0  0  0  0  0  0
    6.2388    6.0919    7.8033 H   0  0  0  0  0  0  0  0  0  0  0  0
    4.5000    6.0727    5.9718 H   0  0  0  0  0  0  0  0  0  0  0  0
    5.1793    4.5000    5.3305 H   0  0  0  0  0  0  0  0  0  0  0  0
  1  2  1  0  0  0  0
  1  7  1  0  0  0  0
  2  9  1  0  0  0  0
  3  4  1  0  0  0  0
  3  2  1  0  0  0  0
  3 10  1  0  0  0  0
  4  6  1  0  0  0  0
  4  5  1  0  0  0  0
  5 13  1  0  0  0  0
  5 14  1  0  0  0  0
  6 15  1  0  0  0  0
  6  5  1  0  0  0  0
  8  2  1  0  0  0  0
 11  3  1  0  0  0  0
 12  4  1  0  0  0  0
 16  6  1  0  0  0  0
M  END
