Lattice="13.31844065 0.0 0.0 0.0 13.57083757 0.0 0.0 0.0 13.75165127" Properties=species:S:1:pos:R:3:GW_charged:R:1:dKS_charged:R:1:dKS_neutral:R:1 pbc="T T T"
 OpenBabel12102411073D
Lattice="13.31844065 0.0 0.0 0.0 13.57083757 0.0 0.0 0.0 13.75165127" Properties=species:S:1:pos:R:3:GW_charged:R:1:dKS_charged:R:1:dKS_neutral:R:1 pbc="T T T"
 23 25  0  0  1  0  0  0  0  0999 V2000
    5.8491    8.4036    8.2811 C   0  0  0  0  0  0  0  0  0  0  0  0
    7.4063    8.4339    8.2652 C   0  0  0  0  0  0  0  0  0  0  0  0
    7.4394    6.9009    7.9897 C   0  0  1  0  0  0  0  0  0  0  0  0
    5.8700    6.8704    8.0058 C   0  0  2  0  0  0  0  0  0  0  0  0
    5.5149    6.2605    6.6257 C   0  0  1  0  0  0  0  0  0  0  0  0
    5.8409    7.2276    5.4680 C   0  0  0  0  0  0  0  0  0  0  0  0
    7.4020    7.2581    5.4520 C   0  0  0  0  0  0  0  0  0  0  0  0
    7.7894    6.3049    6.6023 C   0  0  2  0  0  0  0  0  0  0  0  0
    6.6712    5.2393    6.4883 C   0  0  0  0  0  0  0  0  0  0  0  0
    5.4090    8.6644    9.2517 H   0  0  0  0  0  0  0  0  0  0  0  0
    5.3568    9.0221    7.5200 H   0  0  0  0  0  0  0  0  0  0  0  0
    7.8586    9.0708    7.4945 H   0  0  0  0  0  0  0  0  0  0  0  0
    7.8557    8.7119    9.2267 H   0  0  0  0  0  0  0  0  0  0  0  0
    7.9355    6.3224    8.7812 H   0  0  0  0  0  0  0  0  0  0  0  0
    5.4132    6.2734    8.8072 H   0  0  0  0  0  0  0  0  0  0  0  0
    4.5000    5.8457    6.5751 H   0  0  0  0  0  0  0  0  0  0  0  0
    5.4416    6.8311    4.5243 H   0  0  0  0  0  0  0  0  0  0  0  0
    5.3987    8.2225    5.6027 H   0  0  0  0  0  0  0  0  0  0  0  0
    7.7970    6.8771    4.5000 H   0  0  0  0  0  0  0  0  0  0  0  0
    7.8078    8.2695    5.5779 H   0  0  0  0  0  0  0  0  0  0  0  0
    8.8184    5.9300    6.5305 H   0  0  0  0  0  0  0  0  0  0  0  0
    6.6940    4.5000    7.3019 H   0  0  0  0  0  0  0  0  0  0  0  0
    6.6717    4.7072    5.5257 H   0  0  0  0  0  0  0  0  0  0  0  0
  1 10  1  0  0  0  0
  2  1  1  0  0  0  0
  2 13  1  0  0  0  0
  3  4  1  0  0  0  0
  3  2  1  0  0  0  0
  3 14  1  1  0  0  0
  4  1  1  0  0  0  0
  4 15  1  1  0  0  0
  5 16  1  6  0  0  0
  5  4  1  0  0  0  0
  6 18  1  0  0  0  0
  6  5  1  0  0  0  0
  7  6  1  0  0  0  0
  7 20  1  0  0  0  0
  7  8  1  0  0  0  0
  8 21  1  6  0  0  0
  8  3  1  0  0  0  0
  9  8  1  0  0  0  0
  9  5  1  0  0  0  0
  9 22  1  0  0  0  0
 11  1  1  0  0  0  0
 12  2  1  0  0  0  0
 17  6  1  0  0  0  0
 19  7  1  0  0  0  0
 23  9  1  0  0  0  0
M  END
