Lattice="13.11378757 0.0 0.0 0.0 13.208883140000001 0.0 0.0 0.0 14.50285622" Properties=species:S:1:pos:R:3:GW_charged:R:1:dKS_charged:R:1:dKS_neutral:R:1 pbc="T T T"
 OpenBabel12102410123D
Lattice="13.11378757 0.0 0.0 0.0 13.208883140000001 0.0 0.0 0.0 14.50285622" Properties=species:S:1:pos:R:3:GW_charged:R:1:dKS_charged:R:1:dKS_neutral:R:1 pbc="T T T"
 21 23  0  0  1  0  0  0  0  0999 V2000
    5.2123    8.1021    8.8429 C   0  0  0  0  0  0  0  0  0  0  0  0
    6.5681    7.5304    9.1225 C   0  0  1  0  0  0  0  0  0  0  0  0
    5.3144    6.6177    9.1519 C   0  0  2  0  0  0  0  0  0  0  0  0
    5.8082    5.9479    7.9118 C   0  0  0  0  0  0  0  0  0  0  0  0
    5.4328    5.1479    6.9134 C   0  0  0  0  0  0  0  0  0  0  0  0
    6.3508    5.1452    5.7088 C   0  0  0  0  0  0  0  0  0  0  0  0
    6.8116    6.5886    5.3837 C   0  0  0  0  0  0  0  0  0  0  0  0
    7.5235    7.3190    6.5560 C   0  0  0  0  0  0  0  0  0  0  0  0
    7.1073    6.7281    7.9164 C   0  0  1  0  0  0  0  0  0  0  0  0
    4.7872    8.7089    9.6428 H   0  0  0  0  0  0  0  0  0  0  0  0
    4.9342    8.4227    7.8366 H   0  0  0  0  0  0  0  0  0  0  0  0
    7.1660    7.8674    9.9675 H   0  0  0  0  0  0  0  0  0  0  0  0
    4.7989    6.1761   10.0029 H   0  0  0  0  0  0  0  0  0  0  0  0
    4.5000    4.5815    6.9091 H   0  0  0  0  0  0  0  0  0  0  0  0
    7.2317    4.5000    5.8813 H   0  0  0  0  0  0  0  0  0  0  0  0
    5.8364    4.7226    4.8344 H   0  0  0  0  0  0  0  0  0  0  0  0
    7.4664    6.5807    4.5000 H   0  0  0  0  0  0  0  0  0  0  0  0
    5.9121    7.1560    5.1009 H   0  0  0  0  0  0  0  0  0  0  0  0
    8.6138    7.2427    6.4393 H   0  0  0  0  0  0  0  0  0  0  0  0
    7.2821    8.3912    6.5169 H   0  0  0  0  0  0  0  0  0  0  0  0
    7.8987    6.0532    8.2829 H   0  0  0  0  0  0  0  0  0  0  0  0
  1  2  1  0  0  0  0
  1  3  1  0  0  0  0
  1 10  1  0  0  0  0
  2  3  1  0  0  0  0
  2 12  1  1  0  0  0
  3 13  1  1  0  0  0
  4  9  1  0  0  0  0
  4  3  1  0  0  0  0
  5  4  2  0  0  0  0
  6 15  1  0  0  0  0
  6  5  1  0  0  0  0
  7  6  1  0  0  0  0
  7  8  1  0  0  0  0
  8  9  1  0  0  0  0
  9 21  1  1  0  0  0
  9  2  1  0  0  0  0
 11  1  1  0  0  0  0
 14  5  1  0  0  0  0
 16  6  1  0  0  0  0
 17  7  1  0  0  0  0
 18  7  1  0  0  0  0
 19  8  1  0  0  0  0
 20  8  1  0  0  0  0
M  END
