Lattice="14.57943714 0.0 0.0 0.0 16.08283635 0.0 0.0 0.0 12.854772950000001" Properties=species:S:1:pos:R:3:GW_charged:R:1:dKS_charged:R:1:dKS_neutral:R:1 pbc="T T T"
 OpenBabel12102410123D
Lattice="14.57943714 0.0 0.0 0.0 16.08283635 0.0 0.0 0.0 12.854772950000001" Properties=species:S:1:pos:R:3:GW_charged:R:1:dKS_charged:R:1:dKS_neutral:R:1 pbc="T T T"
 21 23  0  0  1  0  0  0  0  0999 V2000
    6.4844    7.8104    6.3725 C   0  0  0  0  0  0  0  0  0  0  0  0
    6.5363    6.3110    6.1716 C   0  0  0  0  0  0  0  0  0  0  0  0
    6.6410    5.3866    7.3608 C   0  0  0  0  0  0  0  0  0  0  0  0
    5.3638    5.4447    6.5550 C   0  0  0  0  0  0  0  0  0  0  0  0
    7.8611    8.4246    6.5459 C   0  0  1  0  0  0  0  0  0  0  0  0
    8.7425    8.2773    5.3683 O   0  0  0  0  0  0  0  0  0  0  0  0
    9.0460    9.6817    5.4261 C   0  0  1  0  0  0  0  0  0  0  0  0
    7.8307   10.5082    5.1558 C   0  0  0  0  0  0  0  0  0  0  0  0
    8.0595    9.9398    6.5444 C   0  0  1  0  0  0  0  0  0  0  0  0
    5.9668    8.2876    5.5259 H   0  0  0  0  0  0  0  0  0  0  0  0
    5.8986    8.0470    7.2776 H   0  0  0  0  0  0  0  0  0  0  0  0
    7.0875    6.0020    5.2820 H   0  0  0  0  0  0  0  0  0  0  0  0
    7.2672    4.5000    7.2775 H   0  0  0  0  0  0  0  0  0  0  0  0
    6.6334    5.8349    8.3548 H   0  0  0  0  0  0  0  0  0  0  0  0
    4.5000    5.9320    7.0076 H   0  0  0  0  0  0  0  0  0  0  0  0
    5.1144    4.5967    5.9192 H   0  0  0  0  0  0  0  0  0  0  0  0
    8.3751    7.9650    7.4072 H   0  0  0  0  0  0  0  0  0  0  0  0
   10.0794    9.9887    5.2686 H   0  0  0  0  0  0  0  0  0  0  0  0
    8.0013   11.5828    5.0859 H   0  0  0  0  0  0  0  0  0  0  0  0
    7.0498   10.1201    4.5000 H   0  0  0  0  0  0  0  0  0  0  0  0
    8.1482   10.5639    7.4300 H   0  0  0  0  0  0  0  0  0  0  0  0
  1  5  1  0  0  0  0
  1 11  1  0  0  0  0
  2  1  1  0  0  0  0
  2  4  1  0  0  0  0
  2  3  1  0  0  0  0
  3 14  1  0  0  0  0
  4 15  1  0  0  0  0
  4  3  1  0  0  0  0
  5 17  1  1  0  0  0
  6  7  1  0  0  0  0
  6  5  1  0  0  0  0
  7 18  1  6  0  0  0
  7  9  1  0  0  0  0
  8  7  1  0  0  0  0
  8  9  1  0  0  0  0
  9  5  1  0  0  0  0
  9 21  1  1  0  0  0
 10  1  1  0  0  0  0
 12  2  1  0  0  0  0
 13  3  1  0  0  0  0
 16  4  1  0  0  0  0
 19  8  1  0  0  0  0
 20  8  1  0  0  0  0
M  END
