Lattice="14.234172999999998 0.0 0.0 0.0 14.63426944 0.0 0.0 0.0 12.82460845" Properties=species:S:1:pos:R:3:GW_charged:R:1:dKS_charged:R:1:dKS_neutral:R:1 pbc="T T T"
 OpenBabel12102409373D
Lattice="14.234172999999998 0.0 0.0 0.0 14.63426944 0.0 0.0 0.0 12.82460845" Properties=species:S:1:pos:R:3:GW_charged:R:1:dKS_charged:R:1:dKS_neutral:R:1 pbc="T T T"
 17 17  0  0  1  0  0  0  0  0999 V2000
    5.2500    9.5891    6.1670 C   0  0  0  0  0  0  0  0  0  0  0  0
    5.4585    8.0790    6.1955 C   0  0  1  0  0  0  0  0  0  0  0  0
    6.6294    7.5714    5.3041 C   0  0  0  0  0  0  0  0  0  0  0  0
    7.5351    7.4837    6.5766 C   0  0  1  0  0  0  0  0  0  0  0  0
    6.2332    7.5570    7.4408 C   0  0  0  0  0  0  0  0  0  0  0  0
    8.4073    6.3411    6.7306 C   0  0  0  0  0  0  0  0  0  0  0  0
    9.1085    5.3600    6.8540 C   0  0  0  0  0  0  0  0  0  0  0  0
    6.1894   10.1343    6.3449 H   0  0  0  0  0  0  0  0  0  0  0  0
    4.8583    9.9159    5.1930 H   0  0  0  0  0  0  0  0  0  0  0  0
    4.5344    9.9042    6.9399 H   0  0  0  0  0  0  0  0  0  0  0  0
    4.5000    7.5735    6.0143 H   0  0  0  0  0  0  0  0  0  0  0  0
    6.4396    6.5745    4.8886 H   0  0  0  0  0  0  0  0  0  0  0  0
    6.9772    8.2330    4.5000 H   0  0  0  0  0  0  0  0  0  0  0  0
    8.1211    8.4078    6.6915 H   0  0  0  0  0  0  0  0  0  0  0  0
    6.2680    8.2073    8.3246 H   0  0  0  0  0  0  0  0  0  0  0  0
    5.9094    6.5552    7.7475 H   0  0  0  0  0  0  0  0  0  0  0  0
    9.7342    4.5000    6.9642 H   0  0  0  0  0  0  0  0  0  0  0  0
  1  2  1  0  0  0  0
  1  8  1  0  0  0  0
  1 10  1  0  0  0  0
  2 11  1  6  0  0  0
  2  5  1  0  0  0  0
  3  2  1  0  0  0  0
  3  4  1  0  0  0  0
  4 14  1  1  0  0  0
  4  6  1  0  0  0  0
  4  5  1  0  0  0  0
  5 16  1  0  0  0  0
  5 15  1  0  0  0  0
  6  7  3  0  0  0  0
  7 17  1  0  0  0  0
  9  1  1  0  0  0  0
 12  3  1  0  0  0  0
 13  3  1  0  0  0  0
M  END
