Lattice="12.87423578 0.0 0.0 0.0 15.795618959999999 0.0 0.0 0.0 12.88832816" Properties=species:S:1:pos:R:3:GW_charged:R:1:dKS_charged:R:1:dKS_neutral:R:1 pbc="T T T"
 OpenBabel12102409393D
Lattice="12.87423578 0.0 0.0 0.0 15.795618959999999 0.0 0.0 0.0 12.88832816" Properties=species:S:1:pos:R:3:GW_charged:R:1:dKS_charged:R:1:dKS_neutral:R:1 pbc="T T T"
 19 19  0  0  1  0  0  0  0  0999 V2000
    6.2009   10.5222    7.5491 C   0  0  0  0  0  0  0  0  0  0  0  0
    5.5295    9.2552    7.0134 C   0  0  0  0  0  0  0  0  0  0  0  0
    6.2832    8.6470    5.8495 C   0  0  1  0  0  0  0  0  0  0  0  0
    7.5035    7.7743    6.0989 C   0  0  0  0  0  0  0  0  0  0  0  0
    6.2244    7.1785    5.5521 C   0  0  1  0  0  0  0  0  0  0  0  0
    5.4233    6.3821    6.3813 O   0  0  0  0  0  0  0  0  0  0  0  0
    5.8877    5.0406    6.4525 C   0  0  0  0  0  0  0  0  0  0  0  0
    7.2197   10.3092    7.9028 H   0  0  0  0  0  0  0  0  0  0  0  0
    6.2778   11.2956    6.7709 H   0  0  0  0  0  0  0  0  0  0  0  0
    5.6361   10.9506    8.3883 H   0  0  0  0  0  0  0  0  0  0  0  0
    5.4354    8.5081    7.8144 H   0  0  0  0  0  0  0  0  0  0  0  0
    4.5000    9.4831    6.6933 H   0  0  0  0  0  0  0  0  0  0  0  0
    6.3366    9.2884    4.9659 H   0  0  0  0  0  0  0  0  0  0  0  0
    8.3742    7.8592    5.4503 H   0  0  0  0  0  0  0  0  0  0  0  0
    7.7292    7.5524    7.1426 H   0  0  0  0  0  0  0  0  0  0  0  0
    6.2170    6.8674    4.5000 H   0  0  0  0  0  0  0  0  0  0  0  0
    5.8818    4.5575    5.4586 H   0  0  0  0  0  0  0  0  0  0  0  0
    6.9117    4.9875    6.8615 H   0  0  0  0  0  0  0  0  0  0  0  0
    5.2032    4.5000    7.1163 H   0  0  0  0  0  0  0  0  0  0  0  0
  1  8  1  0  0  0  0
  1 10  1  0  0  0  0
  2  1  1  0  0  0  0
  2 11  1  0  0  0  0
  3 13  1  6  0  0  0
  3  4  1  0  0  0  0
  3  2  1  0  0  0  0
  4 15  1  0  0  0  0
  5 16  1  6  0  0  0
  5  3  1  0  0  0  0
  5  4  1  0  0  0  0
  5  6  1  0  0  0  0
  6  7  1  0  0  0  0
  7 18  1  0  0  0  0
  7 19  1  0  0  0  0
  9  1  1  0  0  0  0
 12  2  1  0  0  0  0
 14  4  1  0  0  0  0
 17  7  1  0  0  0  0
M  END
