Lattice="13.79235545 0.0 0.0 0.0 15.01652105 0.0 0.0 0.0 14.07566009" Properties=species:S:1:pos:R:3:GW_charged:R:1:dKS_charged:R:1:dKS_neutral:R:1 pbc="T T T"
 OpenBabel12102410123D
Lattice="13.79235545 0.0 0.0 0.0 15.01652105 0.0 0.0 0.0 14.07566009" Properties=species:S:1:pos:R:3:GW_charged:R:1:dKS_charged:R:1:dKS_neutral:R:1 pbc="T T T"
 21 22  0  0  1  0  0  0  0  0999 V2000
    7.8152    9.8011    5.6277 C   0  0  0  0  0  0  0  0  0  0  0  0
    8.7492    8.6188    5.4519 C   0  0  0  0  0  0  0  0  0  0  0  0
    7.2479    8.4303    5.4545 C   0  0  0  0  0  0  0  0  0  0  0  0
    6.6017    7.8825    6.5704 O   0  0  0  0  0  0  0  0  0  0  0  0
    6.2614    6.4934    6.4283 C   0  0  1  0  0  0  0  0  0  0  0  0
    7.4870    5.5465    6.5410 C   0  0  0  0  0  0  0  0  0  0  0  0
    7.4338    5.0591    7.9649 C   0  0  0  0  0  0  0  0  0  0  0  0
    6.2760    5.3749    8.5561 C   0  0  0  0  0  0  0  0  0  0  0  0
    5.3633    6.1369    7.6323 C   0  0  0  0  0  0  0  0  0  0  0  0
    7.7429   10.2280    6.6267 H   0  0  0  0  0  0  0  0  0  0  0  0
    7.7040   10.5165    4.8148 H   0  0  0  0  0  0  0  0  0  0  0  0
    9.2924    8.5052    4.5143 H   0  0  0  0  0  0  0  0  0  0  0  0
    9.2869    8.2894    6.3391 H   0  0  0  0  0  0  0  0  0  0  0  0
    6.7657    8.1883    4.5000 H   0  0  0  0  0  0  0  0  0  0  0  0
    5.7387    6.3650    5.4641 H   0  0  0  0  0  0  0  0  0  0  0  0
    7.3982    4.7064    5.8304 H   0  0  0  0  0  0  0  0  0  0  0  0
    8.4201    6.0659    6.2858 H   0  0  0  0  0  0  0  0  0  0  0  0
    8.2443    4.5000    8.4322 H   0  0  0  0  0  0  0  0  0  0  0  0
    5.9986    5.1087    9.5757 H   0  0  0  0  0  0  0  0  0  0  0  0
    4.9562    7.0571    8.0762 H   0  0  0  0  0  0  0  0  0  0  0  0
    4.5000    5.5241    7.3232 H   0  0  0  0  0  0  0  0  0  0  0  0
  1 10  1  0  0  0  0
  2  3  1  0  0  0  0
  2  1  1  0  0  0  0
  2 13  1  0  0  0  0
  3  1  1  0  0  0  0
  3  4  1  0  0  0  0
  5 15  1  6  0  0  0
  5  6  1  0  0  0  0
  5  4  1  0  0  0  0
  5  9  1  0  0  0  0
  6  7  1  0  0  0  0
  7 18  1  0  0  0  0
  7  8  2  0  0  0  0
  8 19  1  0  0  0  0
  9 20  1  0  0  0  0
  9  8  1  0  0  0  0
 11  1  1  0  0  0  0
 12  2  1  0  0  0  0
 14  3  1  0  0  0  0
 16  6  1  0  0  0  0
 17  6  1  0  0  0  0
 21  9  1  0  0  0  0
M  END
