Lattice="15.30764791 0.0 0.0 0.0 12.63946078 0.0 0.0 0.0 13.33258782" Properties=species:S:1:pos:R:3:GW_charged:R:1:dKS_charged:R:1:dKS_neutral:R:1 pbc="T T T"
 OpenBabel12102409263D
Lattice="15.30764791 0.0 0.0 0.0 12.63946078 0.0 0.0 0.0 13.33258782" Properties=species:S:1:pos:R:3:GW_charged:R:1:dKS_charged:R:1:dKS_neutral:R:1 pbc="T T T"
 19 18  0  0  0  0  0  0  0  0999 V2000
    6.4552    7.7066    6.6865 C   0  0  0  0  0  0  0  0  0  0  0  0
    6.5100    6.1707    6.6666 C   0  0  0  0  0  0  0  0  0  0  0  0
    7.2214    5.6539    7.9273 C   0  0  0  0  0  0  0  0  0  0  0  0
    5.0841    5.5997    6.6023 C   0  0  0  0  0  0  0  0  0  0  0  0
    7.2707    5.6854    5.3940 C   0  0  0  0  0  0  0  0  0  0  0  0
    8.6498    6.1398    5.2942 C   0  0  0  0  0  0  0  0  0  0  0  0
    9.7952    6.5280    5.2296 C   0  0  0  0  0  0  0  0  0  0  0  0
    7.4643    8.1395    6.7105 H   0  0  0  0  0  0  0  0  0  0  0  0
    5.9413    8.0985    5.7966 H   0  0  0  0  0  0  0  0  0  0  0  0
    5.9108    8.0632    7.5722 H   0  0  0  0  0  0  0  0  0  0  0  0
    6.6890    5.9780    8.8326 H   0  0  0  0  0  0  0  0  0  0  0  0
    7.2638    4.5549    7.9385 H   0  0  0  0  0  0  0  0  0  0  0  0
    8.2511    6.0312    7.9848 H   0  0  0  0  0  0  0  0  0  0  0  0
    4.5523    5.9497    5.7054 H   0  0  0  0  0  0  0  0  0  0  0  0
    5.0933    4.5000    6.5817 H   0  0  0  0  0  0  0  0  0  0  0  0
    4.5000    5.9118    7.4794 H   0  0  0  0  0  0  0  0  0  0  0  0
    7.2551    4.5829    5.3689 H   0  0  0  0  0  0  0  0  0  0  0  0
    6.7185    6.0205    4.5000 H   0  0  0  0  0  0  0  0  0  0  0  0
   10.8076    6.8652    5.1622 H   0  0  0  0  0  0  0  0  0  0  0  0
  1  8  1  0  0  0  0
  1 10  1  0  0  0  0
  2  1  1  0  0  0  0
  2  3  1  0  0  0  0
  3 12  1  0  0  0  0
  3 13  1  0  0  0  0
  3 11  1  0  0  0  0
  4  2  1  0  0  0  0
  4 16  1  0  0  0  0
  5  2  1  0  0  0  0
  6  5  1  0  0  0  0
  7  6  3  0  0  0  0
  9  1  1  0  0  0  0
 14  4  1  0  0  0  0
 15  4  1  0  0  0  0
 17  5  1  0  0  0  0
 18  5  1  0  0  0  0
 19  7  1  0  0  0  0
M  END
