Lattice="12.88870759 0.0 0.0 0.0 16.56148473 0.0 0.0 0.0 12.407124379999999" Properties=species:S:1:pos:R:3:GW_charged:R:1:dKS_charged:R:1:dKS_neutral:R:1 pbc="T T T"
 OpenBabel12102410113D
Lattice="12.88870759 0.0 0.0 0.0 16.56148473 0.0 0.0 0.0 12.407124379999999" Properties=species:S:1:pos:R:3:GW_charged:R:1:dKS_charged:R:1:dKS_neutral:R:1 pbc="T T T"
 21 22  0  0  1  0  0  0  0  0999 V2000
    6.3288    5.5685    5.5102 C   0  0  0  0  0  0  0  0  0  0  0  0
    6.2769    6.7788    5.5047 C   0  0  0  0  0  0  0  0  0  0  0  0
    6.2361    8.2349    5.5276 C   0  0  1  0  0  0  0  0  0  0  0  0
    5.4688    8.7707    6.7558 C   0  0  0  0  0  0  0  0  0  0  0  0
    5.2512   10.2837    6.6358 C   0  0  0  0  0  0  0  0  0  0  0  0
    6.5080   11.0600    6.2877 C   0  0  1  0  0  0  0  0  0  0  0  0
    7.7789   10.9111    7.0822 C   0  0  0  0  0  0  0  0  0  0  0  0
    7.7011   10.3406    5.6823 C   0  0  1  0  0  0  0  0  0  0  0  0
    7.6655    8.8300    5.4722 C   0  0  0  0  0  0  0  0  0  0  0  0
    6.3685    4.5000    5.5068 H   0  0  0  0  0  0  0  0  0  0  0  0
    5.6910    8.5719    4.6263 H   0  0  0  0  0  0  0  0  0  0  0  0
    4.5000    8.2603    6.8392 H   0  0  0  0  0  0  0  0  0  0  0  0
    6.0322    8.5155    7.6674 H   0  0  0  0  0  0  0  0  0  0  0  0
    4.5053   10.4630    5.8437 H   0  0  0  0  0  0  0  0  0  0  0  0
    4.8113   10.6741    7.5672 H   0  0  0  0  0  0  0  0  0  0  0  0
    6.3160   12.0615    5.8991 H   0  0  0  0  0  0  0  0  0  0  0  0
    8.3887   11.7972    7.2523 H   0  0  0  0  0  0  0  0  0  0  0  0
    7.7914   10.1974    7.9071 H   0  0  0  0  0  0  0  0  0  0  0  0
    8.2485   10.8922    4.9178 H   0  0  0  0  0  0  0  0  0  0  0  0
    8.2793    8.3184    6.2292 H   0  0  0  0  0  0  0  0  0  0  0  0
    8.1113    8.5817    4.5000 H   0  0  0  0  0  0  0  0  0  0  0  0
  2  1  3  0  0  0  0
  2  3  1  0  0  0  0
  3 11  1  6  0  0  0
  3  4  1  0  0  0  0
  4 12  1  0  0  0  0
  4 13  1  0  0  0  0
  5  4  1  0  0  0  0
  5 15  1  0  0  0  0
  6 16  1  6  0  0  0
  6  5  1  0  0  0  0
  6  7  1  0  0  0  0
  7 17  1  0  0  0  0
  7 18  1  0  0  0  0
  8 19  1  6  0  0  0
  8  6  1  0  0  0  0
  8  7  1  0  0  0  0
  9  3  1  0  0  0  0
  9  8  1  0  0  0  0
  9 20  1  0  0  0  0
 10  1  1  0  0  0  0
 14  5  1  0  0  0  0
 21  9  1  0  0  0  0
M  END
