Lattice="12.06189544 0.0 0.0 0.0 15.32145602 0.0 0.0 0.0 13.40938126" Properties=species:S:1:pos:R:3:GW_charged:R:1:dKS_charged:R:1:dKS_neutral:R:1 pbc="T T T"
 OpenBabel12102409263D
Lattice="12.06189544 0.0 0.0 0.0 15.32145602 0.0 0.0 0.0 13.40938126" Properties=species:S:1:pos:R:3:GW_charged:R:1:dKS_charged:R:1:dKS_neutral:R:1 pbc="T T T"
 18 17  0  0  0  0  0  0  0  0999 V2000
    5.4942   10.3990    8.0106 C   0  0  0  0  0  0  0  0  0  0  0  0
    5.5297    8.8701    7.9771 C   0  0  0  0  0  0  0  0  0  0  0  0
    6.2350    8.3146    6.7363 C   0  0  0  0  0  0  0  0  0  0  0  0
    6.2685    6.7954    6.7061 C   0  0  0  0  0  0  0  0  0  0  0  0
    6.9378    6.3673    5.5268 O   0  0  0  0  0  0  0  0  0  0  0  0
    7.0070    4.9576    5.4311 C   0  0  0  0  0  0  0  0  0  0  0  0
    6.5094   10.8215    8.0060 H   0  0  0  0  0  0  0  0  0  0  0  0
    4.9654   10.8046    7.1360 H   0  0  0  0  0  0  0  0  0  0  0  0
    4.9837   10.7706    8.9094 H   0  0  0  0  0  0  0  0  0  0  0  0
    6.0330    8.4951    8.8836 H   0  0  0  0  0  0  0  0  0  0  0  0
    4.5000    8.4784    8.0198 H   0  0  0  0  0  0  0  0  0  0  0  0
    5.7322    8.6747    5.8246 H   0  0  0  0  0  0  0  0  0  0  0  0
    7.2693    8.6913    6.6909 H   0  0  0  0  0  0  0  0  0  0  0  0
    6.7913    6.4003    7.6016 H   0  0  0  0  0  0  0  0  0  0  0  0
    5.2383    6.3835    6.7262 H   0  0  0  0  0  0  0  0  0  0  0  0
    7.5619    4.5169    6.2809 H   0  0  0  0  0  0  0  0  0  0  0  0
    6.0001    4.5000    5.4005 H   0  0  0  0  0  0  0  0  0  0  0  0
    7.5345    4.7195    4.5000 H   0  0  0  0  0  0  0  0  0  0  0  0
  1  9  1  0  0  0  0
  2  1  1  0  0  0  0
  2 11  1  0  0  0  0
  2 10  1  0  0  0  0
  3  2  1  0  0  0  0
  4 15  1  0  0  0  0
  4  3  1  0  0  0  0
  4 14  1  0  0  0  0
  5  4  1  0  0  0  0
  6  5  1  0  0  0  0
  6 16  1  0  0  0  0
  7  1  1  0  0  0  0
  8  1  1  0  0  0  0
 12  3  1  0  0  0  0
 13  3  1  0  0  0  0
 17  6  1  0  0  0  0
 18  6  1  0  0  0  0
M  END
