Lattice="13.9998799 0.0 0.0 0.0 13.88808865 0.0 0.0 0.0 13.88666236" Properties=species:S:1:pos:R:3:GW_charged:R:1:dKS_charged:R:1:dKS_neutral:R:1 pbc="T T T"
 OpenBabel12102411063D
Lattice="13.9998799 0.0 0.0 0.0 13.88808865 0.0 0.0 0.0 13.88666236" Properties=species:S:1:pos:R:3:GW_charged:R:1:dKS_charged:R:1:dKS_neutral:R:1 pbc="T T T"
 21 23  0  0  1  0  0  0  0  0999 V2000
    6.3080    8.7142    6.7835 C   0  0  0  0  0  0  0  0  0  0  0  0
    7.5533    7.8916    6.5042 C   0  0  1  0  0  0  0  0  0  0  0  0
    8.5761    7.5885    7.5870 C   0  0  0  0  0  0  0  0  0  0  0  0
    8.1557    6.5606    8.6027 C   0  0  0  0  0  0  0  0  0  0  0  0
    6.9830    5.9113    8.6108 C   0  0  0  0  0  0  0  0  0  0  0  0
    5.9073    6.1690    7.6142 C   0  0  2  0  0  0  0  0  0  0  0  0
    5.6696    5.1729    6.4231 C   0  0  0  0  0  0  0  0  0  0  0  0
    5.5476    6.3938    5.4657 C   0  0  0  0  0  0  0  0  0  0  0  0
    6.1966    7.2400    6.5619 C   0  0  1  0  0  0  0  0  0  0  0  0
    6.1565    9.0820    7.8004 H   0  0  0  0  0  0  0  0  0  0  0  0
    5.9608    9.3881    6.0001 H   0  0  0  0  0  0  0  0  0  0  0  0
    7.9723    8.0244    5.5048 H   0  0  0  0  0  0  0  0  0  0  0  0
    9.4999    7.2251    7.1055 H   0  0  0  0  0  0  0  0  0  0  0  0
    8.8790    8.5144    8.1086 H   0  0  0  0  0  0  0  0  0  0  0  0
    8.8922    6.3322    9.3775 H   0  0  0  0  0  0  0  0  0  0  0  0
    6.7897    5.1657    9.3867 H   0  0  0  0  0  0  0  0  0  0  0  0
    4.9482    6.3619    8.1256 H   0  0  0  0  0  0  0  0  0  0  0  0
    6.5717    4.5817    6.2221 H   0  0  0  0  0  0  0  0  0  0  0  0
    4.8072    4.5000    6.5006 H   0  0  0  0  0  0  0  0  0  0  0  0
    6.0669    6.3335    4.5000 H   0  0  0  0  0  0  0  0  0  0  0  0
    4.5000    6.6773    5.2873 H   0  0  0  0  0  0  0  0  0  0  0  0
  1 10  1  0  0  0  0
  2 12  1  6  0  0  0
  2  9  1  0  0  0  0
  2  1  1  0  0  0  0
  2  3  1  0  0  0  0
  3 14  1  0  0  0  0
  3  4  1  0  0  0  0
  4  5  2  0  0  0  0
  4 15  1  0  0  0  0
  5 16  1  0  0  0  0
  6 17  1  1  0  0  0
  6  5  1  0  0  0  0
  7 19  1  0  0  0  0
  7  6  1  0  0  0  0
  8  7  1  0  0  0  0
  9  8  1  6  0  0  0
  9  1  1  0  0  0  0
  9  6  1  0  0  0  0
 11  1  1  0  0  0  0
 13  3  1  0  0  0  0
 18  7  1  0  0  0  0
 20  8  1  0  0  0  0
 21  8  1  0  0  0  0
M  END
