Lattice="14.7889688 0.0 0.0 0.0 12.61119661 0.0 0.0 0.0 12.32119319" Properties=species:S:1:pos:R:3:GW_charged:R:1:dKS_charged:R:1:dKS_neutral:R:1 pbc="T T T"
 OpenBabel12102409273D
Lattice="14.7889688 0.0 0.0 0.0 12.61119661 0.0 0.0 0.0 12.32119319" Properties=species:S:1:pos:R:3:GW_charged:R:1:dKS_charged:R:1:dKS_neutral:R:1 pbc="T T T"
 17 16  0  0  1  0  0  0  0  0999 V2000
    6.3967    7.6505    5.3635 C   0  0  0  0  0  0  0  0  0  0  0  0
    6.4976    6.1158    5.4258 C   0  0  1  0  0  0  0  0  0  0  0  0
    7.2799    5.5990    6.6515 C   0  0  0  0  0  0  0  0  0  0  0  0
    8.7520    5.9896    6.6540 C   0  0  0  0  0  0  0  0  0  0  0  0
    9.3572    5.3599    7.7882 O   0  0  0  0  0  0  0  0  0  0  0  0
    5.0969    5.5393    5.4809 C   0  0  0  0  0  0  0  0  0  0  0  0
    4.6115    4.7954    4.6564 O   0  0  0  0  0  0  0  0  0  0  0  0
    7.3877    8.1112    5.2677 H   0  0  0  0  0  0  0  0  0  0  0  0
    5.7985    7.9705    4.5000 H   0  0  0  0  0  0  0  0  0  0  0  0
    5.9269    8.0552    6.2722 H   0  0  0  0  0  0  0  0  0  0  0  0
    6.9600    5.7331    4.5029 H   0  0  0  0  0  0  0  0  0  0  0  0
    6.8140    5.9658    7.5805 H   0  0  0  0  0  0  0  0  0  0  0  0
    7.2248    4.5000    6.6826 H   0  0  0  0  0  0  0  0  0  0  0  0
    9.2291    5.6527    5.7146 H   0  0  0  0  0  0  0  0  0  0  0  0
    8.8657    7.0863    6.7147 H   0  0  0  0  0  0  0  0  0  0  0  0
   10.2890    5.6224    7.8212 H   0  0  0  0  0  0  0  0  0  0  0  0
    4.5000    5.8603    6.3779 H   0  0  0  0  0  0  0  0  0  0  0  0
  1  2  1  0  0  0  0
  1 10  1  0  0  0  0
  2 11  1  6  0  0  0
  2  6  1  0  0  0  0
  2  3  1  0  0  0  0
  3  4  1  0  0  0  0
  3 13  1  0  0  0  0
  3 12  1  0  0  0  0
  4 15  1  0  0  0  0
  4  5  1  0  0  0  0
  5 16  1  0  0  0  0
  6 17  1  0  0  0  0
  7  6  2  0  0  0  0
  8  1  1  0  0  0  0
  9  1  1  0  0  0  0
 14  4  1  0  0  0  0
M  END
