Lattice="16.402084549999998 0.0 0.0 0.0 14.00528576 0.0 0.0 0.0 12.74891057" Properties=species:S:1:pos:R:3:GW_charged:R:1:dKS_charged:R:1:dKS_neutral:R:1 pbc="T T T"
 OpenBabel12102409443D
Lattice="16.402084549999998 0.0 0.0 0.0 14.00528576 0.0 0.0 0.0 12.74891057" Properties=species:S:1:pos:R:3:GW_charged:R:1:dKS_charged:R:1:dKS_neutral:R:1 pbc="T T T"
 19 19  0  0  0  0  0  0  0  0999 V2000
   10.8629    8.9447    6.9247 C   0  0  0  0  0  0  0  0  0  0  0  0
   10.8123    7.4331    6.6481 C   0  0  0  0  0  0  0  0  0  0  0  0
    9.4307    6.8862    6.5644 C   0  0  0  0  0  0  0  0  0  0  0  0
    8.6831    6.3900    5.5332 C   0  0  0  0  0  0  0  0  0  0  0  0
    7.4081    6.0473    6.0877 C   0  0  0  0  0  0  0  0  0  0  0  0
    6.4040    5.5172    5.3425 O   0  0  0  0  0  0  0  0  0  0  0  0
    5.2089    5.2356    6.0645 C   0  0  0  0  0  0  0  0  0  0  0  0
    7.4563    6.3570    7.4239 C   0  0  0  0  0  0  0  0  0  0  0  0
    8.6990    6.8736    7.7224 O   0  0  0  0  0  0  0  0  0  0  0  0
   11.9021    9.2960    6.9799 H   0  0  0  0  0  0  0  0  0  0  0  0
   10.3529    9.5053    6.1301 H   0  0  0  0  0  0  0  0  0  0  0  0
   10.3723    9.1871    7.8760 H   0  0  0  0  0  0  0  0  0  0  0  0
   11.3176    7.2053    5.6992 H   0  0  0  0  0  0  0  0  0  0  0  0
   11.3671    6.8960    7.4346 H   0  0  0  0  0  0  0  0  0  0  0  0
    8.9907    6.2751    4.5000 H   0  0  0  0  0  0  0  0  0  0  0  0
    4.5000    4.8193    5.3421 H   0  0  0  0  0  0  0  0  0  0  0  0
    5.3941    4.5000    6.8650 H   0  0  0  0  0  0  0  0  0  0  0  0
    4.7878    6.1542    6.5065 H   0  0  0  0  0  0  0  0  0  0  0  0
    6.7621    6.2802    8.2489 H   0  0  0  0  0  0  0  0  0  0  0  0
  1 10  1  0  0  0  0
  1 12  1  0  0  0  0
  2  1  1  0  0  0  0
  2 14  1  0  0  0  0
  3  2  1  0  0  0  0
  3  9  1  0  0  0  0
  4  5  1  0  0  0  0
  4  3  2  0  0  0  0
  5  8  2  0  0  0  0
  6  7  1  0  0  0  0
  6  5  1  0  0  0  0
  7 18  1  0  0  0  0
  7 17  1  0  0  0  0
  8  9  1  0  0  0  0
  8 19  1  0  0  0  0
 11  1  1  0  0  0  0
 13  2  1  0  0  0  0
 15  4  1  0  0  0  0
 16  7  1  0  0  0  0
M  END
