Lattice="11.75180099 0.0 0.0 0.0 13.50537033 0.0 0.0 0.0 13.32095373" Properties=species:S:1:pos:R:3:GW_charged:R:1:dKS_charged:R:1:dKS_neutral:R:1 pbc="T T T"
 OpenBabel12102409373D
Lattice="11.75180099 0.0 0.0 0.0 13.50537033 0.0 0.0 0.0 13.32095373" Properties=species:S:1:pos:R:3:GW_charged:R:1:dKS_charged:R:1:dKS_neutral:R:1 pbc="T T T"
 19 19  0  0  0  0  0  0  0  0999 V2000
    5.4917    8.5793    6.6713 C   0  0  0  0  0  0  0  0  0  0  0  0
    5.5400    7.0513    6.6628 C   0  0  0  0  0  0  0  0  0  0  0  0
    6.2276    6.4970    5.4051 C   0  0  0  0  0  0  0  0  0  0  0  0
    6.3503    4.9754    5.4684 C   0  0  0  0  0  0  0  0  0  0  0  0
    7.0371    4.5390    6.6404 O   0  0  0  0  0  0  0  0  0  0  0  0
    6.3643    4.9627    7.8251 C   0  0  0  0  0  0  0  0  0  0  0  0
    6.2424    6.4835    7.9063 C   0  0  0  0  0  0  0  0  0  0  0  0
    6.5064    9.0054    6.6676 H   0  0  0  0  0  0  0  0  0  0  0  0
    4.9648    8.9683    5.7882 H   0  0  0  0  0  0  0  0  0  0  0  0
    4.9753    8.9587    7.5648 H   0  0  0  0  0  0  0  0  0  0  0  0
    4.5000    6.6738    6.6669 H   0  0  0  0  0  0  0  0  0  0  0  0
    5.6685    6.7838    4.5000 H   0  0  0  0  0  0  0  0  0  0  0  0
    7.2360    6.9342    5.3140 H   0  0  0  0  0  0  0  0  0  0  0  0
    5.3416    4.5131    5.4368 H   0  0  0  0  0  0  0  0  0  0  0  0
    6.9266    4.5832    4.6200 H   0  0  0  0  0  0  0  0  0  0  0  0
    5.3560    4.5000    7.8636 H   0  0  0  0  0  0  0  0  0  0  0  0
    6.9505    4.5614    8.6624 H   0  0  0  0  0  0  0  0  0  0  0  0
    7.2518    6.9198    7.9901 H   0  0  0  0  0  0  0  0  0  0  0  0
    5.6941    6.7605    8.8210 H   0  0  0  0  0  0  0  0  0  0  0  0
  1 10  1  0  0  0  0
  2 11  1  0  0  0  0
  2  1  1  0  0  0  0
  2  7  1  0  0  0  0
  3  4  1  0  0  0  0
  3  2  1  0  0  0  0
  4  5  1  0  0  0  0
  5  6  1  0  0  0  0
  6 16  1  0  0  0  0
  6  7  1  0  0  0  0
  6 17  1  0  0  0  0
  7 18  1  0  0  0  0
  7 19  1  0  0  0  0
  8  1  1  0  0  0  0
  9  1  1  0  0  0  0
 12  3  1  0  0  0  0
 13  3  1  0  0  0  0
 14  4  1  0  0  0  0
 15  4  1  0  0  0  0
M  END
