Lattice="15.41403021 0.0 0.0 0.0 14.5423118 0.0 0.0 0.0 12.83316136" Properties=species:S:1:pos:R:3:GW_charged:R:1:dKS_charged:R:1:dKS_neutral:R:1 pbc="T T T"
 OpenBabel12102409423D
Lattice="15.41403021 0.0 0.0 0.0 14.5423118 0.0 0.0 0.0 12.83316136" Properties=species:S:1:pos:R:3:GW_charged:R:1:dKS_charged:R:1:dKS_neutral:R:1 pbc="T T T"
 20 20  0  0  0  0  0  0  0  0999 V2000
    6.4493    9.5432    6.1915 C   0  0  0  0  0  0  0  0  0  0  0  0
    6.5818    8.0180    6.1976 C   0  0  0  0  0  0  0  0  0  0  0  0
    5.2346    7.3536    5.9389 C   0  0  0  0  0  0  0  0  0  0  0  0
    7.7687    7.5276    5.3080 C   0  0  0  0  0  0  0  0  0  0  0  0
    8.6728    7.4532    6.5797 C   0  0  0  0  0  0  0  0  0  0  0  0
    7.3716    7.5017    7.4427 C   0  0  0  0  0  0  0  0  0  0  0  0
    9.5606    6.3220    6.7311 C   0  0  0  0  0  0  0  0  0  0  0  0
   10.2760    5.3510    6.8524 C   0  0  0  0  0  0  0  0  0  0  0  0
    7.4114   10.0423    6.3766 H   0  0  0  0  0  0  0  0  0  0  0  0
    6.0721    9.8994    5.2214 H   0  0  0  0  0  0  0  0  0  0  0  0
    5.7469    9.8782    6.9691 H   0  0  0  0  0  0  0  0  0  0  0  0
    4.8248    7.6556    4.9632 H   0  0  0  0  0  0  0  0  0  0  0  0
    5.3221    6.2581    5.9418 H   0  0  0  0  0  0  0  0  0  0  0  0
    4.5000    7.6344    6.7087 H   0  0  0  0  0  0  0  0  0  0  0  0
    7.5883    6.5260    4.8976 H   0  0  0  0  0  0  0  0  0  0  0  0
    8.1058    8.1900    4.5000 H   0  0  0  0  0  0  0  0  0  0  0  0
    9.2461    8.3847    6.6977 H   0  0  0  0  0  0  0  0  0  0  0  0
    7.3927    8.1434    8.3332 H   0  0  0  0  0  0  0  0  0  0  0  0
    7.0601    6.4915    7.7371 H   0  0  0  0  0  0  0  0  0  0  0  0
   10.9140    4.5000    6.9609 H   0  0  0  0  0  0  0  0  0  0  0  0
  1  2  1  0  0  0  0
  1  9  1  0  0  0  0
  1 11  1  0  0  0  0
  2  6  1  0  0  0  0
  3 13  1  0  0  0  0
  3  2  1  0  0  0  0
  3 14  1  0  0  0  0
  4  2  1  0  0  0  0
  4  5  1  0  0  0  0
  5 17  1  0  0  0  0
  5  7  1  0  0  0  0
  5  6  1  0  0  0  0
  6 19  1  0  0  0  0
  6 18  1  0  0  0  0
  7  8  3  0  0  0  0
  8 20  1  0  0  0  0
 10  1  1  0  0  0  0
 12  3  1  0  0  0  0
 15  4  1  0  0  0  0
 16  4  1  0  0  0  0
M  END
