Lattice="13.42274081 0.0 0.0 0.0 13.537681599999999 0.0 0.0 0.0 12.27275674" Properties=species:S:1:pos:R:3:GW_charged:R:1:dKS_charged:R:1:dKS_neutral:R:1 pbc="T T T"
 OpenBabel12102409383D
Lattice="13.42274081 0.0 0.0 0.0 13.537681599999999 0.0 0.0 0.0 12.27275674" Properties=species:S:1:pos:R:3:GW_charged:R:1:dKS_charged:R:1:dKS_neutral:R:1 pbc="T T T"
 17 17  0  0  1  0  0  0  0  0999 V2000
    5.5724    8.5554    5.5177 C   0  0  0  0  0  0  0  0  0  0  0  0
    5.5307    7.0546    5.6812 C   0  0  1  0  0  0  0  0  0  0  0  0
    6.4474    6.3538    4.7840 O   0  0  0  0  0  0  0  0  0  0  0  0
    6.9121    5.4938    5.8706 C   0  0  1  0  0  0  0  0  0  0  0  0
    8.4144    5.3441    5.9073 C   0  0  0  0  0  0  0  0  0  0  0  0
    6.1867    6.3825    6.9213 C   0  0  1  0  0  0  0  0  0  0  0  0
    6.9784    7.1865    7.7728 O   0  0  0  0  0  0  0  0  0  0  0  0
    6.5810    8.9596    5.6805 H   0  0  0  0  0  0  0  0  0  0  0  0
    5.2629    8.8284    4.5000 H   0  0  0  0  0  0  0  0  0  0  0  0
    4.8879    9.0377    6.2289 H   0  0  0  0  0  0  0  0  0  0  0  0
    4.5000    6.6845    5.5280 H   0  0  0  0  0  0  0  0  0  0  0  0
    6.4333    4.5000    5.7931 H   0  0  0  0  0  0  0  0  0  0  0  0
    8.9227    6.3137    6.0011 H   0  0  0  0  0  0  0  0  0  0  0  0
    8.7162    4.7124    6.7539 H   0  0  0  0  0  0  0  0  0  0  0  0
    8.7649    4.8710    4.9803 H   0  0  0  0  0  0  0  0  0  0  0  0
    5.4958    5.8518    7.5867 H   0  0  0  0  0  0  0  0  0  0  0  0
    7.6149    7.6836    7.2348 H   0  0  0  0  0  0  0  0  0  0  0  0
  1  8  1  0  0  0  0
  1  2  1  0  0  0  0
  1 10  1  0  0  0  0
  2 11  1  6  0  0  0
  2  6  1  0  0  0  0
  3  2  1  0  0  0  0
  3  4  1  0  0  0  0
  4 12  1  6  0  0  0
  4  5  1  0  0  0  0
  4  6  1  0  0  0  0
  5 13  1  0  0  0  0
  5 14  1  0  0  0  0
  6 16  1  1  0  0  0
  6  7  1  0  0  0  0
  9  1  1  0  0  0  0
 15  5  1  0  0  0  0
 17  7  1  0  0  0  0
M  END
