Lattice="12.8939642 0.0 0.0 0.0 13.753792409999999 0.0 0.0 0.0 14.39434925" Properties=species:S:1:pos:R:3:GW_charged:R:1:dKS_charged:R:1:dKS_neutral:R:1 pbc="T T T"
 OpenBabel12102409373D
Lattice="12.8939642 0.0 0.0 0.0 13.753792409999999 0.0 0.0 0.0 14.39434925" Properties=species:S:1:pos:R:3:GW_charged:R:1:dKS_charged:R:1:dKS_neutral:R:1 pbc="T T T"
 21 21  0  0  1  0  0  0  0  0999 V2000
    6.1239    8.5158    6.2446 C   0  0  0  0  0  0  0  0  0  0  0  0
    5.5804    7.1297    6.6144 C   0  0  1  0  0  0  0  0  0  0  0  0
    5.8421    6.0850    5.5116 C   0  0  0  0  0  0  0  0  0  0  0  0
    7.2823    5.5722    5.7650 C   0  0  0  0  0  0  0  0  0  0  0  0
    7.5839    5.8910    7.2534 C   0  0  0  0  0  0  0  0  0  0  0  0
    6.2768    6.4753    7.8366 C   0  0  1  0  0  0  0  0  0  0  0  0
    6.4751    7.3565    9.0669 C   0  0  0  0  0  0  0  0  0  0  0  0
    7.2081    8.5033    6.0593 H   0  0  0  0  0  0  0  0  0  0  0  0
    5.6406    8.8842    5.3290 H   0  0  0  0  0  0  0  0  0  0  0  0
    5.9336    9.2538    7.0357 H   0  0  0  0  0  0  0  0  0  0  0  0
    4.5000    7.2265    6.8075 H   0  0  0  0  0  0  0  0  0  0  0  0
    5.1248    5.2571    5.6176 H   0  0  0  0  0  0  0  0  0  0  0  0
    5.7090    6.4932    4.5000 H   0  0  0  0  0  0  0  0  0  0  0  0
    7.3677    4.5000    5.5459 H   0  0  0  0  0  0  0  0  0  0  0  0
    8.0004    6.0804    5.1074 H   0  0  0  0  0  0  0  0  0  0  0  0
    7.9151    5.0080    7.8163 H   0  0  0  0  0  0  0  0  0  0  0  0
    8.3940    6.6316    7.3358 H   0  0  0  0  0  0  0  0  0  0  0  0
    5.6352    5.6259    8.1311 H   0  0  0  0  0  0  0  0  0  0  0  0
    7.1527    8.1972    8.8596 H   0  0  0  0  0  0  0  0  0  0  0  0
    5.5223    7.7739    9.4240 H   0  0  0  0  0  0  0  0  0  0  0  0
    6.9142    6.7812    9.8943 H   0  0  0  0  0  0  0  0  0  0  0  0
  1  2  1  0  0  0  0
  1 10  1  0  0  0  0
  2 11  1  1  0  0  0
  2  6  1  0  0  0  0
  3 12  1  0  0  0  0
  3  4  1  0  0  0  0
  3  2  1  0  0  0  0
  4  5  1  0  0  0  0
  5 17  1  0  0  0  0
  5 16  1  0  0  0  0
  5  6  1  0  0  0  0
  6 18  1  1  0  0  0
  6  7  1  0  0  0  0
  7 20  1  0  0  0  0
  7 21  1  0  0  0  0
  8  1  1  0  0  0  0
  9  1  1  0  0  0  0
 13  3  1  0  0  0  0
 14  4  1  0  0  0  0
 15  4  1  0  0  0  0
 19  7  1  0  0  0  0
M  END
