Lattice="11.95365351 0.0 0.0 0.0 15.20815335 0.0 0.0 0.0 13.15582588" Properties=species:S:1:pos:R:3:GW_charged:R:1:dKS_charged:R:1:dKS_neutral:R:1 pbc="T T T"
 OpenBabel12102409393D
Lattice="11.95365351 0.0 0.0 0.0 15.20815335 0.0 0.0 0.0 13.15582588" Properties=species:S:1:pos:R:3:GW_charged:R:1:dKS_charged:R:1:dKS_neutral:R:1 pbc="T T T"
 17 17  0  0  1  0  0  0  0  0999 V2000
    5.2885   10.0881    5.6321 C   0  0  0  0  0  0  0  0  0  0  0  0
    5.7113    8.6441    5.3479 C   0  0  0  0  0  0  0  0  0  0  0  0
    6.3622    8.0046    6.5584 C   0  0  1  0  0  0  0  0  0  0  0  0
    5.5655    7.3049    7.6048 C   0  0  0  0  0  0  0  0  0  0  0  0
    6.5225    6.4872    6.7355 C   0  0  1  0  0  0  0  0  0  0  0  0
    5.9602    5.5358    5.7601 C   0  0  0  0  0  0  0  0  0  0  0  0
    6.5029    4.5000    5.4211 O   0  0  0  0  0  0  0  0  0  0  0  0
    6.1513   10.7082    5.9152 H   0  0  0  0  0  0  0  0  0  0  0  0
    4.8239   10.5481    4.7499 H   0  0  0  0  0  0  0  0  0  0  0  0
    4.5638   10.1326    6.4571 H   0  0  0  0  0  0  0  0  0  0  0  0
    4.8322    8.0622    5.0340 H   0  0  0  0  0  0  0  0  0  0  0  0
    6.4137    8.6178    4.5000 H   0  0  0  0  0  0  0  0  0  0  0  0
    7.2359    8.5508    6.9232 H   0  0  0  0  0  0  0  0  0  0  0  0
    5.8276    7.4100    8.6558 H   0  0  0  0  0  0  0  0  0  0  0  0
    4.5000    7.1643    7.4152 H   0  0  0  0  0  0  0  0  0  0  0  0
    7.4537    6.1490    7.1893 H   0  0  0  0  0  0  0  0  0  0  0  0
    4.9592    5.8116    5.3367 H   0  0  0  0  0  0  0  0  0  0  0  0
  1  8  1  0  0  0  0
  1 10  1  0  0  0  0
  2  1  1  0  0  0  0
  2  3  1  0  0  0  0
  3  5  1  0  0  0  0
  3 13  1  1  0  0  0
  3  4  1  0  0  0  0
  4 14  1  0  0  0  0
  5 16  1  1  0  0  0
  5  4  1  0  0  0  0
  6  5  1  0  0  0  0
  7  6  2  0  0  0  0
  9  1  1  0  0  0  0
 11  2  1  0  0  0  0
 12  2  1  0  0  0  0
 15  4  1  0  0  0  0
 17  6  1  0  0  0  0
M  END
