Lattice="14.386343440000001 0.0 0.0 0.0 14.65370354 0.0 0.0 0.0 12.0142603" Properties=species:S:1:pos:R:3:GW_charged:R:1:dKS_charged:R:1:dKS_neutral:R:1 pbc="T T T"
 OpenBabel12102409383D
Lattice="14.386343440000001 0.0 0.0 0.0 14.65370354 0.0 0.0 0.0 12.0142603" Properties=species:S:1:pos:R:3:GW_charged:R:1:dKS_charged:R:1:dKS_neutral:R:1 pbc="T T T"
 17 16  0  0  1  0  0  0  0  0999 V2000
    5.0117    8.5501    6.4937 C   0  0  0  0  0  0  0  0  0  0  0  0
    6.5256    8.7002    6.6267 C   0  0  0  0  0  0  0  0  0  0  0  0
    7.3083    8.1880    5.3950 C   0  0  1  0  0  0  0  0  0  0  0  0
    8.8084    8.5169    5.4827 C   0  0  0  0  0  0  0  0  0  0  0  0
    8.9466    9.9403    5.4739 O   0  0  0  0  0  0  0  0  0  0  0  0
    7.1366    6.7519    5.1973 C   0  0  0  0  0  0  0  0  0  0  0  0
    7.0099    5.5548    5.0654 C   0  0  0  0  0  0  0  0  0  0  0  0
    4.6297    9.1148    5.6308 H   0  0  0  0  0  0  0  0  0  0  0  0
    4.7225    7.4989    6.3593 H   0  0  0  0  0  0  0  0  0  0  0  0
    4.5000    8.9280    7.3889 H   0  0  0  0  0  0  0  0  0  0  0  0
    6.7938    9.7562    6.7687 H   0  0  0  0  0  0  0  0  0  0  0  0
    6.8837    8.1551    7.5143 H   0  0  0  0  0  0  0  0  0  0  0  0
    6.9214    8.7086    4.5000 H   0  0  0  0  0  0  0  0  0  0  0  0
    9.2232    8.0784    6.4083 H   0  0  0  0  0  0  0  0  0  0  0  0
    9.3290    8.0608    4.6238 H   0  0  0  0  0  0  0  0  0  0  0  0
    9.8863   10.1537    5.5659 H   0  0  0  0  0  0  0  0  0  0  0  0
    6.8904    4.5000    4.9360 H   0  0  0  0  0  0  0  0  0  0  0  0
  1  2  1  0  0  0  0
  1 10  1  0  0  0  0
  2 11  1  0  0  0  0
  2 12  1  0  0  0  0
  3 13  1  6  0  0  0
  3  4  1  0  0  0  0
  3  2  1  0  0  0  0
  4 14  1  0  0  0  0
  5  4  1  0  0  0  0
  5 16  1  0  0  0  0
  6  3  1  0  0  0  0
  7  6  3  0  0  0  0
  8  1  1  0  0  0  0
  9  1  1  0  0  0  0
 15  4  1  0  0  0  0
 17  7  1  0  0  0  0
M  END
