Lattice="12.84747635 0.0 0.0 0.0 15.27341108 0.0 0.0 0.0 13.36162817" Properties=species:S:1:pos:R:3:GW_charged:R:1:dKS_charged:R:1:dKS_neutral:R:1 pbc="T T T"
 OpenBabel12102409273D
Lattice="12.84747635 0.0 0.0 0.0 15.27341108 0.0 0.0 0.0 13.36162817" Properties=species:S:1:pos:R:3:GW_charged:R:1:dKS_charged:R:1:dKS_neutral:R:1 pbc="T T T"
 21 20  0  0  1  0  0  0  0  0999 V2000
    5.8718   10.3185    7.9669 C   0  0  0  0  0  0  0  0  0  0  0  0
    5.7872    8.7919    7.9174 C   0  0  0  0  0  0  0  0  0  0  0  0
    6.4663    8.1976    6.6792 C   0  0  0  0  0  0  0  0  0  0  0  0
    6.4920    6.6604    6.6239 C   0  0  1  0  0  0  0  0  0  0  0  0
    5.0931    6.0391    6.5400 C   0  0  0  0  0  0  0  0  0  0  0  0
    7.3663    6.2051    5.4560 C   0  0  0  0  0  0  0  0  0  0  0  0
    7.5322    4.7827    5.5218 O   0  0  0  0  0  0  0  0  0  0  0  0
    6.9169   10.6611    7.9815 H   0  0  0  0  0  0  0  0  0  0  0  0
    5.3895   10.7734    7.0892 H   0  0  0  0  0  0  0  0  0  0  0  0
    5.3780   10.7214    8.8616 H   0  0  0  0  0  0  0  0  0  0  0  0
    6.2518    8.3663    8.8223 H   0  0  0  0  0  0  0  0  0  0  0  0
    4.7299    8.4870    7.9480 H   0  0  0  0  0  0  0  0  0  0  0  0
    5.9675    8.5850    5.7725 H   0  0  0  0  0  0  0  0  0  0  0  0
    7.5039    8.5716    6.6357 H   0  0  0  0  0  0  0  0  0  0  0  0
    6.9818    6.2919    7.5432 H   0  0  0  0  0  0  0  0  0  0  0  0
    5.1597    4.9504    6.4258 H   0  0  0  0  0  0  0  0  0  0  0  0
    4.5000    6.2474    7.4397 H   0  0  0  0  0  0  0  0  0  0  0  0
    4.5407    6.4384    5.6747 H   0  0  0  0  0  0  0  0  0  0  0  0
    6.8904    6.4982    4.5000 H   0  0  0  0  0  0  0  0  0  0  0  0
    8.3475    6.7116    5.5125 H   0  0  0  0  0  0  0  0  0  0  0  0
    8.0336    4.5000    4.7436 H   0  0  0  0  0  0  0  0  0  0  0  0
  1  8  1  0  0  0  0
  1 10  1  0  0  0  0
  2 12  1  0  0  0  0
  2  1  1  0  0  0  0
  2 11  1  0  0  0  0
  3  2  1  0  0  0  0
  4  3  1  0  0  0  0
  4 15  1  1  0  0  0
  5  4  1  0  0  0  0
  5 17  1  0  0  0  0
  6 20  1  0  0  0  0
  6  7  1  0  0  0  0
  6  4  1  0  0  0  0
  9  1  1  0  0  0  0
 13  3  1  0  0  0  0
 14  3  1  0  0  0  0
 16  5  1  0  0  0  0
 18  5  1  0  0  0  0
 19  6  1  0  0  0  0
 21  7  1  0  0  0  0
M  END
