Lattice="11.02870106 0.0 0.0 0.0 14.88167597 0.0 0.0 0.0 14.35653723" Properties=species:S:1:pos:R:3:GW_charged:R:1:dKS_charged:R:1:dKS_neutral:R:1 pbc="T T T"
 OpenBabel12102409423D
Lattice="11.02870106 0.0 0.0 0.0 14.88167597 0.0 0.0 0.0 14.35653723" Properties=species:S:1:pos:R:3:GW_charged:R:1:dKS_charged:R:1:dKS_neutral:R:1 pbc="T T T"
 19 19  0  0  0  0  0  0  0  0999 V2000
    5.3802    9.9060    7.7426 C   0  0  0  0  0  0  0  0  0  0  0  0
    5.4641    8.3999    7.7020 C   0  0  0  0  0  0  0  0  0  0  0  0
    5.5654    7.7020    6.4806 C   0  0  0  0  0  0  0  0  0  0  0  0
    5.5968    8.3995    5.1440 C   0  0  0  0  0  0  0  0  0  0  0  0
    5.6401    6.2961    6.5121 C   0  0  0  0  0  0  0  0  0  0  0  0
    5.7400    5.5552    5.3597 O   0  0  0  0  0  0  0  0  0  0  0  0
    5.6162    5.5872    7.7150 C   0  0  0  0  0  0  0  0  0  0  0  0
    5.5161    6.2886    8.9114 C   0  0  0  0  0  0  0  0  0  0  0  0
    5.4408    7.6815    8.9044 C   0  0  0  0  0  0  0  0  0  0  0  0
    6.2651   10.3817    7.2940 H   0  0  0  0  0  0  0  0  0  0  0  0
    4.5000   10.2858    7.2025 H   0  0  0  0  0  0  0  0  0  0  0  0
    5.3074   10.2576    8.7785 H   0  0  0  0  0  0  0  0  0  0  0  0
    6.5287    8.1898    4.5917 H   0  0  0  0  0  0  0  0  0  0  0  0
    4.7546    8.0942    4.5000 H   0  0  0  0  0  0  0  0  0  0  0  0
    5.5330    9.4869    5.2459 H   0  0  0  0  0  0  0  0  0  0  0  0
    5.7466    6.1585    4.5995 H   0  0  0  0  0  0  0  0  0  0  0  0
    5.6766    4.5000    7.6889 H   0  0  0  0  0  0  0  0  0  0  0  0
    5.4966    5.7457    9.8565 H   0  0  0  0  0  0  0  0  0  0  0  0
    5.3624    8.2255    9.8462 H   0  0  0  0  0  0  0  0  0  0  0  0
  1 12  1  0  0  0  0
  2  1  1  0  0  0  0
  2  9  1  0  0  0  0
  3  5  1  0  0  0  0
  3  2  2  0  0  0  0
  4 15  1  0  0  0  0
  4  3  1  0  0  0  0
  5  7  2  0  0  0  0
  6  5  1  0  0  0  0
  7  8  1  0  0  0  0
  8 18  1  0  0  0  0
  9  8  2  0  0  0  0
  9 19  1  0  0  0  0
 10  1  1  0  0  0  0
 11  1  1  0  0  0  0
 13  4  1  0  0  0  0
 14  4  1  0  0  0  0
 16  6  1  0  0  0  0
 17  7  1  0  0  0  0
M  END
