Lattice="12.88922169 0.0 0.0 0.0 12.19687903 0.0 0.0 0.0 11.61855179" Properties=species:S:1:pos:R:3:GW_charged:R:1:dKS_charged:R:1:dKS_neutral:R:1 pbc="T T T"
 OpenBabel12102409263D
Lattice="12.88922169 0.0 0.0 0.0 12.19687903 0.0 0.0 0.0 11.61855179" Properties=species:S:1:pos:R:3:GW_charged:R:1:dKS_charged:R:1:dKS_neutral:R:1 pbc="T T T"
 13 13  0  0  0  0  0  0  0  0999 V2000
    5.1951    6.5759    5.5141 C   0  0  0  0  0  0  0  0  0  0  0  0
    6.6686    7.0005    5.7545 C   0  0  0  0  0  0  0  0  0  0  0  0
    7.3868    5.6653    6.0293 C   0  0  0  0  0  0  0  0  0  0  0  0
    6.5781    4.6557    5.4216 O   0  0  0  0  0  0  0  0  0  0  0  0
    5.2298    5.0463    5.6895 C   0  0  0  0  0  0  0  0  0  0  0  0
    4.5000    7.0494    6.2187 H   0  0  0  0  0  0  0  0  0  0  0  0
    4.8741    6.8438    4.5000 H   0  0  0  0  0  0  0  0  0  0  0  0
    7.0824    7.4900    4.8645 H   0  0  0  0  0  0  0  0  0  0  0  0
    6.7737    7.6969    6.5958 H   0  0  0  0  0  0  0  0  0  0  0  0
    8.3892    5.5965    5.5898 H   0  0  0  0  0  0  0  0  0  0  0  0
    7.4678    5.4802    7.1186 H   0  0  0  0  0  0  0  0  0  0  0  0
    4.9520    4.7632    6.7240 H   0  0  0  0  0  0  0  0  0  0  0  0
    4.5814    4.5000    4.9938 H   0  0  0  0  0  0  0  0  0  0  0  0
  1  5  1  0  0  0  0
  1  2  1  0  0  0  0
  1  6  1  0  0  0  0
  2  3  1  0  0  0  0
  2  9  1  0  0  0  0
  3 11  1  0  0  0  0
  4  5  1  0  0  0  0
  4  3  1  0  0  0  0
  5 12  1  0  0  0  0
  7  1  1  0  0  0  0
  8  2  1  0  0  0  0
 10  3  1  0  0  0  0
 13  5  1  0  0  0  0
M  END
