Lattice="13.35369811 0.0 0.0 0.0 13.62918717 0.0 0.0 0.0 12.03880219" Properties=species:S:1:pos:R:3:GW_charged:R:1:dKS_charged:R:1:dKS_neutral:R:1 pbc="T T T"
 OpenBabel12102409263D
Lattice="13.35369811 0.0 0.0 0.0 13.62918717 0.0 0.0 0.0 12.03880219" Properties=species:S:1:pos:R:3:GW_charged:R:1:dKS_charged:R:1:dKS_neutral:R:1 pbc="T T T"
 16 16  0  0  1  0  0  0  0  0999 V2000
    5.7295    8.6126    6.5378 C   0  0  0  0  0  0  0  0  0  0  0  0
    5.5576    7.1161    6.4157 C   0  0  1  0  0  0  0  0  0  0  0  0
    6.1699    6.3770    5.2098 C   0  0  0  0  0  0  0  0  0  0  0  0
    6.8162    5.4602    6.2668 C   0  0  1  0  0  0  0  0  0  0  0  0
    8.3079    5.2203    6.2327 C   0  0  0  0  0  0  0  0  0  0  0  0
    6.4108    6.3686    7.3394 O   0  0  0  0  0  0  0  0  0  0  0  0
    6.7757    8.9011    6.3675 H   0  0  0  0  0  0  0  0  0  0  0  0
    5.0975    9.1292    5.8005 H   0  0  0  0  0  0  0  0  0  0  0  0
    5.4344    8.9564    7.5388 H   0  0  0  0  0  0  0  0  0  0  0  0
    4.5000    6.8385    6.5826 H   0  0  0  0  0  0  0  0  0  0  0  0
    5.4758    5.9133    4.5000 H   0  0  0  0  0  0  0  0  0  0  0  0
    6.9034    6.9839    4.6615 H   0  0  0  0  0  0  0  0  0  0  0  0
    6.2774    4.5000    6.3723 H   0  0  0  0  0  0  0  0  0  0  0  0
    8.8537    6.1671    6.1216 H   0  0  0  0  0  0  0  0  0  0  0  0
    8.6437    4.7340    7.1590 H   0  0  0  0  0  0  0  0  0  0  0  0
    8.5680    4.5632    5.3897 H   0  0  0  0  0  0  0  0  0  0  0  0
  1  9  1  0  0  0  0
  2  1  1  0  0  0  0
  2 10  1  1  0  0  0
  2  6  1  0  0  0  0
  3  4  1  0  0  0  0
  3  2  1  0  0  0  0
  4 13  1  1  0  0  0
  4  6  1  0  0  0  0
  5  4  1  0  0  0  0
  5 15  1  0  0  0  0
  7  1  1  0  0  0  0
  8  1  1  0  0  0  0
 11  3  1  0  0  0  0
 12  3  1  0  0  0  0
 14  5  1  0  0  0  0
 16  5  1  0  0  0  0
M  END
