Lattice="14.16377708 0.0 0.0 0.0 13.0819062 0.0 0.0 0.0 13.97174099" Properties=species:S:1:pos:R:3:GW_charged:R:1:dKS_charged:R:1:dKS_neutral:R:1 pbc="T T T"
 OpenBabel12102411043D
Lattice="14.16377708 0.0 0.0 0.0 13.0819062 0.0 0.0 0.0 13.97174099" Properties=species:S:1:pos:R:3:GW_charged:R:1:dKS_charged:R:1:dKS_neutral:R:1 pbc="T T T"
 21 24  0  0  1  0  0  0  0  0999 V2000
    6.4283    8.0463    7.5686 C   0  0  0  0  0  0  0  0  0  0  0  0
    7.9375    7.7490    7.5053 C   0  0  1  0  0  0  0  0  0  0  0  0
    7.8009    6.4368    8.3741 C   0  0  2  0  0  0  0  0  0  0  0  0
    8.5718    5.5867    7.3475 C   0  0  0  0  0  0  0  0  0  0  0  0
    7.7363    6.5620    6.4902 C   0  0  2  0  0  0  0  0  0  0  0  0
    7.1807    6.3891    5.0850 C   0  0  0  0  0  0  0  0  0  0  0  0
    5.7278    5.8208    5.3072 C   0  0  0  0  0  0  0  0  0  0  0  0
    5.5418    5.5369    6.8376 C   0  0  0  0  0  0  0  0  0  0  0  0
    6.5151    6.5071    7.4669 C   0  0  2  0  0  0  0  0  0  0  0  0
    6.0387    8.4575    8.5112 H   0  0  0  0  0  0  0  0  0  0  0  0
    5.9980    8.5819    6.7090 H   0  0  0  0  0  0  0  0  0  0  0  0
    8.7864    8.4463    7.5445 H   0  0  0  0  0  0  0  0  0  0  0  0
    7.8323    6.3992    9.4717 H   0  0  0  0  0  0  0  0  0  0  0  0
    9.6638    5.7147    7.3181 H   0  0  0  0  0  0  0  0  0  0  0  0
    8.3089    4.5198    7.2904 H   0  0  0  0  0  0  0  0  0  0  0  0
    7.1451    7.3348    4.5275 H   0  0  0  0  0  0  0  0  0  0  0  0
    7.8034    5.6992    4.5000 H   0  0  0  0  0  0  0  0  0  0  0  0
    4.9911    6.5690    4.9824 H   0  0  0  0  0  0  0  0  0  0  0  0
    5.5411    4.9200    4.7074 H   0  0  0  0  0  0  0  0  0  0  0  0
    4.5000    5.6707    7.1578 H   0  0  0  0  0  0  0  0  0  0  0  0
    5.8259    4.5000    7.0731 H   0  0  0  0  0  0  0  0  0  0  0  0
  1 10  1  0  0  0  0
  2 12  1  1  0  0  0
  2  1  1  0  0  0  0
  2  3  1  0  0  0  0
  3 13  1  1  0  0  0
  4  3  1  0  0  0  0
  5  6  1  6  0  0  0
  5  4  1  0  0  0  0
  5  9  1  0  0  0  0
  5  2  1  0  0  0  0
  6  7  1  0  0  0  0
  7  8  1  0  0  0  0
  8 21  1  0  0  0  0
  8 20  1  0  0  0  0
  9  8  1  6  0  0  0
  9  1  1  0  0  0  0
  9  3  1  0  0  0  0
 11  1  1  0  0  0  0
 14  4  1  0  0  0  0
 15  4  1  0  0  0  0
 16  6  1  0  0  0  0
 17  6  1  0  0  0  0
 18  7  1  0  0  0  0
 19  7  1  0  0  0  0
M  END
