Lattice="13.54695982 0.0 0.0 0.0 16.70015272 0.0 0.0 0.0 11.7364274" Properties=species:S:1:pos:R:3:GW_charged:R:1:dKS_charged:R:1:dKS_neutral:R:1 pbc="T T T"
 OpenBabel12102409453D
Lattice="13.54695982 0.0 0.0 0.0 16.70015272 0.0 0.0 0.0 11.7364274" Properties=species:S:1:pos:R:3:GW_charged:R:1:dKS_charged:R:1:dKS_neutral:R:1 pbc="T T T"
 19 20  0  0  0  0  0  0  0  0999 V2000
    6.7377    5.5402    4.7315 C   0  0  0  0  0  0  0  0  0  0  0  0
    6.6181    6.7217    4.9885 C   0  0  0  0  0  0  0  0  0  0  0  0
    6.5412    8.0971    5.3061 C   0  0  0  0  0  0  0  0  0  0  0  0
    5.4624    8.8977    5.1638 C   0  0  0  0  0  0  0  0  0  0  0  0
    5.7252   10.2947    5.6433 C   0  0  0  0  0  0  0  0  0  0  0  0
    7.2457   10.3117    5.8467 C   0  0  0  0  0  0  0  0  0  0  0  0
    8.0870   11.3318    5.1181 C   0  0  0  0  0  0  0  0  0  0  0  0
    7.9341   11.4016    6.6207 C   0  0  0  0  0  0  0  0  0  0  0  0
    7.7092    8.8537    5.9163 C   0  0  0  0  0  0  0  0  0  0  0  0
    6.8249    4.5000    4.5000 H   0  0  0  0  0  0  0  0  0  0  0  0
    4.5000    8.5635    4.7791 H   0  0  0  0  0  0  0  0  0  0  0  0
    5.3858   11.0622    4.9295 H   0  0  0  0  0  0  0  0  0  0  0  0
    5.1796   10.4894    6.5860 H   0  0  0  0  0  0  0  0  0  0  0  0
    9.0470   11.0093    4.7147 H   0  0  0  0  0  0  0  0  0  0  0  0
    7.5748   12.0817    4.5150 H   0  0  0  0  0  0  0  0  0  0  0  0
    7.3201   12.2002    7.0373 H   0  0  0  0  0  0  0  0  0  0  0  0
    8.7915   11.1299    7.2364 H   0  0  0  0  0  0  0  0  0  0  0  0
    7.8738    8.5152    6.9542 H   0  0  0  0  0  0  0  0  0  0  0  0
    8.6485    8.6770    5.3720 H   0  0  0  0  0  0  0  0  0  0  0  0
  1  2  3  0  0  0  0
  2  3  1  0  0  0  0
  3  9  1  0  0  0  0
  4  3  2  0  0  0  0
  4  5  1  0  0  0  0
  5  6  1  0  0  0  0
  5 13  1  0  0  0  0
  6  9  1  0  0  0  0
  6  8  1  0  0  0  0
  7  6  1  0  0  0  0
  7  8  1  0  0  0  0
  8 16  1  0  0  0  0
  8 17  1  0  0  0  0
  9 18  1  0  0  0  0
 10  1  1  0  0  0  0
 11  4  1  0  0  0  0
 12  5  1  0  0  0  0
 14  7  1  0  0  0  0
 15  7  1  0  0  0  0
 19  9  1  0  0  0  0
M  END
