Lattice="14.73607935 0.0 0.0 0.0 14.78292545 0.0 0.0 0.0 12.340810470000001" Properties=species:S:1:pos:R:3:GW_charged:R:1:dKS_charged:R:1:dKS_neutral:R:1 pbc="T T T"
 OpenBabel12102411073D
Lattice="14.73607935 0.0 0.0 0.0 14.78292545 0.0 0.0 0.0 12.340810470000001" Properties=species:S:1:pos:R:3:GW_charged:R:1:dKS_charged:R:1:dKS_neutral:R:1 pbc="T T T"
 23 24  0  0  1  0  0  0  0  0999 V2000
    5.3664    8.9821    5.6170 C   0  0  0  0  0  0  0  0  0  0  0  0
    6.8717    9.3414    5.5575 C   0  0  0  0  0  0  0  0  0  0  0  0
    7.5928    8.1213    6.1637 C   0  0  2  0  0  0  0  0  0  0  0  0
    8.9640    7.7582    5.5891 C   0  0  0  0  0  0  0  0  0  0  0  0
    9.5156    6.4496    6.2156 C   0  0  0  0  0  0  0  0  0  0  0  0
    8.4196    5.5319    6.8052 C   0  0  0  0  0  0  0  0  0  0  0  0
    7.1135    5.5804    5.9969 C   0  0  0  0  0  0  0  0  0  0  0  0
    6.6047    6.9932    5.9222 C   0  0  0  0  0  0  0  0  0  0  0  0
    5.3861    7.4715    5.6332 C   0  0  0  0  0  0  0  0  0  0  0  0
    4.8903    9.3825    6.5308 H   0  0  0  0  0  0  0  0  0  0  0  0
    4.7990    9.3967    4.7706 H   0  0  0  0  0  0  0  0  0  0  0  0
    7.1780    9.4487    4.5045 H   0  0  0  0  0  0  0  0  0  0  0  0
    7.1143   10.2829    6.0676 H   0  0  0  0  0  0  0  0  0  0  0  0
    7.7047    8.2682    7.2574 H   0  0  0  0  0  0  0  0  0  0  0  0
    8.8503    7.6326    4.5000 H   0  0  0  0  0  0  0  0  0  0  0  0
    9.6811    8.5803    5.7304 H   0  0  0  0  0  0  0  0  0  0  0  0
   10.0823    5.8987    5.4503 H   0  0  0  0  0  0  0  0  0  0  0  0
   10.2361    6.6903    7.0107 H   0  0  0  0  0  0  0  0  0  0  0  0
    8.7936    4.5000    6.8653 H   0  0  0  0  0  0  0  0  0  0  0  0
    8.2006    5.8355    7.8408 H   0  0  0  0  0  0  0  0  0  0  0  0
    7.3089    5.2107    4.9742 H   0  0  0  0  0  0  0  0  0  0  0  0
    6.3575    4.9045    6.4233 H   0  0  0  0  0  0  0  0  0  0  0  0
    4.5000    6.8622    5.4488 H   0  0  0  0  0  0  0  0  0  0  0  0
  1  9  1  0  0  0  0
  1 10  1  0  0  0  0
  2  1  1  0  0  0  0
  2 13  1  0  0  0  0
  2  3  1  0  0  0  0
  3 14  1  1  0  0  0
  4 16  1  0  0  0  0
  4  3  1  0  0  0  0
  4  5  1  0  0  0  0
  5  6  1  0  0  0  0
  5 18  1  0  0  0  0
  6 19  1  0  0  0  0
  6 20  1  0  0  0  0
  7 22  1  0  0  0  0
  7  6  1  0  0  0  0
  8  7  1  0  0  0  0
  8  3  1  0  0  0  0
  9  8  2  0  0  0  0
 11  1  1  0  0  0  0
 12  2  1  0  0  0  0
 15  4  1  0  0  0  0
 17  5  1  0  0  0  0
 21  7  1  0  0  0  0
 23  9  1  0  0  0  0
M  END
