Lattice="11.89829219 0.0 0.0 0.0 13.6936128 0.0 0.0 0.0 14.600533460000001" Properties=species:S:1:pos:R:3:GW_charged:R:1:dKS_charged:R:1:dKS_neutral:R:1 pbc="T T T"
 OpenBabel12102409263D
Lattice="11.89829219 0.0 0.0 0.0 13.6936128 0.0 0.0 0.0 14.600533460000001" Properties=species:S:1:pos:R:3:GW_charged:R:1:dKS_charged:R:1:dKS_neutral:R:1 pbc="T T T"
 18 18  0  0  0  0  0  0  0  0999 V2000
    5.3638    8.6314    6.8438 C   0  0  0  0  0  0  0  0  0  0  0  0
    5.6347    7.1310    6.6747 C   0  0  0  0  0  0  0  0  0  0  0  0
    6.4148    6.8402    5.3863 C   0  0  0  0  0  0  0  0  0  0  0  0
    6.3541    6.5664    7.8874 C   0  0  0  0  0  0  0  0  0  0  0  0
    5.5851    6.1791    9.1251 C   0  0  0  0  0  0  0  0  0  0  0  0
    6.2114    5.1116    8.2565 C   0  0  0  0  0  0  0  0  0  0  0  0
    6.3074    9.1936    6.9173 H   0  0  0  0  0  0  0  0  0  0  0  0
    4.8024    9.0369    5.9902 H   0  0  0  0  0  0  0  0  0  0  0  0
    4.7862    8.8300    7.7570 H   0  0  0  0  0  0  0  0  0  0  0  0
    4.6591    6.6160    6.6043 H   0  0  0  0  0  0  0  0  0  0  0  0
    7.3983    7.3342    5.4043 H   0  0  0  0  0  0  0  0  0  0  0  0
    6.5861    5.7623    5.2608 H   0  0  0  0  0  0  0  0  0  0  0  0
    5.8769    7.2055    4.5000 H   0  0  0  0  0  0  0  0  0  0  0  0
    7.3416    7.0044    8.0611 H   0  0  0  0  0  0  0  0  0  0  0  0
    6.0262    6.3780   10.1005 H   0  0  0  0  0  0  0  0  0  0  0  0
    4.5000    6.2821    9.0970 H   0  0  0  0  0  0  0  0  0  0  0  0
    5.5455    4.5000    7.6471 H   0  0  0  0  0  0  0  0  0  0  0  0
    7.0816    4.5789    8.6368 H   0  0  0  0  0  0  0  0  0  0  0  0
  1  7  1  0  0  0  0
  1  9  1  0  0  0  0
  2  1  1  0  0  0  0
  2  4  1  0  0  0  0
  3 11  1  0  0  0  0
  3  2  1  0  0  0  0
  4 14  1  0  0  0  0
  4  6  1  0  0  0  0
  4  5  1  0  0  0  0
  5 15  1  0  0  0  0
  6 18  1  0  0  0  0
  6  5  1  0  0  0  0
  8  1  1  0  0  0  0
 10  2  1  0  0  0  0
 12  3  1  0  0  0  0
 13  3  1  0  0  0  0
 16  5  1  0  0  0  0
 17  6  1  0  0  0  0
M  END
