Lattice="13.58703665 0.0 0.0 0.0 13.5347476 0.0 0.0 0.0 12.84345259" Properties=species:S:1:pos:R:3:GW_charged:R:1:dKS_charged:R:1:dKS_neutral:R:1 pbc="T T T"
 OpenBabel12102409383D
Lattice="13.58703665 0.0 0.0 0.0 13.5347476 0.0 0.0 0.0 12.84345259" Properties=species:S:1:pos:R:3:GW_charged:R:1:dKS_charged:R:1:dKS_neutral:R:1 pbc="T T T"
 17 17  0  0  1  0  0  0  0  0999 V2000
    8.2448    8.1779    6.0369 C   0  0  0  0  0  0  0  0  0  0  0  0
    7.8267    7.5339    7.3548 C   0  0  1  0  0  0  0  0  0  0  0  0
    7.5394    8.5448    8.3435 O   0  0  0  0  0  0  0  0  0  0  0  0
    6.6617    6.5506    7.3082 C   0  0  1  0  0  0  0  0  0  0  0  0
    5.5293    6.6255    6.2943 C   0  0  0  0  0  0  0  0  0  0  0  0
    6.4641    5.4398    6.3152 C   0  0  1  0  0  0  0  0  0  0  0  0
    7.4186    5.2653    5.2924 O   0  0  0  0  0  0  0  0  0  0  0  0
    9.0870    8.8558    6.2226 H   0  0  0  0  0  0  0  0  0  0  0  0
    8.5425    7.4229    5.3000 H   0  0  0  0  0  0  0  0  0  0  0  0
    7.4243    8.7715    5.6053 H   0  0  0  0  0  0  0  0  0  0  0  0
    8.6929    7.0002    7.7767 H   0  0  0  0  0  0  0  0  0  0  0  0
    6.7607    9.0347    8.0318 H   0  0  0  0  0  0  0  0  0  0  0  0
    6.3574    6.2820    8.3217 H   0  0  0  0  0  0  0  0  0  0  0  0
    4.5000    6.5030    6.6289 H   0  0  0  0  0  0  0  0  0  0  0  0
    5.6597    7.3127    5.4586 H   0  0  0  0  0  0  0  0  0  0  0  0
    6.0766    4.5000    6.7215 H   0  0  0  0  0  0  0  0  0  0  0  0
    6.9514    4.9582    4.5000 H   0  0  0  0  0  0  0  0  0  0  0  0
  1  8  1  0  0  0  0
  1  2  1  0  0  0  0
  2 11  1  1  0  0  0
  2  3  1  0  0  0  0
  4  2  1  0  0  0  0
  4 13  1  1  0  0  0
  5  6  1  0  0  0  0
  5 14  1  0  0  0  0
  5  4  1  0  0  0  0
  6 16  1  1  0  0  0
  6  4  1  0  0  0  0
  7  6  1  0  0  0  0
  9  1  1  0  0  0  0
 10  1  1  0  0  0  0
 12  3  1  0  0  0  0
 15  5  1  0  0  0  0
 17  7  1  0  0  0  0
M  END
