Lattice="12.93350085 0.0 0.0 0.0 12.82282285 0.0 0.0 0.0 12.48356485" Properties=species:S:1:pos:R:3:GW_charged:R:1:dKS_charged:R:1:dKS_neutral:R:1 pbc="T T T"
 OpenBabel12102409263D
Lattice="12.93350085 0.0 0.0 0.0 12.82282285 0.0 0.0 0.0 12.48356485" Properties=species:S:1:pos:R:3:GW_charged:R:1:dKS_charged:R:1:dKS_neutral:R:1 pbc="T T T"
 16 16  0  0  0  0  0  0  0  0999 V2000
    6.4131    7.8169    6.1398 C   0  0  0  0  0  0  0  0  0  0  0  0
    6.5704    6.3008    6.1472 C   0  0  0  0  0  0  0  0  0  0  0  0
    5.2420    5.5920    5.8887 C   0  0  0  0  0  0  0  0  0  0  0  0
    7.7437    5.7342    5.3042 C   0  0  0  0  0  0  0  0  0  0  0  0
    8.3114    5.0528    6.4545 O   0  0  0  0  0  0  0  0  0  0  0  0
    7.3631    5.7048    7.3408 C   0  0  0  0  0  0  0  0  0  0  0  0
    7.3706    8.3228    6.3260 H   0  0  0  0  0  0  0  0  0  0  0  0
    6.0292    8.1690    5.1708 H   0  0  0  0  0  0  0  0  0  0  0  0
    5.7034    8.1438    6.9142 H   0  0  0  0  0  0  0  0  0  0  0  0
    4.8263    5.8789    4.9115 H   0  0  0  0  0  0  0  0  0  0  0  0
    5.3647    4.5000    5.8959 H   0  0  0  0  0  0  0  0  0  0  0  0
    4.5000    5.8537    6.6575 H   0  0  0  0  0  0  0  0  0  0  0  0
    7.4778    5.0296    4.5000 H   0  0  0  0  0  0  0  0  0  0  0  0
    8.4335    6.4979    4.9048 H   0  0  0  0  0  0  0  0  0  0  0  0
    7.8581    6.4534    7.9836 H   0  0  0  0  0  0  0  0  0  0  0  0
    6.8285    4.9793    7.9748 H   0  0  0  0  0  0  0  0  0  0  0  0
  1  2  1  0  0  0  0
  1  7  1  0  0  0  0
  1  9  1  0  0  0  0
  2  6  1  0  0  0  0
  3 11  1  0  0  0  0
  3  2  1  0  0  0  0
  3 12  1  0  0  0  0
  4  2  1  0  0  0  0
  4  5  1  0  0  0  0
  5  6  1  0  0  0  0
  6 16  1  0  0  0  0
  6 15  1  0  0  0  0
  8  1  1  0  0  0  0
 10  3  1  0  0  0  0
 13  4  1  0  0  0  0
 14  4  1  0  0  0  0
M  END
