Lattice="13.016156800000001 0.0 0.0 0.0 12.53174245 0.0 0.0 0.0 12.42113696" Properties=species:S:1:pos:R:3:GW_charged:R:1:dKS_charged:R:1:dKS_neutral:R:1 pbc="T T T"
 OpenBabel12102409323D
Lattice="13.016156800000001 0.0 0.0 0.0 12.53174245 0.0 0.0 0.0 12.42113696" Properties=species:S:1:pos:R:3:GW_charged:R:1:dKS_charged:R:1:dKS_neutral:R:1 pbc="T T T"
 15 15  0  0  0  0  0  0  0  0999 V2000
    6.5861    7.5578    5.7923 C   0  0  0  0  0  0  0  0  0  0  0  0
    6.5840    6.0402    5.9567 C   0  0  0  0  0  0  0  0  0  0  0  0
    7.7429    5.2664    5.2572 C   0  0  0  0  0  0  0  0  0  0  0  0
    8.1641    4.6834    6.5099 O   0  0  0  0  0  0  0  0  0  0  0  0
    7.1725    5.4498    7.2529 C   0  0  0  0  0  0  0  0  0  0  0  0
    5.2342    5.4839    5.5568 C   0  0  0  0  0  0  0  0  0  0  0  0
    4.5000    4.8270    6.2616 O   0  0  0  0  0  0  0  0  0  0  0  0
    7.5896    7.9632    5.9782 H   0  0  0  0  0  0  0  0  0  0  0  0
    6.2876    7.8501    4.7746 H   0  0  0  0  0  0  0  0  0  0  0  0
    5.8893    8.0317    6.4977 H   0  0  0  0  0  0  0  0  0  0  0  0
    7.4514    4.5000    4.5196 H   0  0  0  0  0  0  0  0  0  0  0  0
    8.5162    5.9189    4.8169 H   0  0  0  0  0  0  0  0  0  0  0  0
    7.6458    6.1867    7.9211 H   0  0  0  0  0  0  0  0  0  0  0  0
    6.4922    4.8016    7.8230 H   0  0  0  0  0  0  0  0  0  0  0  0
    4.9431    5.7292    4.5000 H   0  0  0  0  0  0  0  0  0  0  0  0
  1  2  1  0  0  0  0
  1  8  1  0  0  0  0
  1 10  1  0  0  0  0
  2  5  1  0  0  0  0
  3  2  1  0  0  0  0
  3  4  1  0  0  0  0
  4  5  1  0  0  0  0
  5 14  1  0  0  0  0
  5 13  1  0  0  0  0
  6  2  1  0  0  0  0
  6  7  2  0  0  0  0
  9  1  1  0  0  0  0
 11  3  1  0  0  0  0
 12  3  1  0  0  0  0
 15  6  1  0  0  0  0
M  END
