Lattice="13.25178346 0.0 0.0 0.0 13.473020649999999 0.0 0.0 0.0 12.32249117" Properties=species:S:1:pos:R:3:GW_charged:R:1:dKS_charged:R:1:dKS_neutral:R:1 pbc="T T T"
 OpenBabel12102409373D
Lattice="13.25178346 0.0 0.0 0.0 13.473020649999999 0.0 0.0 0.0 12.32249117" Properties=species:S:1:pos:R:3:GW_charged:R:1:dKS_charged:R:1:dKS_neutral:R:1 pbc="T T T"
 17 17  0  0  1  0  0  0  0  0999 V2000
    7.0437    8.5409    5.1536 O   0  0  0  0  0  0  0  0  0  0  0  0
    6.9547    7.1408    5.3881 C   0  0  1  0  0  0  0  0  0  0  0  0
    7.6584    6.6260    6.6505 C   0  0  0  0  0  0  0  0  0  0  0  0
    7.0659    5.2222    6.8163 C   0  0  0  0  0  0  0  0  0  0  0  0
    5.5721    5.3992    6.4564 C   0  0  0  0  0  0  0  0  0  0  0  0
    5.4863    6.6241    5.5268 C   0  0  1  0  0  0  0  0  0  0  0  0
    4.6546    7.6118    6.1591 O   0  0  0  0  0  0  0  0  0  0  0  0
    6.6597    8.9730    5.9357 H   0  0  0  0  0  0  0  0  0  0  0  0
    7.4075    6.6726    4.5000 H   0  0  0  0  0  0  0  0  0  0  0  0
    8.7518    6.6458    6.5642 H   0  0  0  0  0  0  0  0  0  0  0  0
    7.3768    7.2632    7.5060 H   0  0  0  0  0  0  0  0  0  0  0  0
    7.5525    4.5275    6.1144 H   0  0  0  0  0  0  0  0  0  0  0  0
    7.2074    4.8086    7.8225 H   0  0  0  0  0  0  0  0  0  0  0  0
    5.1355    4.5000    6.0048 H   0  0  0  0  0  0  0  0  0  0  0  0
    4.9806    5.6296    7.3532 H   0  0  0  0  0  0  0  0  0  0  0  0
    5.0658    6.3757    4.5391 H   0  0  0  0  0  0  0  0  0  0  0  0
    4.5000    8.3134    5.5057 H   0  0  0  0  0  0  0  0  0  0  0  0
  1  2  1  0  0  0  0
  1  8  1  0  0  0  0
  2  9  1  6  0  0  0
  2  6  1  0  0  0  0
  2  3  1  0  0  0  0
  3  4  1  0  0  0  0
  3 11  1  0  0  0  0
  4 13  1  0  0  0  0
  5  4  1  0  0  0  0
  5 15  1  0  0  0  0
  6 16  1  6  0  0  0
  6  7  1  0  0  0  0
  6  5  1  0  0  0  0
 10  3  1  0  0  0  0
 12  4  1  0  0  0  0
 14  5  1  0  0  0  0
 17  7  1  0  0  0  0
M  END
