Lattice="13.02574323 0.0 0.0 0.0 15.2415762 0.0 0.0 0.0 14.57276533" Properties=species:S:1:pos:R:3:GW_charged:R:1:dKS_charged:R:1:dKS_neutral:R:1 pbc="T T T"
 OpenBabel12102409453D
Lattice="13.02574323 0.0 0.0 0.0 15.2415762 0.0 0.0 0.0 14.57276533" Properties=species:S:1:pos:R:3:GW_charged:R:1:dKS_charged:R:1:dKS_neutral:R:1 pbc="T T T"
 19 20  0  0  1  0  0  0  0  0999 V2000
    6.0640    5.5574    8.0689 C   0  0  0  0  0  0  0  0  0  0  0  0
    6.2276    6.7526    7.9628 C   0  0  0  0  0  0  0  0  0  0  0  0
    6.4091    8.1966    7.8483 C   0  0  1  0  0  0  0  0  0  0  0  0
    6.3496    8.9689    9.2034 C   0  0  0  0  0  0  0  0  0  0  0  0
    7.8427    9.2380    8.9777 C   0  0  0  0  0  0  0  0  0  0  0  0
    7.8313    8.5484    7.6950 O   0  0  0  0  0  0  0  0  0  0  0  0
    5.5576    8.7571    6.7226 C   0  0  0  0  0  0  0  0  0  0  0  0
    5.8916   10.0860    6.0982 C   0  0  0  0  0  0  0  0  0  0  0  0
    6.0975    8.8071    5.3194 C   0  0  0  0  0  0  0  0  0  0  0  0
    5.9290    4.5000    8.1558 H   0  0  0  0  0  0  0  0  0  0  0  0
    5.7017    9.8509    9.1630 H   0  0  0  0  0  0  0  0  0  0  0  0
    6.0969    8.3553   10.0728 H   0  0  0  0  0  0  0  0  0  0  0  0
    8.1352   10.2928    8.8623 H   0  0  0  0  0  0  0  0  0  0  0  0
    8.5257    8.7461    9.6867 H   0  0  0  0  0  0  0  0  0  0  0  0
    4.5000    8.5119    6.8359 H   0  0  0  0  0  0  0  0  0  0  0  0
    5.0669   10.7416    5.8235 H   0  0  0  0  0  0  0  0  0  0  0  0
    6.7900   10.5954    6.4439 H   0  0  0  0  0  0  0  0  0  0  0  0
    7.1270    8.4839    5.1749 H   0  0  0  0  0  0  0  0  0  0  0  0
    5.4207    8.5727    4.5000 H   0  0  0  0  0  0  0  0  0  0  0  0
  1 10  1  0  0  0  0
  2  1  3  0  0  0  0
  3  2  1  1  0  0  0
  3  4  1  0  0  0  0
  4 12  1  0  0  0  0
  5  4  1  0  0  0  0
  5 14  1  0  0  0  0
  6  3  1  0  0  0  0
  6  5  1  0  0  0  0
  7 15  1  0  0  0  0
  7  3  1  0  0  0  0
  8 17  1  0  0  0  0
  8  7  1  0  0  0  0
  9  8  1  0  0  0  0
  9  7  1  0  0  0  0
 11  4  1  0  0  0  0
 13  5  1  0  0  0  0
 16  8  1  0  0  0  0
 18  9  1  0  0  0  0
 19  9  1  0  0  0  0
M  END
