Lattice="13.74453574 0.0 0.0 0.0 16.66474955 0.0 0.0 0.0 12.61096731" Properties=species:S:1:pos:R:3:GW_charged:R:1:dKS_charged:R:1:dKS_neutral:R:1 pbc="T T T"
 OpenBabel12102410123D
Lattice="13.74453574 0.0 0.0 0.0 16.66474955 0.0 0.0 0.0 12.61096731" Properties=species:S:1:pos:R:3:GW_charged:R:1:dKS_charged:R:1:dKS_neutral:R:1 pbc="T T T"
 21 22  0  0  1  0  0  0  0  0999 V2000
    5.0874    5.5682    6.9864 C   0  0  0  0  0  0  0  0  0  0  0  0
    5.0761    6.7780    7.0398 C   0  0  0  0  0  0  0  0  0  0  0  0
    5.1047    8.2327    7.1043 C   0  0  0  0  0  0  0  0  0  0  0  0
    6.5282    8.8241    7.0348 C   0  0  1  0  0  0  0  0  0  0  0  0
    7.2829    8.5060    5.7228 C   0  0  0  0  0  0  0  0  0  0  0  0
    8.3070    9.6477    5.5548 C   0  0  0  0  0  0  0  0  0  0  0  0
    7.6650   10.8519    6.2284 C   0  0  1  0  0  0  0  0  0  0  0  0
    6.2209   11.1452    5.9014 C   0  0  0  0  0  0  0  0  0  0  0  0
    6.5655   10.3437    7.1373 C   0  0  1  0  0  0  0  0  0  0  0  0
    5.0847    4.5000    6.9391 H   0  0  0  0  0  0  0  0  0  0  0  0
    4.5000    8.6478    6.2805 H   0  0  0  0  0  0  0  0  0  0  0  0
    4.6171    8.5614    8.0366 H   0  0  0  0  0  0  0  0  0  0  0  0
    7.1023    8.4159    7.8837 H   0  0  0  0  0  0  0  0  0  0  0  0
    7.7491    7.5141    5.7451 H   0  0  0  0  0  0  0  0  0  0  0  0
    6.5753    8.4945    4.8798 H   0  0  0  0  0  0  0  0  0  0  0  0
    9.2445    9.4022    6.0775 H   0  0  0  0  0  0  0  0  0  0  0  0
    8.5630    9.8260    4.5000 H   0  0  0  0  0  0  0  0  0  0  0  0
    8.3008   11.6823    6.5338 H   0  0  0  0  0  0  0  0  0  0  0  0
    5.8728   12.1647    6.0582 H   0  0  0  0  0  0  0  0  0  0  0  0
    5.7572   10.6488    5.0480 H   0  0  0  0  0  0  0  0  0  0  0  0
    6.3859   10.7999    8.1110 H   0  0  0  0  0  0  0  0  0  0  0  0
  1  2  3  0  0  0  0
  2  3  1  0  0  0  0
  3 12  1  0  0  0  0
  4  3  1  0  0  0  0
  4  9  1  0  0  0  0
  4 13  1  1  0  0  0
  5 14  1  0  0  0  0
  5  4  1  0  0  0  0
  6  5  1  0  0  0  0
  6 16  1  0  0  0  0
  6  7  1  0  0  0  0
  7 18  1  1  0  0  0
  7  9  1  0  0  0  0
  8 19  1  0  0  0  0
  8  7  1  0  0  0  0
  8  9  1  0  0  0  0
  9 21  1  1  0  0  0
 10  1  1  0  0  0  0
 11  3  1  0  0  0  0
 15  5  1  0  0  0  0
 17  6  1  0  0  0  0
 20  8  1  0  0  0  0
M  END
