Lattice="13.84035594 0.0 0.0 0.0 12.6040022 0.0 0.0 0.0 13.05976789" Properties=species:S:1:pos:R:3:GW_charged:R:1:dKS_charged:R:1:dKS_neutral:R:1 pbc="T T T"
 OpenBabel12102409263D
Lattice="13.84035594 0.0 0.0 0.0 12.6040022 0.0 0.0 0.0 13.05976789" Properties=species:S:1:pos:R:3:GW_charged:R:1:dKS_charged:R:1:dKS_neutral:R:1 pbc="T T T"
 17 16  0  0  0  0  0  0  0  0999 V2000
    6.6719    7.6821    6.6783 C   0  0  0  0  0  0  0  0  0  0  0  0
    6.6479    6.1496    6.6431 C   0  0  0  0  0  0  0  0  0  0  0  0
    7.2332    5.6109    7.8466 O   0  0  0  0  0  0  0  0  0  0  0  0
    5.2124    5.5979    6.6367 C   0  0  0  0  0  0  0  0  0  0  0  0
    4.5000    5.9375    7.8180 O   0  0  0  0  0  0  0  0  0  0  0  0
    7.4196    5.6010    5.4375 C   0  0  0  0  0  0  0  0  0  0  0  0
    8.7988    5.9655    5.6084 O   0  0  0  0  0  0  0  0  0  0  0  0
    7.7033    8.0513    6.7417 H   0  0  0  0  0  0  0  0  0  0  0  0
    6.2144    8.1040    5.7722 H   0  0  0  0  0  0  0  0  0  0  0  0
    6.1103    8.0414    7.5481 H   0  0  0  0  0  0  0  0  0  0  0  0
    8.1931    5.7455    7.7640 H   0  0  0  0  0  0  0  0  0  0  0  0
    4.6456    6.0192    5.7946 H   0  0  0  0  0  0  0  0  0  0  0  0
    5.2593    4.5000    6.5088 H   0  0  0  0  0  0  0  0  0  0  0  0
    5.0758    5.6839    8.5598 H   0  0  0  0  0  0  0  0  0  0  0  0
    7.3096    4.5042    5.4102 H   0  0  0  0  0  0  0  0  0  0  0  0
    7.0171    6.0240    4.5000 H   0  0  0  0  0  0  0  0  0  0  0  0
    9.3404    5.3886    5.0518 H   0  0  0  0  0  0  0  0  0  0  0  0
  1  8  1  0  0  0  0
  1 10  1  0  0  0  0
  2  1  1  0  0  0  0
  2  3  1  0  0  0  0
  4  2  1  0  0  0  0
  4  5  1  0  0  0  0
  5 14  1  0  0  0  0
  6  7  1  0  0  0  0
  6  2  1  0  0  0  0
  9  1  1  0  0  0  0
 11  3  1  0  0  0  0
 12  4  1  0  0  0  0
 13  4  1  0  0  0  0
 15  6  1  0  0  0  0
 16  6  1  0  0  0  0
 17  7  1  0  0  0  0
M  END
