Lattice="14.3839694 0.0 0.0 0.0 14.78834606 0.0 0.0 0.0 14.494579" Properties=species:S:1:pos:R:3:GW_charged:R:1:dKS_charged:R:1:dKS_neutral:R:1 pbc="T T T"
 OpenBabel12102411083D
Lattice="14.3839694 0.0 0.0 0.0 14.78834606 0.0 0.0 0.0 14.494579" Properties=species:S:1:pos:R:3:GW_charged:R:1:dKS_charged:R:1:dKS_neutral:R:1 pbc="T T T"
 25 24  0  0  0  0  0  0  0  0999 V2000
    8.9031    7.8359    6.7113 C   0  0  0  0  0  0  0  0  0  0  0  0
    7.9412    8.3098    7.8054 C   0  0  0  0  0  0  0  0  0  0  0  0
    7.8422    9.8390    7.8332 C   0  0  0  0  0  0  0  0  0  0  0  0
    6.5247    7.6624    7.6910 C   0  0  0  0  0  0  0  0  0  0  0  0
    5.8643    8.0793    6.4552 C   0  0  0  0  0  0  0  0  0  0  0  0
    5.3490    8.4186    5.4124 C   0  0  0  0  0  0  0  0  0  0  0  0
    6.4919    6.1081    7.8334 C   0  0  0  0  0  0  0  0  0  0  0  0
    7.2321    5.6253    9.0860 C   0  0  0  0  0  0  0  0  0  0  0  0
    5.0462    5.5975    7.8393 C   0  0  0  0  0  0  0  0  0  0  0  0
    9.8840    8.3168    6.8280 H   0  0  0  0  0  0  0  0  0  0  0  0
    9.0632    6.7496    6.7389 H   0  0  0  0  0  0  0  0  0  0  0  0
    8.5193    8.0928    5.7137 H   0  0  0  0  0  0  0  0  0  0  0  0
    8.3412    7.9900    8.7804 H   0  0  0  0  0  0  0  0  0  0  0  0
    7.4558   10.2296    6.8815 H   0  0  0  0  0  0  0  0  0  0  0  0
    7.1713   10.1836    8.6332 H   0  0  0  0  0  0  0  0  0  0  0  0
    8.8297   10.2883    8.0069 H   0  0  0  0  0  0  0  0  0  0  0  0
    5.9300    8.0678    8.5323 H   0  0  0  0  0  0  0  0  0  0  0  0
    4.8801    8.7203    4.5000 H   0  0  0  0  0  0  0  0  0  0  0  0
    6.9938    5.6876    6.9466 H   0  0  0  0  0  0  0  0  0  0  0  0
    6.8228    6.0939    9.9946 H   0  0  0  0  0  0  0  0  0  0  0  0
    7.1165    4.5385    9.1979 H   0  0  0  0  0  0  0  0  0  0  0  0
    8.3083    5.8372    9.0541 H   0  0  0  0  0  0  0  0  0  0  0  0
    4.5000    5.9769    8.7170 H   0  0  0  0  0  0  0  0  0  0  0  0
    4.5020    5.9154    6.9414 H   0  0  0  0  0  0  0  0  0  0  0  0
    5.0215    4.5000    7.8826 H   0  0  0  0  0  0  0  0  0  0  0  0
  1 11  1  0  0  0  0
  1 10  1  0  0  0  0
  1  2  1  0  0  0  0
  2  3  1  0  0  0  0
  2 13  1  0  0  0  0
  3 16  1  0  0  0  0
  3 15  1  0  0  0  0
  4  2  1  0  0  0  0
  4  7  1  0  0  0  0
  4 17  1  0  0  0  0
  5  4  1  0  0  0  0
  6  5  3  0  0  0  0
  7  9  1  0  0  0  0
  7  8  1  0  0  0  0
  8 21  1  0  0  0  0
  8 20  1  0  0  0  0
  9 25  1  0  0  0  0
  9 23  1  0  0  0  0
 12  1  1  0  0  0  0
 14  3  1  0  0  0  0
 18  6  1  0  0  0  0
 19  7  1  0  0  0  0
 22  8  1  0  0  0  0
 24  9  1  0  0  0  0
M  END
