Lattice="12.39489742 0.0 0.0 0.0 13.601413520000001 0.0 0.0 0.0 13.5293351" Properties=species:S:1:pos:R:3:GW_charged:R:1:dKS_charged:R:1:dKS_neutral:R:1 pbc="T T T"
 OpenBabel12102409333D
Lattice="12.39489742 0.0 0.0 0.0 13.601413520000001 0.0 0.0 0.0 13.5293351" Properties=species:S:1:pos:R:3:GW_charged:R:1:dKS_charged:R:1:dKS_neutral:R:1 pbc="T T T"
 17 17  0  0  1  0  0  0  0  0999 V2000
    6.0291    8.6122    6.7046 C   0  0  0  0  0  0  0  0  0  0  0  0
    6.1567    7.0898    6.8725 C   0  0  0  0  0  0  0  0  0  0  0  0
    6.8715    6.7243    8.1720 C   0  0  0  0  0  0  0  0  0  0  0  0
    4.8548    6.4930    6.9382 O   0  0  0  0  0  0  0  0  0  0  0  0
    6.9235    6.5155    5.6785 C   0  0  1  0  0  0  0  0  0  0  0  0
    6.7239    5.1428    5.2024 C   0  0  0  0  0  0  0  0  0  0  0  0
    6.1320    6.2622    4.5000 O   0  0  0  0  0  0  0  0  0  0  0  0
    7.0137    9.1014    6.7006 H   0  0  0  0  0  0  0  0  0  0  0  0
    5.5252    8.8556    5.7587 H   0  0  0  0  0  0  0  0  0  0  0  0
    5.4366    9.0280    7.5292 H   0  0  0  0  0  0  0  0  0  0  0  0
    6.3282    7.1424    9.0293 H   0  0  0  0  0  0  0  0  0  0  0  0
    6.9160    5.6342    8.2885 H   0  0  0  0  0  0  0  0  0  0  0  0
    7.8949    7.1225    8.1853 H   0  0  0  0  0  0  0  0  0  0  0  0
    4.5000    6.5229    6.0304 H   0  0  0  0  0  0  0  0  0  0  0  0
    7.8857    6.9982    5.4701 H   0  0  0  0  0  0  0  0  0  0  0  0
    7.5270    4.6372    4.6602 H   0  0  0  0  0  0  0  0  0  0  0  0
    6.0101    4.5000    5.7225 H   0  0  0  0  0  0  0  0  0  0  0  0
  1  2  1  0  0  0  0
  1 10  1  0  0  0  0
  2  4  1  0  0  0  0
  2  3  1  0  0  0  0
  3 13  1  0  0  0  0
  3 12  1  0  0  0  0
  3 11  1  0  0  0  0
  5 15  1  6  0  0  0
  5  2  1  0  0  0  0
  6  5  1  0  0  0  0
  6 17  1  0  0  0  0
  7  6  1  0  0  0  0
  7  5  1  0  0  0  0
  8  1  1  0  0  0  0
  9  1  1  0  0  0  0
 14  4  1  0  0  0  0
 16  6  1  0  0  0  0
M  END
