Lattice="12.72237922 0.0 0.0 0.0 15.227564260000001 0.0 0.0 0.0 12.34994862" Properties=species:S:1:pos:R:3:GW_charged:R:1:dKS_charged:R:1:dKS_neutral:R:1 pbc="T T T"
 OpenBabel12102409263D
Lattice="12.72237922 0.0 0.0 0.0 15.227564260000001 0.0 0.0 0.0 12.34994862" Properties=species:S:1:pos:R:3:GW_charged:R:1:dKS_charged:R:1:dKS_neutral:R:1 pbc="T T T"
 16 15  0  0  0  0  0  0  0  0999 V2000
    6.5260   10.3024    6.7696 C   0  0  0  0  0  0  0  0  0  0  0  0
    6.5509    8.8482    6.7402 C   0  0  0  0  0  0  0  0  0  0  0  0
    6.5769    7.6352    6.7225 C   0  0  0  0  0  0  0  0  0  0  0  0
    6.5892    6.1726    6.6759 C   0  0  0  0  0  0  0  0  0  0  0  0
    5.1762    5.5986    6.8970 C   0  0  0  0  0  0  0  0  0  0  0  0
    7.2063    5.6646    5.3584 C   0  0  0  0  0  0  0  0  0  0  0  0
    7.1351   10.6956    7.5966 H   0  0  0  0  0  0  0  0  0  0  0  0
    6.9202   10.7276    5.8351 H   0  0  0  0  0  0  0  0  0  0  0  0
    5.5022   10.6817    6.9013 H   0  0  0  0  0  0  0  0  0  0  0  0
    7.2287    5.8192    7.5046 H   0  0  0  0  0  0  0  0  0  0  0  0
    4.7552    5.9428    7.8499 H   0  0  0  0  0  0  0  0  0  0  0  0
    4.5000    5.9191    6.0927 H   0  0  0  0  0  0  0  0  0  0  0  0
    5.2047    4.5000    6.9062 H   0  0  0  0  0  0  0  0  0  0  0  0
    8.2224    6.0555    5.2221 H   0  0  0  0  0  0  0  0  0  0  0  0
    7.2529    4.5666    5.3540 H   0  0  0  0  0  0  0  0  0  0  0  0
    6.6014    5.9873    4.5000 H   0  0  0  0  0  0  0  0  0  0  0  0
  1  9  1  0  0  0  0
  1  7  1  0  0  0  0
  2  1  1  0  0  0  0
  3  2  3  0  0  0  0
  4  3  1  0  0  0  0
  4  5  1  0  0  0  0
  4 10  1  0  0  0  0
  5 13  1  0  0  0  0
  5 11  1  0  0  0  0
  6  4  1  0  0  0  0
  8  1  1  0  0  0  0
 12  5  1  0  0  0  0
 14  6  1  0  0  0  0
 15  6  1  0  0  0  0
 16  6  1  0  0  0  0
M  END
