Lattice="13.788188850000001 0.0 0.0 0.0 13.85383515 0.0 0.0 0.0 14.25415104" Properties=species:S:1:pos:R:3:GW_charged:R:1:dKS_charged:R:1:dKS_neutral:R:1 pbc="T T T"
 OpenBabel12102411073D
Lattice="13.788188850000001 0.0 0.0 0.0 13.85383515 0.0 0.0 0.0 14.25415104" Properties=species:S:1:pos:R:3:GW_charged:R:1:dKS_charged:R:1:dKS_neutral:R:1 pbc="T T T"
 23 23  0  0  0  0  0  0  0  0999 V2000
    5.7287    7.4172    8.7914 C   0  0  0  0  0  0  0  0  0  0  0  0
    7.1606    7.9927    8.7567 C   0  0  0  0  0  0  0  0  0  0  0  0
    7.6152    8.5863    7.3975 C   0  0  0  0  0  0  0  0  0  0  0  0
    8.1962    7.6176    6.3992 C   0  0  0  0  0  0  0  0  0  0  0  0
    7.5197    6.8199    5.5619 C   0  0  0  0  0  0  0  0  0  0  0  0
    6.0321    6.6550    5.5332 C   0  0  0  0  0  0  0  0  0  0  0  0
    5.6013    5.3943    6.3220 C   0  0  0  0  0  0  0  0  0  0  0  0
    6.2263    5.2536    7.5885 O   0  0  0  0  0  0  0  0  0  0  0  0
    5.5904    5.8937    8.6872 C   0  0  0  0  0  0  0  0  0  0  0  0
    5.2602    7.6804    9.7542 H   0  0  0  0  0  0  0  0  0  0  0  0
    5.1092    7.9122    8.0273 H   0  0  0  0  0  0  0  0  0  0  0  0
    7.2186    8.8027    9.4987 H   0  0  0  0  0  0  0  0  0  0  0  0
    7.8815    7.2267    9.0814 H   0  0  0  0  0  0  0  0  0  0  0  0
    6.7605    9.1256    6.9566 H   0  0  0  0  0  0  0  0  0  0  0  0
    8.3759    9.3538    7.6018 H   0  0  0  0  0  0  0  0  0  0  0  0
    9.2882    7.5695    6.3678 H   0  0  0  0  0  0  0  0  0  0  0  0
    8.0929    6.1626    4.9014 H   0  0  0  0  0  0  0  0  0  0  0  0
    5.5322    7.5435    5.9424 H   0  0  0  0  0  0  0  0  0  0  0  0
    5.6682    6.5323    4.5000 H   0  0  0  0  0  0  0  0  0  0  0  0
    4.5000    5.3757    6.4300 H   0  0  0  0  0  0  0  0  0  0  0  0
    5.8985    4.5000    5.7540 H   0  0  0  0  0  0  0  0  0  0  0  0
    6.0530    5.4322    9.5729 H   0  0  0  0  0  0  0  0  0  0  0  0
    4.5142    5.6287    8.7005 H   0  0  0  0  0  0  0  0  0  0  0  0
  1 10  1  0  0  0  0
  2  1  1  0  0  0  0
  2 13  1  0  0  0  0
  2 12  1  0  0  0  0
  3 15  1  0  0  0  0
  3  2  1  0  0  0  0
  4  3  1  0  0  0  0
  5  4  2  0  0  0  0
  6  5  1  0  0  0  0
  6 18  1  0  0  0  0
  6  7  1  0  0  0  0
  7 20  1  0  0  0  0
  7  8  1  0  0  0  0
  8  9  1  0  0  0  0
  9 23  1  0  0  0  0
  9  1  1  0  0  0  0
  9 22  1  0  0  0  0
 11  1  1  0  0  0  0
 14  3  1  0  0  0  0
 16  4  1  0  0  0  0
 17  5  1  0  0  0  0
 19  6  1  0  0  0  0
 21  7  1  0  0  0  0
M  END
