Lattice="10.75596848 0.0 0.0 0.0 14.840285940000001 0.0 0.0 0.0 14.248764170000001" Properties=species:S:1:pos:R:3:GW_charged:R:1:dKS_charged:R:1:dKS_neutral:R:1 pbc="T T T"
 OpenBabel12102409403D
Lattice="10.75596848 0.0 0.0 0.0 14.840285940000001 0.0 0.0 0.0 14.248764170000001" Properties=species:S:1:pos:R:3:GW_charged:R:1:dKS_charged:R:1:dKS_neutral:R:1 pbc="T T T"
 16 16  0  0  0  0  0  0  0  0999 V2000
    5.3177    9.9165    6.7156 C   0  0  0  0  0  0  0  0  0  0  0  0
    5.3277    8.4101    6.6762 C   0  0  0  0  0  0  0  0  0  0  0  0
    5.2299    7.7150    5.4655 C   0  0  0  0  0  0  0  0  0  0  0  0
    5.2443    6.3173    5.4494 C   0  0  0  0  0  0  0  0  0  0  0  0
    5.3554    5.5890    6.6300 C   0  0  0  0  0  0  0  0  0  0  0  0
    5.4533    6.2777    7.8443 C   0  0  0  0  0  0  0  0  0  0  0  0
    5.5609    5.5274    8.9884 O   0  0  0  0  0  0  0  0  0  0  0  0
    5.4393    7.6747    7.8646 C   0  0  0  0  0  0  0  0  0  0  0  0
    6.2560   10.3114    7.1320 H   0  0  0  0  0  0  0  0  0  0  0  0
    5.1923   10.3403    5.7120 H   0  0  0  0  0  0  0  0  0  0  0  0
    4.5000   10.2953    7.3458 H   0  0  0  0  0  0  0  0  0  0  0  0
    5.1419    8.2700    4.5311 H   0  0  0  0  0  0  0  0  0  0  0  0
    5.1671    5.7867    4.5000 H   0  0  0  0  0  0  0  0  0  0  0  0
    5.3675    4.5000    6.6320 H   0  0  0  0  0  0  0  0  0  0  0  0
    5.6202    6.1273    9.7488 H   0  0  0  0  0  0  0  0  0  0  0  0
    5.5163    8.2004    8.8210 H   0  0  0  0  0  0  0  0  0  0  0  0
  1  9  1  0  0  0  0
  1 11  1  0  0  0  0
  2  1  1  0  0  0  0
  2  8  1  0  0  0  0
  3  2  2  0  0  0  0
  4  3  1  0  0  0  0
  4  5  2  0  0  0  0
  5 14  1  0  0  0  0
  5  6  1  0  0  0  0
  6  8  2  0  0  0  0
  6  7  1  0  0  0  0
  7 15  1  0  0  0  0
  8 16  1  0  0  0  0
 10  1  1  0  0  0  0
 12  3  1  0  0  0  0
 13  4  1  0  0  0  0
M  END
