Lattice="14.330059689999999 0.0 0.0 0.0 14.01758216 0.0 0.0 0.0 12.42812275" Properties=species:S:1:pos:R:3:GW_charged:R:1:dKS_charged:R:1:dKS_neutral:R:1 pbc="T T T"
 OpenBabel12102409263D
Lattice="14.330059689999999 0.0 0.0 0.0 14.01758216 0.0 0.0 0.0 12.42812275" Properties=species:S:1:pos:R:3:GW_charged:R:1:dKS_charged:R:1:dKS_neutral:R:1 pbc="T T T"
 19 18  0  0  0  0  0  0  0  0999 V2000
    8.0302    9.1041    5.7878 C   0  0  0  0  0  0  0  0  0  0  0  0
    8.0535    7.5706    5.7768 C   0  0  0  0  0  0  0  0  0  0  0  0
    8.8167    7.0286    6.9910 C   0  0  0  0  0  0  0  0  0  0  0  0
    6.6164    7.0228    5.6879 C   0  0  0  0  0  0  0  0  0  0  0  0
    6.5203    5.5005    5.4786 C   0  0  0  0  0  0  0  0  0  0  0  0
    5.0849    5.0468    5.4403 C   0  0  0  0  0  0  0  0  0  0  0  0
    4.5476    4.5000    4.5000 O   0  0  0  0  0  0  0  0  0  0  0  0
    9.0481    9.5176    5.8025 H   0  0  0  0  0  0  0  0  0  0  0  0
    7.5174    9.5054    4.9025 H   0  0  0  0  0  0  0  0  0  0  0  0
    7.5056    9.4838    6.6780 H   0  0  0  0  0  0  0  0  0  0  0  0
    8.5882    7.2474    4.8659 H   0  0  0  0  0  0  0  0  0  0  0  0
    8.9217    5.9355    6.9666 H   0  0  0  0  0  0  0  0  0  0  0  0
    9.8301    7.4506    7.0364 H   0  0  0  0  0  0  0  0  0  0  0  0
    8.3041    7.2959    7.9281 H   0  0  0  0  0  0  0  0  0  0  0  0
    6.0689    7.3052    6.6042 H   0  0  0  0  0  0  0  0  0  0  0  0
    6.0984    7.5233    4.8545 H   0  0  0  0  0  0  0  0  0  0  0  0
    7.0185    5.1898    4.5499 H   0  0  0  0  0  0  0  0  0  0  0  0
    7.0032    4.9786    6.3230 H   0  0  0  0  0  0  0  0  0  0  0  0
    4.5000    5.2684    6.3734 H   0  0  0  0  0  0  0  0  0  0  0  0
  1  8  1  0  0  0  0
  1 10  1  0  0  0  0
  2  1  1  0  0  0  0
  2  3  1  0  0  0  0
  3 13  1  0  0  0  0
  3 14  1  0  0  0  0
  4  2  1  0  0  0  0
  4 15  1  0  0  0  0
  5  4  1  0  0  0  0
  5 18  1  0  0  0  0
  6  5  1  0  0  0  0
  6 19  1  0  0  0  0
  7  6  2  0  0  0  0
  9  1  1  0  0  0  0
 11  2  1  0  0  0  0
 12  3  1  0  0  0  0
 16  4  1  0  0  0  0
 17  5  1  0  0  0  0
M  END
