Lattice="13.774256600000001 0.0 0.0 0.0 14.12544655 0.0 0.0 0.0 13.01177345" Properties=species:S:1:pos:R:3:GW_charged:R:1:dKS_charged:R:1:dKS_neutral:R:1 pbc="T T T"
 OpenBabel12102411053D
Lattice="13.774256600000001 0.0 0.0 0.0 14.12544655 0.0 0.0 0.0 13.01177345" Properties=species:S:1:pos:R:3:GW_charged:R:1:dKS_charged:R:1:dKS_neutral:R:1 pbc="T T T"
 21 23  0  0  1  0  0  0  0  0999 V2000
    5.8799    9.0398    6.3911 C   0  0  0  0  0  0  0  0  0  0  0  0
    7.1691    8.2425    6.2729 C   0  0  1  0  0  0  0  0  0  0  0  0
    8.2130    7.8666    7.2552 C   0  0  0  0  0  0  0  0  0  0  0  0
    8.4575    6.5581    7.4505 C   0  0  0  0  0  0  0  0  0  0  0  0
    7.7028    5.3961    6.8198 C   0  0  0  0  0  0  0  0  0  0  0  0
    6.1571    5.5030    6.6481 C   0  0  1  0  0  0  0  0  0  0  0  0
    5.5796    6.6178    7.5582 C   0  0  0  0  0  0  0  0  0  0  0  0
    5.8381    7.5398    6.3674 C   0  0  1  0  0  0  0  0  0  0  0  0
    5.6525    6.3473    5.4252 C   0  0  0  0  0  0  0  0  0  0  0  0
    5.6192    9.4957    7.3477 H   0  0  0  0  0  0  0  0  0  0  0  0
    5.5869    9.6254    5.5197 H   0  0  0  0  0  0  0  0  0  0  0  0
    7.5523    8.2583    5.2451 H   0  0  0  0  0  0  0  0  0  0  0  0
    8.8189    8.6219    7.7628 H   0  0  0  0  0  0  0  0  0  0  0  0
    9.2743    6.2758    8.1205 H   0  0  0  0  0  0  0  0  0  0  0  0
    8.1598    5.1561    5.8419 H   0  0  0  0  0  0  0  0  0  0  0  0
    7.8959    4.5122    7.4456 H   0  0  0  0  0  0  0  0  0  0  0  0
    5.7180    4.5000    6.7379 H   0  0  0  0  0  0  0  0  0  0  0  0
    4.5000    6.4914    7.7249 H   0  0  0  0  0  0  0  0  0  0  0  0
    6.0807    6.8230    8.5118 H   0  0  0  0  0  0  0  0  0  0  0  0
    6.2460    6.3348    4.5000 H   0  0  0  0  0  0  0  0  0  0  0  0
    4.6029    6.1088    5.1962 H   0  0  0  0  0  0  0  0  0  0  0  0
  1 10  1  0  0  0  0
  2 12  1  6  0  0  0
  2  8  1  0  0  0  0
  2  1  1  0  0  0  0
  2  3  1  0  0  0  0
  3  4  2  0  0  0  0
  3 13  1  0  0  0  0
  4 14  1  0  0  0  0
  5 16  1  0  0  0  0
  5  4  1  0  0  0  0
  6 17  1  1  0  0  0
  6  5  1  0  0  0  0
  6  7  1  0  0  0  0
  7 18  1  0  0  0  0
  7 19  1  0  0  0  0
  8  9  1  6  0  0  0
  8  1  1  0  0  0  0
  8  7  1  0  0  0  0
  9  6  1  0  0  0  0
 11  1  1  0  0  0  0
 15  5  1  0  0  0  0
 20  9  1  0  0  0  0
 21  9  1  0  0  0  0
M  END
