Lattice="13.30462234 0.0 0.0 0.0 15.49854973 0.0 0.0 0.0 12.35308638" Properties=species:S:1:pos:R:3:GW_charged:R:1:dKS_charged:R:1:dKS_neutral:R:1 pbc="T T T"
 OpenBabel12102409383D
Lattice="13.30462234 0.0 0.0 0.0 15.49854973 0.0 0.0 0.0 12.35308638" Properties=species:S:1:pos:R:3:GW_charged:R:1:dKS_charged:R:1:dKS_neutral:R:1 pbc="T T T"
 17 17  0  0  0  0  0  0  0  0999 V2000
    5.2329    5.5597    6.5104 C   0  0  0  0  0  0  0  0  0  0  0  0
    5.1907    6.7589    6.6728 C   0  0  0  0  0  0  0  0  0  0  0  0
    5.1895    8.2040    6.8555 C   0  0  0  0  0  0  0  0  0  0  0  0
    6.5804    8.8274    6.6990 C   0  0  0  0  0  0  0  0  0  0  0  0
    7.2584    8.8353    5.3025 C   0  0  0  0  0  0  0  0  0  0  0  0
    7.7960   10.2554    5.6228 C   0  0  0  0  0  0  0  0  0  0  0  0
    6.7070   10.3750    6.7215 C   0  0  0  0  0  0  0  0  0  0  0  0
    5.2578    4.5000    6.3699 H   0  0  0  0  0  0  0  0  0  0  0  0
    4.5000    8.6619    6.1255 H   0  0  0  0  0  0  0  0  0  0  0  0
    4.7858    8.4466    7.8531 H   0  0  0  0  0  0  0  0  0  0  0  0
    7.2603    8.3812    7.4403 H   0  0  0  0  0  0  0  0  0  0  0  0
    7.9793    8.0401    5.0788 H   0  0  0  0  0  0  0  0  0  0  0  0
    6.5066    8.8593    4.5000 H   0  0  0  0  0  0  0  0  0  0  0  0
    8.8046   10.2189    6.0556 H   0  0  0  0  0  0  0  0  0  0  0  0
    7.7912   10.9985    4.8161 H   0  0  0  0  0  0  0  0  0  0  0  0
    5.7951   10.8521    6.3325 H   0  0  0  0  0  0  0  0  0  0  0  0
    6.9733   10.8555    7.6715 H   0  0  0  0  0  0  0  0  0  0  0  0
  1  2  3  0  0  0  0
  2  3  1  0  0  0  0
  3 10  1  0  0  0  0
  4  7  1  0  0  0  0
  4  3  1  0  0  0  0
  4 11  1  0  0  0  0
  5  6  1  0  0  0  0
  5  4  1  0  0  0  0
  6 14  1  0  0  0  0
  6  7  1  0  0  0  0
  7 17  1  0  0  0  0
  8  1  1  0  0  0  0
  9  3  1  0  0  0  0
 12  5  1  0  0  0  0
 13  5  1  0  0  0  0
 15  6  1  0  0  0  0
 16  7  1  0  0  0  0
M  END
