Lattice="13.704443770000001 0.0 0.0 0.0 17.308125439999998 0.0 0.0 0.0 13.4260069" Properties=species:S:1:pos:R:3:GW_charged:R:1:dKS_charged:R:1:dKS_neutral:R:1 pbc="T T T"
 OpenBabel12102411073D
Lattice="13.704443770000001 0.0 0.0 0.0 17.308125439999998 0.0 0.0 0.0 13.4260069" Properties=species:S:1:pos:R:3:GW_charged:R:1:dKS_charged:R:1:dKS_neutral:R:1 pbc="T T T"
 25 24  0  0  1  0  0  0  0  0999 V2000
    6.4663   12.3703    7.8410 C   0  0  0  0  0  0  0  0  0  0  0  0
    6.4807   10.9167    7.8957 C   0  0  0  0  0  0  0  0  0  0  0  0
    6.4963    9.7045    7.9501 C   0  0  0  0  0  0  0  0  0  0  0  0
    6.5014    8.2421    7.9812 C   0  0  1  0  0  0  0  0  0  0  0  0
    5.0646    7.6924    8.0770 C   0  0  0  0  0  0  0  0  0  0  0  0
    7.2788    7.6940    6.7579 C   0  0  0  0  0  0  0  0  0  0  0  0
    7.4438    6.1660    6.6780 C   0  0  0  0  0  0  0  0  0  0  0  0
    8.1847    5.7928    5.3876 C   0  0  0  0  0  0  0  0  0  0  0  0
    8.1584    5.5839    7.9038 C   0  0  0  0  0  0  0  0  0  0  0  0
    6.9509   12.7406    6.9259 H   0  0  0  0  0  0  0  0  0  0  0  0
    5.4379   12.7600    7.8530 H   0  0  0  0  0  0  0  0  0  0  0  0
    6.9974   12.8081    8.6988 H   0  0  0  0  0  0  0  0  0  0  0  0
    7.0411    7.9366    8.8950 H   0  0  0  0  0  0  0  0  0  0  0  0
    4.5000    7.9265    7.1638 H   0  0  0  0  0  0  0  0  0  0  0  0
    5.0639    6.6028    8.2130 H   0  0  0  0  0  0  0  0  0  0  0  0
    4.5352    8.1420    8.9260 H   0  0  0  0  0  0  0  0  0  0  0  0
    6.7713    8.0500    5.8467 H   0  0  0  0  0  0  0  0  0  0  0  0
    8.2770    8.1618    6.7522 H   0  0  0  0  0  0  0  0  0  0  0  0
    6.4396    5.7117    6.6228 H   0  0  0  0  0  0  0  0  0  0  0  0
    9.2044    6.2076    5.3850 H   0  0  0  0  0  0  0  0  0  0  0  0
    8.2695    4.7026    5.2766 H   0  0  0  0  0  0  0  0  0  0  0  0
    7.6660    6.1818    4.5000 H   0  0  0  0  0  0  0  0  0  0  0  0
    7.5941    5.7456    8.8325 H   0  0  0  0  0  0  0  0  0  0  0  0
    8.3048    4.5000    7.7956 H   0  0  0  0  0  0  0  0  0  0  0  0
    9.1513    6.0417    8.0340 H   0  0  0  0  0  0  0  0  0  0  0  0
  1 11  1  0  0  0  0
  1  2  1  0  0  0  0
  1 12  1  0  0  0  0
  2  3  3  0  0  0  0
  3  4  1  0  0  0  0
  4  5  1  0  0  0  0
  4 13  1  1  0  0  0
  5 15  1  0  0  0  0
  5 16  1  0  0  0  0
  6  4  1  0  0  0  0
  7  6  1  0  0  0  0
  7  9  1  0  0  0  0
  8  7  1  0  0  0  0
  9 25  1  0  0  0  0
  9 23  1  0  0  0  0
 10  1  1  0  0  0  0
 14  5  1  0  0  0  0
 17  6  1  0  0  0  0
 18  6  1  0  0  0  0
 19  7  1  0  0  0  0
 20  8  1  0  0  0  0
 21  8  1  0  0  0  0
 22  8  1  0  0  0  0
 24  9  1  0  0  0  0
M  END
