Lattice="13.38109858 0.0 0.0 0.0 14.799151779999999 0.0 0.0 0.0 13.62451197" Properties=species:S:1:pos:R:3:GW_charged:R:1:dKS_charged:R:1:dKS_neutral:R:1 pbc="T T T"
 OpenBabel12102409403D
Lattice="13.38109858 0.0 0.0 0.0 14.799151779999999 0.0 0.0 0.0 13.62451197" Properties=species:S:1:pos:R:3:GW_charged:R:1:dKS_charged:R:1:dKS_neutral:R:1 pbc="T T T"
 20 19  0  0  0  0  0  0  0  0999 V2000
    5.5301    9.5169    5.2907 C   0  0  0  0  0  0  0  0  0  0  0  0
    5.4595    8.1687    5.9693 C   0  0  0  0  0  0  0  0  0  0  0  0
    4.5000    7.4253    5.7991 O   0  0  0  0  0  0  0  0  0  0  0  0
    6.6215    7.8000    6.8778 C   0  0  0  0  0  0  0  0  0  0  0  0
    6.8338    6.2864    7.1243 C   0  0  0  0  0  0  0  0  0  0  0  0
    7.2275    5.5700    5.8198 C   0  0  0  0  0  0  0  0  0  0  0  0
    7.9149    6.0879    8.1873 C   0  0  0  0  0  0  0  0  0  0  0  0
    5.6380    5.7118    7.6694 O   0  0  0  0  0  0  0  0  0  0  0  0
    5.8449   10.2992    5.9959 H   0  0  0  0  0  0  0  0  0  0  0  0
    6.2958    9.4795    4.5000 H   0  0  0  0  0  0  0  0  0  0  0  0
    4.5639    9.7711    4.8440 H   0  0  0  0  0  0  0  0  0  0  0  0
    7.5429    8.2705    6.5001 H   0  0  0  0  0  0  0  0  0  0  0  0
    6.4114    8.2886    7.8468 H   0  0  0  0  0  0  0  0  0  0  0  0
    8.1664    5.9687    5.4084 H   0  0  0  0  0  0  0  0  0  0  0  0
    7.3659    4.5000    6.0198 H   0  0  0  0  0  0  0  0  0  0  0  0
    6.4449    5.6717    5.0565 H   0  0  0  0  0  0  0  0  0  0  0  0
    7.6254    6.5810    9.1245 H   0  0  0  0  0  0  0  0  0  0  0  0
    8.0390    5.0164    8.3912 H   0  0  0  0  0  0  0  0  0  0  0  0
    8.8811    6.4932    7.8579 H   0  0  0  0  0  0  0  0  0  0  0  0
    4.9187    5.9857    7.0644 H   0  0  0  0  0  0  0  0  0  0  0  0
  1  2  1  0  0  0  0
  1  9  1  0  0  0  0
  2  4  1  0  0  0  0
  3  2  2  0  0  0  0
  4  5  1  0  0  0  0
  4 13  1  0  0  0  0
  5  8  1  0  0  0  0
  5  7  1  0  0  0  0
  6 15  1  0  0  0  0
  6  5  1  0  0  0  0
  7 18  1  0  0  0  0
  7 17  1  0  0  0  0
 10  1  1  0  0  0  0
 11  1  1  0  0  0  0
 12  4  1  0  0  0  0
 14  6  1  0  0  0  0
 16  6  1  0  0  0  0
 19  7  1  0  0  0  0
 20  8  1  0  0  0  0
M  END
