Lattice="13.57481211 0.0 0.0 0.0 14.85940966 0.0 0.0 0.0 14.170366560000001" Properties=species:S:1:pos:R:3:GW_charged:R:1:dKS_charged:R:1:dKS_neutral:R:1 pbc="T T T"
 OpenBabel12102410113D
Lattice="13.57481211 0.0 0.0 0.0 14.85940966 0.0 0.0 0.0 14.170366560000001" Properties=species:S:1:pos:R:3:GW_charged:R:1:dKS_charged:R:1:dKS_neutral:R:1 pbc="T T T"
 21 22  0  0  1  0  0  0  0  0999 V2000
    6.0515    5.5521    5.9635 C   0  0  0  0  0  0  0  0  0  0  0  0
    6.0717    6.7443    5.7482 C   0  0  0  0  0  0  0  0  0  0  0  0
    6.0906    8.1783    5.4782 C   0  0  1  0  0  0  0  0  0  0  0  0
    5.3615    9.0210    6.5675 C   0  0  0  0  0  0  0  0  0  0  0  0
    6.4246    9.3829    7.6118 C   0  0  1  0  0  0  0  0  0  0  0  0
    6.8359    8.2812    8.6336 C   0  0  0  0  0  0  0  0  0  0  0  0
    8.2136    8.1306    7.9305 C   0  0  0  0  0  0  0  0  0  0  0  0
    7.8183    9.2306    6.9005 C   0  0  1  0  0  0  0  0  0  0  0  0
    7.5261    8.7843    5.4627 C   0  0  0  0  0  0  0  0  0  0  0  0
    6.0336    4.5000    6.1529 H   0  0  0  0  0  0  0  0  0  0  0  0
    5.6078    8.3291    4.5000 H   0  0  0  0  0  0  0  0  0  0  0  0
    4.9820    9.9380    6.0921 H   0  0  0  0  0  0  0  0  0  0  0  0
    4.5000    8.4891    6.9920 H   0  0  0  0  0  0  0  0  0  0  0  0
    6.2205   10.3594    8.0692 H   0  0  0  0  0  0  0  0  0  0  0  0
    6.8910    8.6364    9.6704 H   0  0  0  0  0  0  0  0  0  0  0  0
    6.2071    7.3822    8.6118 H   0  0  0  0  0  0  0  0  0  0  0  0
    9.0748    8.3976    8.5557 H   0  0  0  0  0  0  0  0  0  0  0  0
    8.4011    7.1423    7.4920 H   0  0  0  0  0  0  0  0  0  0  0  0
    8.4697   10.1135    6.9211 H   0  0  0  0  0  0  0  0  0  0  0  0
    8.2679    8.0772    5.0689 H   0  0  0  0  0  0  0  0  0  0  0  0
    7.5194    9.6606    4.7971 H   0  0  0  0  0  0  0  0  0  0  0  0
  1 10  1  0  0  0  0
  2  1  3  0  0  0  0
  3 11  1  6  0  0  0
  3  2  1  0  0  0  0
  3  4  1  0  0  0  0
  4 13  1  0  0  0  0
  4  5  1  0  0  0  0
  5 14  1  1  0  0  0
  5  6  1  0  0  0  0
  6 15  1  0  0  0  0
  7 17  1  0  0  0  0
  7  6  1  0  0  0  0
  8 19  1  1  0  0  0
  8  5  1  0  0  0  0
  8  7  1  0  0  0  0
  9  3  1  0  0  0  0
  9  8  1  0  0  0  0
 12  4  1  0  0  0  0
 16  6  1  0  0  0  0
 18  7  1  0  0  0  0
 20  9  1  0  0  0  0
 21  9  1  0  0  0  0
M  END
