Lattice="11.707727349999999 0.0 0.0 0.0 15.52092094 0.0 0.0 0.0 13.42064469" Properties=species:S:1:pos:R:3:GW_charged:R:1:dKS_charged:R:1:dKS_neutral:R:1 pbc="T T T"
 OpenBabel12102409263D
Lattice="11.707727349999999 0.0 0.0 0.0 15.52092094 0.0 0.0 0.0 13.42064469" Properties=species:S:1:pos:R:3:GW_charged:R:1:dKS_charged:R:1:dKS_neutral:R:1 pbc="T T T"
 17 16  0  0  0  0  0  0  0  0999 V2000
    5.2028   10.5267    7.9328 C   0  0  0  0  0  0  0  0  0  0  0  0
    5.3235    9.1154    7.9143 O   0  0  0  0  0  0  0  0  0  0  0  0
    5.8175    8.6382    6.6686 C   0  0  0  0  0  0  0  0  0  0  0  0
    5.9080    7.1255    6.7546 C   0  0  0  0  0  0  0  0  0  0  0  0
    6.4248    6.4654    5.4867 C   0  0  0  0  0  0  0  0  0  0  0  0
    6.5366    4.9536    5.5144 C   0  0  0  0  0  0  0  0  0  0  0  0
    6.7333    7.1133    4.5000 O   0  0  0  0  0  0  0  0  0  0  0  0
    6.1789   11.0209    7.7721 H   0  0  0  0  0  0  0  0  0  0  0  0
    4.5000   10.8855    7.1582 H   0  0  0  0  0  0  0  0  0  0  0  0
    4.8190   10.8066    8.9206 H   0  0  0  0  0  0  0  0  0  0  0  0
    5.1469    8.9404    5.8425 H   0  0  0  0  0  0  0  0  0  0  0  0
    6.8102    9.0745    6.4507 H   0  0  0  0  0  0  0  0  0  0  0  0
    6.5583    6.8319    7.5956 H   0  0  0  0  0  0  0  0  0  0  0  0
    4.9197    6.6997    6.9965 H   0  0  0  0  0  0  0  0  0  0  0  0
    5.5559    4.5000    5.7205 H   0  0  0  0  0  0  0  0  0  0  0  0
    6.9168    4.5893    4.5552 H   0  0  0  0  0  0  0  0  0  0  0  0
    7.2077    4.6331    6.3248 H   0  0  0  0  0  0  0  0  0  0  0  0
  1 10  1  0  0  0  0
  2  1  1  0  0  0  0
  3  4  1  0  0  0  0
  3  2  1  0  0  0  0
  4 14  1  0  0  0  0
  4 13  1  0  0  0  0
  5  6  1  0  0  0  0
  5  4  1  0  0  0  0
  6 15  1  0  0  0  0
  6 17  1  0  0  0  0
  7  5  2  0  0  0  0
  8  1  1  0  0  0  0
  9  1  1  0  0  0  0
 11  3  1  0  0  0  0
 12  3  1  0  0  0  0
 16  6  1  0  0  0  0
M  END
