Lattice="14.0672466 0.0 0.0 0.0 13.732280750000001 0.0 0.0 0.0 14.94236" Properties=species:S:1:pos:R:3:GW_charged:R:1:dKS_charged:R:1:dKS_neutral:R:1 pbc="T T T"
 OpenBabel12102411073D
Lattice="14.0672466 0.0 0.0 0.0 13.732280750000001 0.0 0.0 0.0 14.94236" Properties=species:S:1:pos:R:3:GW_charged:R:1:dKS_charged:R:1:dKS_neutral:R:1 pbc="T T T"
 25 24  0  0  1  0  0  0  0  0999 V2000
    6.7421    8.7457    7.8009 C   0  0  0  0  0  0  0  0  0  0  0  0
    6.9063    7.2220    7.9137 C   0  0  1  0  0  0  0  0  0  0  0  0
    5.5499    6.6204    8.3117 C   0  0  0  0  0  0  0  0  0  0  0  0
    5.5044    5.8249    9.5993 C   0  0  0  0  0  0  0  0  0  0  0  0
    4.5454    6.8001    7.6414 O   0  0  0  0  0  0  0  0  0  0  0  0
    7.5145    6.5275    6.6380 C   0  0  0  0  0  0  0  0  0  0  0  0
    8.9870    6.9577    6.4991 C   0  0  0  0  0  0  0  0  0  0  0  0
    7.4774    4.9979    6.8230 C   0  0  0  0  0  0  0  0  0  0  0  0
    6.7530    6.8969    5.3532 C   0  0  0  0  0  0  0  0  0  0  0  0
    7.6784    9.2323    7.5004 H   0  0  0  0  0  0  0  0  0  0  0  0
    5.9617    9.0029    7.0752 H   0  0  0  0  0  0  0  0  0  0  0  0
    6.4463    9.1727    8.7693 H   0  0  0  0  0  0  0  0  0  0  0  0
    7.6126    7.0090    8.7336 H   0  0  0  0  0  0  0  0  0  0  0  0
    5.7862    6.4752   10.4424 H   0  0  0  0  0  0  0  0  0  0  0  0
    4.5000    5.4227    9.7654 H   0  0  0  0  0  0  0  0  0  0  0  0
    6.2405    5.0085    9.5779 H   0  0  0  0  0  0  0  0  0  0  0  0
    9.5672    6.6979    7.3968 H   0  0  0  0  0  0  0  0  0  0  0  0
    9.4508    6.4486    5.6422 H   0  0  0  0  0  0  0  0  0  0  0  0
    9.0894    8.0378    6.3300 H   0  0  0  0  0  0  0  0  0  0  0  0
    6.4483    4.6143    6.8647 H   0  0  0  0  0  0  0  0  0  0  0  0
    7.9771    4.5000    5.9803 H   0  0  0  0  0  0  0  0  0  0  0  0
    7.9980    4.6893    7.7421 H   0  0  0  0  0  0  0  0  0  0  0  0
    6.8355    7.9680    5.1255 H   0  0  0  0  0  0  0  0  0  0  0  0
    7.1754    6.3467    4.5000 H   0  0  0  0  0  0  0  0  0  0  0  0
    5.6870    6.6503    5.4292 H   0  0  0  0  0  0  0  0  0  0  0  0
  1  2  1  0  0  0  0
  1 12  1  0  0  0  0
  2  3  1  0  0  0  0
  2 13  1  1  0  0  0
  3  4  1  0  0  0  0
  4 15  1  0  0  0  0
  4 14  1  0  0  0  0
  5  3  2  0  0  0  0
  6  8  1  0  0  0  0
  6  2  1  0  0  0  0
  7  6  1  0  0  0  0
  7 17  1  0  0  0  0
  8 20  1  0  0  0  0
  8 22  1  0  0  0  0
  9 25  1  0  0  0  0
  9  6  1  0  0  0  0
 10  1  1  0  0  0  0
 11  1  1  0  0  0  0
 16  4  1  0  0  0  0
 18  7  1  0  0  0  0
 19  7  1  0  0  0  0
 21  8  1  0  0  0  0
 23  9  1  0  0  0  0
 24  9  1  0  0  0  0
M  END
