Lattice="13.1209249 0.0 0.0 0.0 14.16621194 0.0 0.0 0.0 13.37565898" Properties=species:S:1:pos:R:3:GW_charged:R:1:dKS_charged:R:1:dKS_neutral:R:1 pbc="T T T"
 OpenBabel12102411063D
Lattice="13.1209249 0.0 0.0 0.0 14.16621194 0.0 0.0 0.0 13.37565898" Properties=species:S:1:pos:R:3:GW_charged:R:1:dKS_charged:R:1:dKS_neutral:R:1 pbc="T T T"
 21 23  0  0  1  0  0  0  0  0999 V2000
    5.3539    9.0830    6.7116 C   0  0  0  0  0  0  0  0  0  0  0  0
    6.7001    8.4003    6.6242 C   0  0  1  0  0  0  0  0  0  0  0  0
    7.5760    7.8128    7.7358 C   0  0  0  0  0  0  0  0  0  0  0  0
    6.9129    6.4286    7.9620 C   0  0  1  0  0  0  0  0  0  0  0  0
    5.4327    6.8335    7.9652 C   0  0  0  0  0  0  0  0  0  0  0  0
    5.4086    7.5820    6.6287 C   0  0  1  0  0  0  0  0  0  0  0  0
    5.3564    6.6076    5.4844 C   0  0  0  0  0  0  0  0  0  0  0  0
    6.6002    5.8640    5.4938 O   0  0  0  0  0  0  0  0  0  0  0  0
    7.0719    5.4322    6.7819 C   0  0  0  0  0  0  0  0  0  0  0  0
    4.9983    9.4976    7.6569 H   0  0  0  0  0  0  0  0  0  0  0  0
    5.0632    9.6662    5.8363 H   0  0  0  0  0  0  0  0  0  0  0  0
    7.1861    8.5020    5.6543 H   0  0  0  0  0  0  0  0  0  0  0  0
    8.6209    7.7417    7.4046 H   0  0  0  0  0  0  0  0  0  0  0  0
    7.5681    8.3978    8.6693 H   0  0  0  0  0  0  0  0  0  0  0  0
    7.2608    5.9185    8.8757 H   0  0  0  0  0  0  0  0  0  0  0  0
    4.7396    5.9806    7.9758 H   0  0  0  0  0  0  0  0  0  0  0  0
    5.1830    7.4828    8.8168 H   0  0  0  0  0  0  0  0  0  0  0  0
    4.5000    5.9124    5.5664 H   0  0  0  0  0  0  0  0  0  0  0  0
    5.3183    7.0934    4.5000 H   0  0  0  0  0  0  0  0  0  0  0  0
    8.1293    5.1825    6.6149 H   0  0  0  0  0  0  0  0  0  0  0  0
    6.5482    4.5000    7.0739 H   0  0  0  0  0  0  0  0  0  0  0  0
  1 10  1  0  0  0  0
  2 12  1  6  0  0  0
  2  6  1  0  0  0  0
  2  1  1  0  0  0  0
  2  3  1  0  0  0  0
  3  4  1  0  0  0  0
  3 14  1  0  0  0  0
  4  5  1  0  0  0  0
  4 15  1  1  0  0  0
  5 16  1  0  0  0  0
  5 17  1  0  0  0  0
  6  7  1  6  0  0  0
  6  1  1  0  0  0  0
  6  5  1  0  0  0  0
  7  8  1  0  0  0  0
  7 18  1  0  0  0  0
  8  9  1  0  0  0  0
  9 21  1  0  0  0  0
  9  4  1  0  0  0  0
 11  1  1  0  0  0  0
 13  3  1  0  0  0  0
 19  7  1  0  0  0  0
 20  9  1  0  0  0  0
M  END
