Lattice="13.8743949 0.0 0.0 0.0 13.15878432 0.0 0.0 0.0 14.27399079" Properties=species:S:1:pos:R:3:GW_charged:R:1:dKS_charged:R:1:dKS_neutral:R:1 pbc="T T T"
 OpenBabel12102411063D
Lattice="13.8743949 0.0 0.0 0.0 13.15878432 0.0 0.0 0.0 14.27399079" Properties=species:S:1:pos:R:3:GW_charged:R:1:dKS_charged:R:1:dKS_neutral:R:1 pbc="T T T"
 23 25  0  0  1  0  0  0  0  0999 V2000
    6.4767    7.9106    7.7040 C   0  0  0  0  0  0  0  0  0  0  0  0
    8.0163    7.8034    7.5759 C   0  0  1  0  0  0  0  0  0  0  0  0
    8.3690    7.0678    8.8920 C   0  0  0  0  0  0  0  0  0  0  0  0
    7.2382    5.9730    8.9037 C   0  0  0  0  0  0  0  0  0  0  0  0
    6.5629    6.3473    7.5842 C   0  0  1  0  0  0  0  0  0  0  0  0
    5.5222    5.5747    6.8080 C   0  0  0  0  0  0  0  0  0  0  0  0
    5.6684    6.1359    5.3653 C   0  0  0  0  0  0  0  0  0  0  0  0
    7.1173    6.7233    5.2391 C   0  0  0  0  0  0  0  0  0  0  0  0
    7.7723    6.5950    6.6277 C   0  0  1  0  0  0  0  0  0  0  0  0
    6.0610    8.3265    8.6331 H   0  0  0  0  0  0  0  0  0  0  0  0
    5.9987    8.3865    6.8410 H   0  0  0  0  0  0  0  0  0  0  0  0
    8.6455    8.6588    7.3003 H   0  0  0  0  0  0  0  0  0  0  0  0
    9.3744    6.6248    8.8655 H   0  0  0  0  0  0  0  0  0  0  0  0
    8.3206    7.7369    9.7622 H   0  0  0  0  0  0  0  0  0  0  0  0
    7.6421    4.9507    8.8877 H   0  0  0  0  0  0  0  0  0  0  0  0
    6.5729    6.0602    9.7740 H   0  0  0  0  0  0  0  0  0  0  0  0
    5.7655    4.5000    6.8364 H   0  0  0  0  0  0  0  0  0  0  0  0
    4.5000    5.6872    7.1962 H   0  0  0  0  0  0  0  0  0  0  0  0
    5.4742    5.3631    4.6098 H   0  0  0  0  0  0  0  0  0  0  0  0
    4.9249    6.9266    5.1941 H   0  0  0  0  0  0  0  0  0  0  0  0
    7.7038    6.1633    4.5000 H   0  0  0  0  0  0  0  0  0  0  0  0
    7.0864    7.7610    4.8791 H   0  0  0  0  0  0  0  0  0  0  0  0
    8.5630    5.8280    6.6340 H   0  0  0  0  0  0  0  0  0  0  0  0
  1 10  1  0  0  0  0
  2 12  1  6  0  0  0
  2  1  1  0  0  0  0
  2  3  1  0  0  0  0
  3  4  1  0  0  0  0
  3 14  1  0  0  0  0
  4 16  1  0  0  0  0
  5  6  1  6  0  0  0
  5  1  1  0  0  0  0
  5  4  1  0  0  0  0
  6 17  1  0  0  0  0
  6 18  1  0  0  0  0
  7  6  1  0  0  0  0
  8  7  1  0  0  0  0
  8  9  1  0  0  0  0
  9 23  1  1  0  0  0
  9  2  1  0  0  0  0
  9  5  1  0  0  0  0
 11  1  1  0  0  0  0
 13  3  1  0  0  0  0
 15  4  1  0  0  0  0
 19  7  1  0  0  0  0
 20  7  1  0  0  0  0
 21  8  1  0  0  0  0
 22  8  1  0  0  0  0
M  END
