Lattice="12.70429341 0.0 0.0 0.0 15.69270175 0.0 0.0 0.0 13.03626908" Properties=species:S:1:pos:R:3:GW_charged:R:1:dKS_charged:R:1:dKS_neutral:R:1 pbc="T T T"
 OpenBabel12102409403D
Lattice="12.70429341 0.0 0.0 0.0 15.69270175 0.0 0.0 0.0 13.03626908" Properties=species:S:1:pos:R:3:GW_charged:R:1:dKS_charged:R:1:dKS_neutral:R:1 pbc="T T T"
 18 17  0  0  1  0  0  0  0  0999 V2000
    6.5828   10.7786    6.2929 C   0  0  0  0  0  0  0  0  0  0  0  0
    6.5837    9.3258    6.3203 C   0  0  0  0  0  0  0  0  0  0  0  0
    6.5905    8.1123    6.3408 C   0  0  0  0  0  0  0  0  0  0  0  0
    6.5997    6.6479    6.3687 C   0  0  1  0  0  0  0  0  0  0  0  0
    5.1855    6.0828    6.1682 C   0  0  0  0  0  0  0  0  0  0  0  0
    7.5014    6.1205    5.3590 O   0  0  0  0  0  0  0  0  0  0  0  0
    7.2302    6.1623    7.6973 C   0  0  0  0  0  0  0  0  0  0  0  0
    7.3651    4.7509    7.7423 O   0  0  0  0  0  0  0  0  0  0  0  0
    7.3691   11.1608    5.6262 H   0  0  0  0  0  0  0  0  0  0  0  0
    5.6198   11.1725    5.9378 H   0  0  0  0  0  0  0  0  0  0  0  0
    6.7664   11.1927    7.2947 H   0  0  0  0  0  0  0  0  0  0  0  0
    4.7970    6.3661    5.1810 H   0  0  0  0  0  0  0  0  0  0  0  0
    5.2121    4.9896    6.2477 H   0  0  0  0  0  0  0  0  0  0  0  0
    4.5000    6.4804    6.9279 H   0  0  0  0  0  0  0  0  0  0  0  0
    7.2216    6.4734    4.5000 H   0  0  0  0  0  0  0  0  0  0  0  0
    8.2043    6.6682    7.8119 H   0  0  0  0  0  0  0  0  0  0  0  0
    6.5852    6.4527    8.5363 H   0  0  0  0  0  0  0  0  0  0  0  0
    7.8631    4.5000    6.9459 H   0  0  0  0  0  0  0  0  0  0  0  0
  1  2  1  0  0  0  0
  1 11  1  0  0  0  0
  2  3  3  0  0  0  0
  4  3  1  6  0  0  0
  4  7  1  0  0  0  0
  5 13  1  0  0  0  0
  5  4  1  0  0  0  0
  5 14  1  0  0  0  0
  6  4  1  0  0  0  0
  7  8  1  0  0  0  0
  7 16  1  0  0  0  0
  7 17  1  0  0  0  0
  9  1  1  0  0  0  0
 10  1  1  0  0  0  0
 12  5  1  0  0  0  0
 15  6  1  0  0  0  0
 18  8  1  0  0  0  0
M  END
