Lattice="15.15163144 0.0 0.0 0.0 12.1912029 0.0 0.0 0.0 14.50253299" Properties=species:S:1:pos:R:3:GW_charged:R:1:dKS_charged:R:1:dKS_neutral:R:1 pbc="T T T"
 OpenBabel12102409263D
Lattice="15.15163144 0.0 0.0 0.0 12.1912029 0.0 0.0 0.0 14.50253299" Properties=species:S:1:pos:R:3:GW_charged:R:1:dKS_charged:R:1:dKS_neutral:R:1 pbc="T T T"
 21 20  0  0  1  0  0  0  0  0999 V2000
    5.0828    6.1522    7.6219 C   0  0  0  0  0  0  0  0  0  0  0  0
    6.5885    6.3166    7.8604 C   0  0  0  0  0  0  0  0  0  0  0  0
    7.0190    5.5948    9.1431 C   0  0  0  0  0  0  0  0  0  0  0  0
    7.3725    5.8417    6.6242 C   0  0  0  0  0  0  0  0  0  0  0  0
    8.8790    6.0909    6.6543 C   0  0  1  0  0  0  0  0  0  0  0  0
    9.5694    5.5852    5.3894 C   0  0  0  0  0  0  0  0  0  0  0  0
    9.0636    7.5103    6.8186 O   0  0  0  0  0  0  0  0  0  0  0  0
    4.7564    6.6984    6.7255 H   0  0  0  0  0  0  0  0  0  0  0  0
    4.8164    5.0927    7.4813 H   0  0  0  0  0  0  0  0  0  0  0  0
    4.5000    6.5288    8.4744 H   0  0  0  0  0  0  0  0  0  0  0  0
    6.7999    7.3903    7.9873 H   0  0  0  0  0  0  0  0  0  0  0  0
    6.8759    4.5063    9.0530 H   0  0  0  0  0  0  0  0  0  0  0  0
    8.0750    5.7760    9.3848 H   0  0  0  0  0  0  0  0  0  0  0  0
    6.4249    5.9359   10.0025 H   0  0  0  0  0  0  0  0  0  0  0  0
    7.2064    4.7602    6.4803 H   0  0  0  0  0  0  0  0  0  0  0  0
    6.9677    6.3432    5.7292 H   0  0  0  0  0  0  0  0  0  0  0  0
    9.3155    5.5674    7.5268 H   0  0  0  0  0  0  0  0  0  0  0  0
    9.1578    6.0825    4.5000 H   0  0  0  0  0  0  0  0  0  0  0  0
   10.6516    5.7814    5.4227 H   0  0  0  0  0  0  0  0  0  0  0  0
    9.4354    4.5000    5.2755 H   0  0  0  0  0  0  0  0  0  0  0  0
   10.0156    7.6912    6.8013 H   0  0  0  0  0  0  0  0  0  0  0  0
  1  2  1  0  0  0  0
  1 10  1  0  0  0  0
  2 11  1  0  0  0  0
  2  3  1  0  0  0  0
  3 13  1  0  0  0  0
  3 14  1  0  0  0  0
  4  5  1  0  0  0  0
  4  2  1  0  0  0  0
  5  7  1  0  0  0  0
  5 17  1  1  0  0  0
  6 19  1  0  0  0  0
  6  5  1  0  0  0  0
  8  1  1  0  0  0  0
  9  1  1  0  0  0  0
 12  3  1  0  0  0  0
 15  4  1  0  0  0  0
 16  4  1  0  0  0  0
 18  6  1  0  0  0  0
 20  6  1  0  0  0  0
 21  7  1  0  0  0  0
M  END
