Lattice="14.26317364 0.0 0.0 0.0 16.291950319999998 0.0 0.0 0.0 12.70606173" Properties=species:S:1:pos:R:3:GW_charged:R:1:dKS_charged:R:1:dKS_neutral:R:1 pbc="T T T"
 OpenBabel12102410113D
Lattice="14.26317364 0.0 0.0 0.0 16.291950319999998 0.0 0.0 0.0 12.70606173" Properties=species:S:1:pos:R:3:GW_charged:R:1:dKS_charged:R:1:dKS_neutral:R:1 pbc="T T T"
 21 22  0  0  1  0  0  0  0  0999 V2000
    6.3434    5.5685    5.3847 C   0  0  0  0  0  0  0  0  0  0  0  0
    6.3558    6.7792    5.4186 C   0  0  0  0  0  0  0  0  0  0  0  0
    6.3771    8.2381    5.4877 C   0  0  1  0  0  0  0  0  0  0  0  0
    5.5474    8.7640    6.6845 C   0  0  0  0  0  0  0  0  0  0  0  0
    5.6802   10.2825    6.8051 C   0  0  0  0  0  0  0  0  0  0  0  0
    7.1171   10.7035    7.1427 C   0  0  0  0  0  0  0  0  0  0  0  0
    8.1688   10.0128    6.2760 C   0  0  1  0  0  0  0  0  0  0  0  0
    8.7101    8.6555    6.6694 C   0  0  0  0  0  0  0  0  0  0  0  0
    7.8098    8.7766    5.4713 C   0  0  1  0  0  0  0  0  0  0  0  0
    6.3319    4.5000    5.3472 H   0  0  0  0  0  0  0  0  0  0  0  0
    5.8858    8.6203    4.5740 H   0  0  0  0  0  0  0  0  0  0  0  0
    4.5000    8.4677    6.5367 H   0  0  0  0  0  0  0  0  0  0  0  0
    5.8796    8.2723    7.6126 H   0  0  0  0  0  0  0  0  0  0  0  0
    5.3725   10.7453    5.8521 H   0  0  0  0  0  0  0  0  0  0  0  0
    4.9903   10.6630    7.5724 H   0  0  0  0  0  0  0  0  0  0  0  0
    7.2159   11.7920    7.0276 H   0  0  0  0  0  0  0  0  0  0  0  0
    7.3152   10.4924    8.2061 H   0  0  0  0  0  0  0  0  0  0  0  0
    8.8843   10.6843    5.8006 H   0  0  0  0  0  0  0  0  0  0  0  0
    9.7632    8.4370    6.4994 H   0  0  0  0  0  0  0  0  0  0  0  0
    8.3023    8.1992    7.5722 H   0  0  0  0  0  0  0  0  0  0  0  0
    8.2946    8.6718    4.5000 H   0  0  0  0  0  0  0  0  0  0  0  0
  1  2  3  0  0  0  0
  2  3  1  0  0  0  0
  3 11  1  6  0  0  0
  3  4  1  0  0  0  0
  4  5  1  0  0  0  0
  4 13  1  0  0  0  0
  5  6  1  0  0  0  0
  5 15  1  0  0  0  0
  6 17  1  0  0  0  0
  7 18  1  6  0  0  0
  7  8  1  0  0  0  0
  7  6  1  0  0  0  0
  8 20  1  0  0  0  0
  9 21  1  6  0  0  0
  9  3  1  0  0  0  0
  9  7  1  0  0  0  0
  9  8  1  0  0  0  0
 10  1  1  0  0  0  0
 12  4  1  0  0  0  0
 14  5  1  0  0  0  0
 16  6  1  0  0  0  0
 19  8  1  0  0  0  0
M  END
