Lattice="13.954469920000001 0.0 0.0 0.0 12.62741713 0.0 0.0 0.0 14.36930131" Properties=species:S:1:pos:R:3:GW_charged:R:1:dKS_charged:R:1:dKS_neutral:R:1 pbc="T T T"
 OpenBabel12102409273D
Lattice="13.954469920000001 0.0 0.0 0.0 12.62741713 0.0 0.0 0.0 14.36930131" Properties=species:S:1:pos:R:3:GW_charged:R:1:dKS_charged:R:1:dKS_neutral:R:1 pbc="T T T"
 15 14  0  0  1  0  0  0  0  0999 V2000
    7.7608    7.7204    6.7270 C   0  0  0  0  0  0  0  0  0  0  0  0
    7.7597    6.1847    6.7150 C   0  0  1  0  0  0  0  0  0  0  0  0
    6.3210    5.5996    6.7753 C   0  0  0  0  0  0  0  0  0  0  0  0
    5.5981    5.9960    7.9734 C   0  0  0  0  0  0  0  0  0  0  0  0
    5.0211    6.3364    8.9815 C   0  0  0  0  0  0  0  0  0  0  0  0
    8.4265    5.6988    5.4445 C   0  0  0  0  0  0  0  0  0  0  0  0
    9.4545    5.0602    5.3932 O   0  0  0  0  0  0  0  0  0  0  0  0
    8.7858    8.1118    6.7396 H   0  0  0  0  0  0  0  0  0  0  0  0
    7.2490    8.1274    5.8420 H   0  0  0  0  0  0  0  0  0  0  0  0
    7.2366    8.0900    7.6175 H   0  0  0  0  0  0  0  0  0  0  0  0
    8.3403    5.7983    7.5642 H   0  0  0  0  0  0  0  0  0  0  0  0
    5.7553    5.9228    5.8844 H   0  0  0  0  0  0  0  0  0  0  0  0
    6.3721    4.5000    6.7307 H   0  0  0  0  0  0  0  0  0  0  0  0
    4.5000    6.6265    9.8693 H   0  0  0  0  0  0  0  0  0  0  0  0
    7.8903    5.9917    4.5000 H   0  0  0  0  0  0  0  0  0  0  0  0
  1  8  1  0  0  0  0
  1 10  1  0  0  0  0
  2  1  1  0  0  0  0
  2  3  1  0  0  0  0
  2 11  1  1  0  0  0
  3  4  1  0  0  0  0
  4  5  3  0  0  0  0
  5 14  1  0  0  0  0
  6  2  1  0  0  0  0
  7  6  2  0  0  0  0
  9  1  1  0  0  0  0
 12  3  1  0  0  0  0
 13  3  1  0  0  0  0
 15  6  1  0  0  0  0
M  END
