Lattice="13.68701412 0.0 0.0 0.0 13.06729171 0.0 0.0 0.0 14.73016954" Properties=species:S:1:pos:R:3:GW_charged:R:1:dKS_charged:R:1:dKS_neutral:R:1 pbc="T T T"
 OpenBabel12102411053D
Lattice="13.68701412 0.0 0.0 0.0 13.06729171 0.0 0.0 0.0 14.73016954" Properties=species:S:1:pos:R:3:GW_charged:R:1:dKS_charged:R:1:dKS_neutral:R:1 pbc="T T T"
 21 23  0  0  1  0  0  0  0  0999 V2000
    6.8242    8.0180    8.3089 C   0  0  0  0  0  0  0  0  0  0  0  0
    8.3203    7.6311    8.1787 C   0  0  1  0  0  0  0  0  0  0  0  0
    8.0316    6.4818    9.2065 C   0  0  0  0  0  0  0  0  0  0  0  0
    6.8400    6.4515    8.2095 C   0  0  1  0  0  0  0  0  0  0  0  0
    5.6711    5.5523    7.9110 C   0  0  0  0  0  0  0  0  0  0  0  0
    5.2058    5.9247    6.4824 C   0  0  0  0  0  0  0  0  0  0  0  0
    6.3672    6.0458    5.4788 C   0  0  0  0  0  0  0  0  0  0  0  0
    7.3714    7.0082    5.8515 O   0  0  0  0  0  0  0  0  0  0  0  0
    7.9051    6.6045    7.0977 C   0  0  1  0  0  0  0  0  0  0  0  0
    6.5109    8.4267    9.2791 H   0  0  0  0  0  0  0  0  0  0  0  0
    6.3887    8.5673    7.4681 H   0  0  0  0  0  0  0  0  0  0  0  0
    9.1870    8.3028    8.1727 H   0  0  0  0  0  0  0  0  0  0  0  0
    8.7112    5.6175    9.1899 H   0  0  0  0  0  0  0  0  0  0  0  0
    7.8109    6.8097   10.2302 H   0  0  0  0  0  0  0  0  0  0  0  0
    5.9993    4.5000    7.9402 H   0  0  0  0  0  0  0  0  0  0  0  0
    4.8487    5.6588    8.6337 H   0  0  0  0  0  0  0  0  0  0  0  0
    4.5000    5.1731    6.0977 H   0  0  0  0  0  0  0  0  0  0  0  0
    4.6634    6.8820    6.5115 H   0  0  0  0  0  0  0  0  0  0  0  0
    6.8476    5.0553    5.3431 H   0  0  0  0  0  0  0  0  0  0  0  0
    5.9941    6.3732    4.5000 H   0  0  0  0  0  0  0  0  0  0  0  0
    8.5896    5.7445    6.9643 H   0  0  0  0  0  0  0  0  0  0  0  0
  1 10  1  0  0  0  0
  2 12  1  6  0  0  0
  2  1  1  0  0  0  0
  2  3  1  0  0  0  0
  3 14  1  0  0  0  0
  4  5  1  1  0  0  0
  4  1  1  0  0  0  0
  4  3  1  0  0  0  0
  5 15  1  0  0  0  0
  5 16  1  0  0  0  0
  6 18  1  0  0  0  0
  6  5  1  0  0  0  0
  7  8  1  0  0  0  0
  7  6  1  0  0  0  0
  8  9  1  0  0  0  0
  9 21  1  6  0  0  0
  9  2  1  0  0  0  0
  9  4  1  0  0  0  0
 11  1  1  0  0  0  0
 13  3  1  0  0  0  0
 17  6  1  0  0  0  0
 19  7  1  0  0  0  0
 20  7  1  0  0  0  0
M  END
