Lattice="13.0351351 0.0 0.0 0.0 13.98178816 0.0 0.0 0.0 13.24202522" Properties=species:S:1:pos:R:3:GW_charged:R:1:dKS_charged:R:1:dKS_neutral:R:1 pbc="T T T"
 OpenBabel12102411053D
Lattice="13.0351351 0.0 0.0 0.0 13.98178816 0.0 0.0 0.0 13.24202522" Properties=species:S:1:pos:R:3:GW_charged:R:1:dKS_charged:R:1:dKS_neutral:R:1 pbc="T T T"
 21 24  0  0  1  0  0  0  0  0999 V2000
    5.2331    8.6727    6.2305 C   0  0  0  0  0  0  0  0  0  0  0  0
    6.7797    8.6825    6.1718 C   0  0  1  0  0  0  0  0  0  0  0  0
    7.3445    8.4804    7.5877 C   0  0  0  0  0  0  0  0  0  0  0  0
    7.1032    6.9960    7.8219 C   0  0  1  0  0  0  0  0  0  0  0  0
    5.6794    6.4083    7.4825 C   0  0  2  0  0  0  0  0  0  0  0  0
    6.4381    5.1760    6.9067 C   0  0  0  0  0  0  0  0  0  0  0  0
    7.4943    6.2428    6.5169 C   0  0  1  0  0  0  0  0  0  0  0  0
    6.7420    7.2118    5.5814 C   0  0  1  0  0  0  0  0  0  0  0  0
    5.2903    7.1329    6.1802 C   0  0  2  0  0  0  0  0  0  0  0  0
    4.7584    9.1503    7.1014 H   0  0  0  0  0  0  0  0  0  0  0  0
    4.7797    9.0776    5.3155 H   0  0  0  0  0  0  0  0  0  0  0  0
    7.2677    9.4818    5.6012 H   0  0  0  0  0  0  0  0  0  0  0  0
    8.4270    8.6829    7.6251 H   0  0  0  0  0  0  0  0  0  0  0  0
    6.8600    9.1390    8.3237 H   0  0  0  0  0  0  0  0  0  0  0  0
    7.5213    6.5698    8.7420 H   0  0  0  0  0  0  0  0  0  0  0  0
    4.9047    6.3051    8.2520 H   0  0  0  0  0  0  0  0  0  0  0  0
    6.8039    4.5000    7.6902 H   0  0  0  0  0  0  0  0  0  0  0  0
    5.9489    4.5981    6.1094 H   0  0  0  0  0  0  0  0  0  0  0  0
    8.5351    5.9891    6.2832 H   0  0  0  0  0  0  0  0  0  0  0  0
    6.8635    7.0945    4.5000 H   0  0  0  0  0  0  0  0  0  0  0  0
    4.5000    6.6033    5.6313 H   0  0  0  0  0  0  0  0  0  0  0  0
  1 10  1  0  0  0  0
  2 12  1  6  0  0  0
  2  1  1  0  0  0  0
  2  3  1  0  0  0  0
  3 13  1  0  0  0  0
  3  4  1  0  0  0  0
  3 14  1  0  0  0  0
  4 15  1  1  0  0  0
  5  4  1  0  0  0  0
  5 16  1  1  0  0  0
  6  5  1  0  0  0  0
  6 17  1  0  0  0  0
  7 19  1  6  0  0  0
  7  6  1  0  0  0  0
  7  4  1  0  0  0  0
  8 20  1  6  0  0  0
  8  2  1  0  0  0  0
  8  9  1  0  0  0  0
  8  7  1  0  0  0  0
  9 21  1  6  0  0  0
  9  1  1  0  0  0  0
  9  5  1  0  0  0  0
 11  1  1  0  0  0  0
 18  6  1  0  0  0  0
M  END
