Lattice="13.13948721 0.0 0.0 0.0 12.74927025 0.0 0.0 0.0 15.003613000000001" Properties=species:S:1:pos:R:3:GW_charged:R:1:dKS_charged:R:1:dKS_neutral:R:1 pbc="T T T"
 OpenBabel12102409383D
Lattice="13.13948721 0.0 0.0 0.0 12.74927025 0.0 0.0 0.0 15.003613000000001" Properties=species:S:1:pos:R:3:GW_charged:R:1:dKS_charged:R:1:dKS_neutral:R:1 pbc="T T T"
 17 17  0  0  1  0  0  0  0  0999 V2000
    5.4357    7.7346    5.5723 C   0  0  0  0  0  0  0  0  0  0  0  0
    5.3166    6.2635    5.8640 C   0  0  1  0  0  0  0  0  0  0  0  0
    6.5310    5.4846    5.9062 O   0  0  0  0  0  0  0  0  0  0  0  0
    5.7462    5.6097    7.1156 C   0  0  1  0  0  0  0  0  0  0  0  0
    6.3707    6.3198    8.2890 C   0  0  0  0  0  0  0  0  0  0  0  0
    7.4289    5.4634    8.9734 C   0  0  0  0  0  0  0  0  0  0  0  0
    7.9177    6.1946   10.1041 O   0  0  0  0  0  0  0  0  0  0  0  0
    6.2578    8.2022    6.1257 H   0  0  0  0  0  0  0  0  0  0  0  0
    5.6158    7.8936    4.5000 H   0  0  0  0  0  0  0  0  0  0  0  0
    4.5000    8.2493    5.8346 H   0  0  0  0  0  0  0  0  0  0  0  0
    4.5094    5.7607    5.3155 H   0  0  0  0  0  0  0  0  0  0  0  0
    5.2237    4.6797    7.3784 H   0  0  0  0  0  0  0  0  0  0  0  0
    6.8294    7.2682    7.9800 H   0  0  0  0  0  0  0  0  0  0  0  0
    5.5812    6.5611    9.0194 H   0  0  0  0  0  0  0  0  0  0  0  0
    6.9872    4.5000    9.2909 H   0  0  0  0  0  0  0  0  0  0  0  0
    8.2425    5.2429    8.2608 H   0  0  0  0  0  0  0  0  0  0  0  0
    8.6395    5.6874   10.5036 H   0  0  0  0  0  0  0  0  0  0  0  0
  1 10  1  0  0  0  0
  1  2  1  0  0  0  0
  1  8  1  0  0  0  0
  2 11  1  6  0  0  0
  2  3  1  0  0  0  0
  2  4  1  0  0  0  0
  3  4  1  0  0  0  0
  4 12  1  1  0  0  0
  4  5  1  0  0  0  0
  5  6  1  0  0  0  0
  5 14  1  0  0  0  0
  6 15  1  0  0  0  0
  6  7  1  0  0  0  0
  7 17  1  0  0  0  0
  9  1  1  0  0  0  0
 13  5  1  0  0  0  0
 16  6  1  0  0  0  0
M  END
