Lattice="13.372633669999999 0.0 0.0 0.0 14.527838169999999 0.0 0.0 0.0 13.35361517" Properties=species:S:1:pos:R:3:GW_charged:R:1:dKS_charged:R:1:dKS_neutral:R:1 pbc="T T T"
 OpenBabel12102409403D
Lattice="13.372633669999999 0.0 0.0 0.0 14.527838169999999 0.0 0.0 0.0 13.35361517" Properties=species:S:1:pos:R:3:GW_charged:R:1:dKS_charged:R:1:dKS_neutral:R:1 pbc="T T T"
 20 19  0  0  0  0  0  0  0  0999 V2000
    7.8055    9.6106    6.6861 C   0  0  0  0  0  0  0  0  0  0  0  0
    7.7340    8.1724    6.6791 O   0  0  0  0  0  0  0  0  0  0  0  0
    6.4745    7.6552    6.6883 C   0  0  0  0  0  0  0  0  0  0  0  0
    5.4783    8.3492    6.7015 O   0  0  0  0  0  0  0  0  0  0  0  0
    6.5018    6.1203    6.6798 C   0  0  0  0  0  0  0  0  0  0  0  0
    5.0585    5.5987    6.6907 C   0  0  0  0  0  0  0  0  0  0  0  0
    7.2294    5.6393    5.4062 C   0  0  0  0  0  0  0  0  0  0  0  0
    7.2534    5.6258    7.9342 C   0  0  0  0  0  0  0  0  0  0  0  0
    8.8726    9.8506    6.6775 H   0  0  0  0  0  0  0  0  0  0  0  0
    7.3095   10.0278    5.8007 H   0  0  0  0  0  0  0  0  0  0  0  0
    7.3261   10.0183    7.5851 H   0  0  0  0  0  0  0  0  0  0  0  0
    4.5000    5.9473    5.8130 H   0  0  0  0  0  0  0  0  0  0  0  0
    5.0626    4.5000    6.6848 H   0  0  0  0  0  0  0  0  0  0  0  0
    4.5168    5.9378    7.5825 H   0  0  0  0  0  0  0  0  0  0  0  0
    8.2702    5.9839    5.3831 H   0  0  0  0  0  0  0  0  0  0  0  0
    7.2285    4.5407    5.3729 H   0  0  0  0  0  0  0  0  0  0  0  0
    6.7256    6.0033    4.5000 H   0  0  0  0  0  0  0  0  0  0  0  0
    6.7669    5.9801    8.8536 H   0  0  0  0  0  0  0  0  0  0  0  0
    7.2530    4.5269    7.9557 H   0  0  0  0  0  0  0  0  0  0  0  0
    8.2944    5.9703    7.9412 H   0  0  0  0  0  0  0  0  0  0  0  0
  1 11  1  0  0  0  0
  2  1  1  0  0  0  0
  2  3  1  0  0  0  0
  3  4  2  0  0  0  0
  5  3  1  0  0  0  0
  5  6  1  0  0  0  0
  5  8  1  0  0  0  0
  6 14  1  0  0  0  0
  7  5  1  0  0  0  0
  8 20  1  0  0  0  0
  8 19  1  0  0  0  0
  8 18  1  0  0  0  0
  9  1  1  0  0  0  0
 10  1  1  0  0  0  0
 12  6  1  0  0  0  0
 13  6  1  0  0  0  0
 15  7  1  0  0  0  0
 16  7  1  0  0  0  0
 17  7  1  0  0  0  0
M  END
