Lattice="13.07866787 0.0 0.0 0.0 16.250894289999998 0.0 0.0 0.0 12.60705668" Properties=species:S:1:pos:R:3:GW_charged:R:1:dKS_charged:R:1:dKS_neutral:R:1 pbc="T T T"
 OpenBabel12102409423D
Lattice="13.07866787 0.0 0.0 0.0 16.250894289999998 0.0 0.0 0.0 12.60705668" Properties=species:S:1:pos:R:3:GW_charged:R:1:dKS_charged:R:1:dKS_neutral:R:1 pbc="T T T"
 19 19  0  0  1  0  0  0  0  0999 V2000
    6.3760   11.2862    7.1913 C   0  0  0  0  0  0  0  0  0  0  0  0
    6.2642    9.7649    7.1208 C   0  0  1  0  0  0  0  0  0  0  0  0
    4.8941    9.3354    7.1282 O   0  0  0  0  0  0  0  0  0  0  0  0
    6.8813    9.2054    5.8283 C   0  0  0  0  0  0  0  0  0  0  0  0
    6.9734    7.7230    5.7859 C   0  0  0  0  0  0  0  0  0  0  0  0
    6.2556    6.7453    5.1560 C   0  0  0  0  0  0  0  0  0  0  0  0
    6.8275    5.4923    5.5476 C   0  0  0  0  0  0  0  0  0  0  0  0
    7.8554    5.7911    6.3915 C   0  0  0  0  0  0  0  0  0  0  0  0
    7.9629    7.1464    6.5496 O   0  0  0  0  0  0  0  0  0  0  0  0
    7.4281   11.6052    7.2005 H   0  0  0  0  0  0  0  0  0  0  0  0
    5.8762   11.7509    6.3298 H   0  0  0  0  0  0  0  0  0  0  0  0
    5.9052   11.6719    8.1071 H   0  0  0  0  0  0  0  0  0  0  0  0
    6.7976    9.3181    7.9805 H   0  0  0  0  0  0  0  0  0  0  0  0
    4.5000    9.6002    7.9730 H   0  0  0  0  0  0  0  0  0  0  0  0
    6.2677    9.5448    4.9813 H   0  0  0  0  0  0  0  0  0  0  0  0
    7.8844    9.6414    5.7024 H   0  0  0  0  0  0  0  0  0  0  0  0
    5.4076    6.9063    4.5000 H   0  0  0  0  0  0  0  0  0  0  0  0
    6.5153    4.5000    5.2416 H   0  0  0  0  0  0  0  0  0  0  0  0
    8.5787    5.1950    6.9340 H   0  0  0  0  0  0  0  0  0  0  0  0
  1 10  1  0  0  0  0
  1 12  1  0  0  0  0
  2  3  1  0  0  0  0
  2  1  1  0  0  0  0
  2 13  1  1  0  0  0
  3 14  1  0  0  0  0
  4  2  1  0  0  0  0
  5  4  1  0  0  0  0
  5  9  1  0  0  0  0
  6  7  1  0  0  0  0
  6  5  2  0  0  0  0
  7  8  2  0  0  0  0
  8  9  1  0  0  0  0
  8 19  1  0  0  0  0
 11  1  1  0  0  0  0
 15  4  1  0  0  0  0
 16  4  1  0  0  0  0
 17  6  1  0  0  0  0
 18  7  1  0  0  0  0
M  END
