Lattice="13.20867394 0.0 0.0 0.0 14.416411740000001 0.0 0.0 0.0 12.62748579" Properties=species:S:1:pos:R:3:GW_charged:R:1:dKS_charged:R:1:dKS_neutral:R:1 pbc="T T T"
 OpenBabel12102409393D
Lattice="13.20867394 0.0 0.0 0.0 14.416411740000001 0.0 0.0 0.0 12.62748579" Properties=species:S:1:pos:R:3:GW_charged:R:1:dKS_charged:R:1:dKS_neutral:R:1 pbc="T T T"
 17 17  0  0  1  0  0  0  0  0999 V2000
    6.1505    9.2031    7.3332 C   0  0  0  0  0  0  0  0  0  0  0  0
    5.8097    7.8878    6.9254 O   0  0  0  0  0  0  0  0  0  0  0  0
    6.6155    7.3968    5.8597 C   0  0  1  0  0  0  0  0  0  0  0  0
    7.9580    6.7741    6.3336 C   0  0  0  0  0  0  0  0  0  0  0  0
    7.2380    5.4056    6.4827 C   0  0  0  0  0  0  0  0  0  0  0  0
    6.1209    5.9550    5.5476 C   0  0  1  0  0  0  0  0  0  0  0  0
    4.7675    5.6600    5.7870 O   0  0  0  0  0  0  0  0  0  0  0  0
    7.1794    9.2603    7.7284 H   0  0  0  0  0  0  0  0  0  0  0  0
    6.0550    9.9164    6.4950 H   0  0  0  0  0  0  0  0  0  0  0  0
    5.4499    9.4850    8.1275 H   0  0  0  0  0  0  0  0  0  0  0  0
    6.6403    8.1345    5.0379 H   0  0  0  0  0  0  0  0  0  0  0  0
    8.7087    6.7789    5.5324 H   0  0  0  0  0  0  0  0  0  0  0  0
    8.4066    7.2095    7.2349 H   0  0  0  0  0  0  0  0  0  0  0  0
    7.7674    4.5000    6.1633 H   0  0  0  0  0  0  0  0  0  0  0  0
    6.8565    5.2577    7.5008 H   0  0  0  0  0  0  0  0  0  0  0  0
    6.3316    5.6963    4.5000 H   0  0  0  0  0  0  0  0  0  0  0  0
    4.5000    6.2241    6.5349 H   0  0  0  0  0  0  0  0  0  0  0  0
  1  8  1  0  0  0  0
  1 10  1  0  0  0  0
  2  1  1  0  0  0  0
  3 11  1  6  0  0  0
  3  4  1  0  0  0  0
  3  2  1  0  0  0  0
  4  5  1  0  0  0  0
  4 13  1  0  0  0  0
  5 15  1  0  0  0  0
  6 16  1  6  0  0  0
  6  7  1  0  0  0  0
  6  3  1  0  0  0  0
  6  5  1  0  0  0  0
  7 17  1  0  0  0  0
  9  1  1  0  0  0  0
 12  4  1  0  0  0  0
 14  5  1  0  0  0  0
M  END
