Lattice="12.691685679999999 0.0 0.0 0.0 12.62590456 0.0 0.0 0.0 13.8157885" Properties=species:S:1:pos:R:3:GW_charged:R:1:dKS_charged:R:1:dKS_neutral:R:1 pbc="T T T"
 OpenBabel12102409263D
Lattice="12.691685679999999 0.0 0.0 0.0 12.62590456 0.0 0.0 0.0 13.8157885" Properties=species:S:1:pos:R:3:GW_charged:R:1:dKS_charged:R:1:dKS_neutral:R:1 pbc="T T T"
 16 16  0  0  1  0  0  0  0  0999 V2000
    5.3798    7.6380    6.2097 C   0  0  0  0  0  0  0  0  0  0  0  0
    5.4925    6.1169    6.2116 C   0  0  1  0  0  0  0  0  0  0  0  0
    6.6384    5.5630    5.3090 C   0  0  0  0  0  0  0  0  0  0  0  0
    7.5454    5.4550    6.5653 C   0  0  0  0  0  0  0  0  0  0  0  0
    6.2567    5.5176    7.4250 C   0  0  1  0  0  0  0  0  0  0  0  0
    6.2320    6.3106    8.6042 O   0  0  0  0  0  0  0  0  0  0  0  0
    6.3533    8.1259    6.3565 H   0  0  0  0  0  0  0  0  0  0  0  0
    4.9723    7.9833    5.2489 H   0  0  0  0  0  0  0  0  0  0  0  0
    4.7147    7.9887    7.0095 H   0  0  0  0  0  0  0  0  0  0  0  0
    4.5000    5.6758    6.0405 H   0  0  0  0  0  0  0  0  0  0  0  0
    6.3974    4.5814    4.8814 H   0  0  0  0  0  0  0  0  0  0  0  0
    6.9821    6.2202    4.5000 H   0  0  0  0  0  0  0  0  0  0  0  0
    8.1917    4.5739    6.6696 H   0  0  0  0  0  0  0  0  0  0  0  0
    8.1496    6.3598    6.7120 H   0  0  0  0  0  0  0  0  0  0  0  0
    5.8841    4.5000    7.6377 H   0  0  0  0  0  0  0  0  0  0  0  0
    6.6613    5.8126    9.3158 H   0  0  0  0  0  0  0  0  0  0  0  0
  1  2  1  0  0  0  0
  1  7  1  0  0  0  0
  1  9  1  0  0  0  0
  2 10  1  6  0  0  0
  2  5  1  0  0  0  0
  3  2  1  0  0  0  0
  3  4  1  0  0  0  0
  4 13  1  0  0  0  0
  4 14  1  0  0  0  0
  4  5  1  0  0  0  0
  5 15  1  1  0  0  0
  5  6  1  0  0  0  0
  6 16  1  0  0  0  0
  8  1  1  0  0  0  0
 11  3  1  0  0  0  0
 12  3  1  0  0  0  0
M  END
