Lattice="13.70042353 0.0 0.0 0.0 15.19863024 0.0 0.0 0.0 13.31562067" Properties=species:S:1:pos:R:3:GW_charged:R:1:dKS_charged:R:1:dKS_neutral:R:1 pbc="T T T"
 OpenBabel12102409403D
Lattice="13.70042353 0.0 0.0 0.0 15.19863024 0.0 0.0 0.0 13.31562067" Properties=species:S:1:pos:R:3:GW_charged:R:1:dKS_charged:R:1:dKS_neutral:R:1 pbc="T T T"
 20 19  0  0  1  0  0  0  0  0999 V2000
    6.5124   10.2895    6.5969 C   0  0  0  0  0  0  0  0  0  0  0  0
    6.5190    8.7532    6.6495 C   0  0  0  0  0  0  0  0  0  0  0  0
    7.2251    8.2728    7.9265 C   0  0  0  0  0  0  0  0  0  0  0  0
    5.0755    8.2261    6.6129 C   0  0  0  0  0  0  0  0  0  0  0  0
    7.2721    8.2343    5.3762 C   0  0  1  0  0  0  0  0  0  0  0  0
    8.6047    8.7628    5.2595 O   0  0  0  0  0  0  0  0  0  0  0  0
    7.2906    6.7749    5.2803 C   0  0  0  0  0  0  0  0  0  0  0  0
    7.3557    5.5666    5.2267 C   0  0  0  0  0  0  0  0  0  0  0  0
    7.5332   10.6902    6.5709 H   0  0  0  0  0  0  0  0  0  0  0  0
    5.9822   10.6548    5.7050 H   0  0  0  0  0  0  0  0  0  0  0  0
    6.0024   10.6986    7.4801 H   0  0  0  0  0  0  0  0  0  0  0  0
    6.6859    8.6275    8.8156 H   0  0  0  0  0  0  0  0  0  0  0  0
    7.2678    7.1759    7.9738 H   0  0  0  0  0  0  0  0  0  0  0  0
    8.2505    8.6635    7.9891 H   0  0  0  0  0  0  0  0  0  0  0  0
    4.5643    8.5230    5.6850 H   0  0  0  0  0  0  0  0  0  0  0  0
    5.0418    7.1309    6.6818 H   0  0  0  0  0  0  0  0  0  0  0  0
    4.5000    8.6373    7.4540 H   0  0  0  0  0  0  0  0  0  0  0  0
    6.7334    8.6339    4.5000 H   0  0  0  0  0  0  0  0  0  0  0  0
    9.2004    8.1557    5.7262 H   0  0  0  0  0  0  0  0  0  0  0  0
    7.4068    4.5000    5.1638 H   0  0  0  0  0  0  0  0  0  0  0  0
  1  2  1  0  0  0  0
  1 11  1  0  0  0  0
  2  3  1  0  0  0  0
  3 13  1  0  0  0  0
  3 14  1  0  0  0  0
  3 12  1  0  0  0  0
  4  2  1  0  0  0  0
  4 16  1  0  0  0  0
  4 17  1  0  0  0  0
  5 18  1  6  0  0  0
  5  2  1  0  0  0  0
  6  5  1  0  0  0  0
  6 19  1  0  0  0  0
  7  5  1  0  0  0  0
  8  7  3  0  0  0  0
  9  1  1  0  0  0  0
 10  1  1  0  0  0  0
 15  4  1  0  0  0  0
 20  8  1  0  0  0  0
M  END
