Lattice="12.05385759 0.0 0.0 0.0 12.419673679999999 0.0 0.0 0.0 15.57468381" Properties=species:S:1:pos:R:3:GW_charged:R:1:dKS_charged:R:1:dKS_neutral:R:1 pbc="T T T"
 OpenBabel12102409273D
Lattice="12.05385759 0.0 0.0 0.0 12.419673679999999 0.0 0.0 0.0 15.57468381" Properties=species:S:1:pos:R:3:GW_charged:R:1:dKS_charged:R:1:dKS_neutral:R:1 pbc="T T T"
 15 14  0  0  0  0  0  0  0  0999 V2000
    5.4956    7.3958    6.8719 C   0  0  0  0  0  0  0  0  0  0  0  0
    5.7097    5.8837    6.6556 C   0  0  0  0  0  0  0  0  0  0  0  0
    6.4560    5.5792    5.3587 C   0  0  0  0  0  0  0  0  0  0  0  0
    6.4239    5.2912    7.8677 C   0  0  0  0  0  0  0  0  0  0  0  0
    7.5539    4.8262    7.8347 O   0  0  0  0  0  0  0  0  0  0  0  0
    5.6711    5.3141    9.1147 C   0  0  0  0  0  0  0  0  0  0  0  0
    5.0399    5.3190   10.1502 C   0  0  0  0  0  0  0  0  0  0  0  0
    6.4605    7.9197    6.9186 H   0  0  0  0  0  0  0  0  0  0  0  0
    4.9208    7.8164    6.0365 H   0  0  0  0  0  0  0  0  0  0  0  0
    4.9475    7.6014    7.8003 H   0  0  0  0  0  0  0  0  0  0  0  0
    4.7124    5.4087    6.6346 H   0  0  0  0  0  0  0  0  0  0  0  0
    7.4531    6.0386    5.3607 H   0  0  0  0  0  0  0  0  0  0  0  0
    6.5929    4.5000    5.2165 H   0  0  0  0  0  0  0  0  0  0  0  0
    5.8969    5.9739    4.5000 H   0  0  0  0  0  0  0  0  0  0  0  0
    4.5000    5.3134   11.0747 H   0  0  0  0  0  0  0  0  0  0  0  0
  1  8  1  0  0  0  0
  1 10  1  0  0  0  0
  2  1  1  0  0  0  0
  2  4  1  0  0  0  0
  3 12  1  0  0  0  0
  3  2  1  0  0  0  0
  4  6  1  0  0  0  0
  5  4  2  0  0  0  0
  6  7  3  0  0  0  0
  7 15  1  0  0  0  0
  9  1  1  0  0  0  0
 11  2  1  0  0  0  0
 13  3  1  0  0  0  0
 14  3  1  0  0  0  0
M  END
