Lattice="13.38041098 0.0 0.0 0.0 14.75968096 0.0 0.0 0.0 13.46650343" Properties=species:S:1:pos:R:3:GW_charged:R:1:dKS_charged:R:1:dKS_neutral:R:1 pbc="T T T"
 OpenBabel12102411063D
Lattice="13.38041098 0.0 0.0 0.0 14.75968096 0.0 0.0 0.0 13.46650343" Properties=species:S:1:pos:R:3:GW_charged:R:1:dKS_charged:R:1:dKS_neutral:R:1 pbc="T T T"
 23 25  0  0  1  0  0  0  0  0999 V2000
    6.8634    9.7436    6.9150 C   0  0  0  0  0  0  0  0  0  0  0  0
    8.2165    9.0765    6.7900 C   0  0  0  0  0  0  0  0  0  0  0  0
    6.9612    8.2406    6.8725 C   0  0  0  0  0  0  0  0  0  0  0  0
    6.6435    7.4576    8.1478 C   0  0  0  0  0  0  0  0  0  0  0  0
    6.6953    5.9285    7.9261 C   0  0  0  0  0  0  0  0  0  0  0  0
    6.3079    5.5682    6.4828 C   0  0  2  0  0  0  0  0  0  0  0  0
    7.3469    6.1772    5.5025 C   0  0  0  0  0  0  0  0  0  0  0  0
    6.5330    7.4965    5.6140 C   0  0  1  0  0  0  0  0  0  0  0  0
    5.2927    6.6010    5.9067 C   0  0  0  0  0  0  0  0  0  0  0  0
    6.6109   10.2134    7.8662 H   0  0  0  0  0  0  0  0  0  0  0  0
    6.4645   10.2597    6.0416 H   0  0  0  0  0  0  0  0  0  0  0  0
    8.7300    9.1383    5.8300 H   0  0  0  0  0  0  0  0  0  0  0  0
    8.8804    9.0980    7.6542 H   0  0  0  0  0  0  0  0  0  0  0  0
    7.3125    7.7587    8.9665 H   0  0  0  0  0  0  0  0  0  0  0  0
    5.6273    7.7291    8.4735 H   0  0  0  0  0  0  0  0  0  0  0  0
    7.7039    5.5355    8.1298 H   0  0  0  0  0  0  0  0  0  0  0  0
    6.0171    5.4360    8.6391 H   0  0  0  0  0  0  0  0  0  0  0  0
    6.0724    4.5000    6.3830 H   0  0  0  0  0  0  0  0  0  0  0  0
    8.4005    6.2012    5.8162 H   0  0  0  0  0  0  0  0  0  0  0  0
    7.2720    5.7346    4.5000 H   0  0  0  0  0  0  0  0  0  0  0  0
    6.5026    8.1643    4.7413 H   0  0  0  0  0  0  0  0  0  0  0  0
    4.8409    6.2351    4.9758 H   0  0  0  0  0  0  0  0  0  0  0  0
    4.5000    6.9924    6.5591 H   0  0  0  0  0  0  0  0  0  0  0  0
  1 10  1  0  0  0  0
  2  3  1  0  0  0  0
  2  1  1  0  0  0  0
  2 13  1  0  0  0  0
  3  1  1  0  0  0  0
  3  4  1  0  0  0  0
  4 15  1  0  0  0  0
  4 14  1  0  0  0  0
  5 16  1  0  0  0  0
  5  4  1  0  0  0  0
  5 17  1  0  0  0  0
  6 18  1  6  0  0  0
  6  5  1  0  0  0  0
  7  8  1  0  0  0  0
  7 19  1  0  0  0  0
  7  6  1  0  0  0  0
  8 21  1  6  0  0  0
  8  9  1  0  0  0  0
  8  3  1  0  0  0  0
  9  6  1  0  0  0  0
  9 23  1  0  0  0  0
 11  1  1  0  0  0  0
 12  2  1  0  0  0  0
 20  7  1  0  0  0  0
 22  9  1  0  0  0  0
M  END
