Lattice="13.65554367 0.0 0.0 0.0 17.31806227 0.0 0.0 0.0 13.374363559999999" Properties=species:S:1:pos:R:3:GW_charged:R:1:dKS_charged:R:1:dKS_neutral:R:1 pbc="T T T"
 OpenBabel12102411073D
Lattice="13.65554367 0.0 0.0 0.0 17.31806227 0.0 0.0 0.0 13.374363559999999" Properties=species:S:1:pos:R:3:GW_charged:R:1:dKS_charged:R:1:dKS_neutral:R:1 pbc="T T T"
 23 22  0  0  1  0  0  0  0  0999 V2000
    6.2196   12.3502    7.8083 C   0  0  0  0  0  0  0  0  0  0  0  0
    6.3013   10.9006    7.8739 C   0  0  0  0  0  0  0  0  0  0  0  0
    6.3736    9.6912    7.9472 C   0  0  0  0  0  0  0  0  0  0  0  0
    6.4221    8.2303    7.9842 C   0  0  1  0  0  0  0  0  0  0  0  0
    5.1111    7.6631    8.1880 O   0  0  0  0  0  0  0  0  0  0  0  0
    7.1063    7.6680    6.7217 C   0  0  0  0  0  0  0  0  0  0  0  0
    7.2324    6.1363    6.6807 C   0  0  0  0  0  0  0  0  0  0  0  0
    7.7282    5.6882    5.3004 C   0  0  0  0  0  0  0  0  0  0  0  0
    8.1413    5.5931    7.7902 C   0  0  0  0  0  0  0  0  0  0  0  0
    6.9358   12.8181    8.4990 H   0  0  0  0  0  0  0  0  0  0  0  0
    6.4378   12.7201    6.7962 H   0  0  0  0  0  0  0  0  0  0  0  0
    5.2149   12.7014    8.0846 H   0  0  0  0  0  0  0  0  0  0  0  0
    6.9908    7.9170    8.8744 H   0  0  0  0  0  0  0  0  0  0  0  0
    4.5000    8.1466    7.6088 H   0  0  0  0  0  0  0  0  0  0  0  0
    6.5350    8.0169    5.8456 H   0  0  0  0  0  0  0  0  0  0  0  0
    8.1048    8.1301    6.6416 H   0  0  0  0  0  0  0  0  0  0  0  0
    6.2230    5.7211    6.8344 H   0  0  0  0  0  0  0  0  0  0  0  0
    8.7342    6.0844    5.0920 H   0  0  0  0  0  0  0  0  0  0  0  0
    7.7843    4.5926    5.2344 H   0  0  0  0  0  0  0  0  0  0  0  0
    7.0611    6.0386    4.5000 H   0  0  0  0  0  0  0  0  0  0  0  0
    7.7562    5.8229    8.7929 H   0  0  0  0  0  0  0  0  0  0  0  0
    8.2314    4.5000    7.7212 H   0  0  0  0  0  0  0  0  0  0  0  0
    9.1555    6.0151    7.7134 H   0  0  0  0  0  0  0  0  0  0  0  0
  1  2  1  0  0  0  0
  1 12  1  0  0  0  0
  1 10  1  0  0  0  0
  2  3  3  0  0  0  0
  3  4  1  0  0  0  0
  4  5  1  0  0  0  0
  4 13  1  1  0  0  0
  6  4  1  0  0  0  0
  7  6  1  0  0  0  0
  7 17  1  0  0  0  0
  7  9  1  0  0  0  0
  8  7  1  0  0  0  0
  9 21  1  0  0  0  0
 11  1  1  0  0  0  0
 14  5  1  0  0  0  0
 15  6  1  0  0  0  0
 16  6  1  0  0  0  0
 18  8  1  0  0  0  0
 19  8  1  0  0  0  0
 20  8  1  0  0  0  0
 22  9  1  0  0  0  0
 23  9  1  0  0  0  0
M  END
