Lattice="14.02689265 0.0 0.0 0.0 12.78629326 0.0 0.0 0.0 13.96983011" Properties=species:S:1:pos:R:3:GW_charged:R:1:dKS_charged:R:1:dKS_neutral:R:1 pbc="T T T"
 OpenBabel12102409273D
Lattice="14.02689265 0.0 0.0 0.0 12.78629326 0.0 0.0 0.0 13.96983011" Properties=species:S:1:pos:R:3:GW_charged:R:1:dKS_charged:R:1:dKS_neutral:R:1 pbc="T T T"
 17 17  0  0  1  0  0  0  0  0999 V2000
    6.6843    7.7742    6.0276 C   0  0  0  0  0  0  0  0  0  0  0  0
    6.6025    6.2882    6.2996 C   0  0  0  0  0  0  0  0  0  0  0  0
    5.4732    5.5751    5.5875 C   0  0  0  0  0  0  0  0  0  0  0  0
    7.8669    5.5751    6.2704 O   0  0  0  0  0  0  0  0  0  0  0  0
    7.1529    5.6726    7.5285 C   0  0  1  0  0  0  0  0  0  0  0  0
    7.8595    6.4013    8.6411 C   0  0  0  0  0  0  0  0  0  0  0  0
    8.9218    5.6150    9.1882 O   0  0  0  0  0  0  0  0  0  0  0  0
    7.5682    8.2309    6.4842 H   0  0  0  0  0  0  0  0  0  0  0  0
    6.7346    7.9516    4.9437 H   0  0  0  0  0  0  0  0  0  0  0  0
    5.7891    8.2863    6.4083 H   0  0  0  0  0  0  0  0  0  0  0  0
    5.5601    5.7117    4.5000 H   0  0  0  0  0  0  0  0  0  0  0  0
    5.4902    4.5000    5.8021 H   0  0  0  0  0  0  0  0  0  0  0  0
    4.5000    5.9794    5.9006 H   0  0  0  0  0  0  0  0  0  0  0  0
    6.7101    4.7192    7.8452 H   0  0  0  0  0  0  0  0  0  0  0  0
    8.2327    7.3804    8.2993 H   0  0  0  0  0  0  0  0  0  0  0  0
    7.1578    6.5757    9.4698 H   0  0  0  0  0  0  0  0  0  0  0  0
    9.5269    5.4084    8.4574 H   0  0  0  0  0  0  0  0  0  0  0  0
  1  2  1  0  0  0  0
  1 10  1  0  0  0  0
  1  8  1  0  0  0  0
  2  5  1  0  0  0  0
  3 12  1  0  0  0  0
  3 13  1  0  0  0  0
  3  2  1  0  0  0  0
  4  2  1  0  0  0  0
  4  5  1  0  0  0  0
  5 14  1  1  0  0  0
  5  6  1  0  0  0  0
  6  7  1  0  0  0  0
  6 16  1  0  0  0  0
  9  1  1  0  0  0  0
 11  3  1  0  0  0  0
 15  6  1  0  0  0  0
 17  7  1  0  0  0  0
M  END
