Lattice="12.90088648 0.0 0.0 0.0 16.11434754 0.0 0.0 0.0 12.143211860000001" Properties=species:S:1:pos:R:3:GW_charged:R:1:dKS_charged:R:1:dKS_neutral:R:1 pbc="T T T"
 OpenBabel12102409263D
Lattice="12.90088648 0.0 0.0 0.0 16.11434754 0.0 0.0 0.0 12.143211860000001" Properties=species:S:1:pos:R:3:GW_charged:R:1:dKS_charged:R:1:dKS_neutral:R:1 pbc="T T T"
 19 18  0  0  0  0  0  0  0  0999 V2000
    7.8161   11.2041    5.5347 C   0  0  0  0  0  0  0  0  0  0  0  0
    7.8162    9.7495    5.5531 C   0  0  0  0  0  0  0  0  0  0  0  0
    7.8266    8.5364    5.5699 C   0  0  0  0  0  0  0  0  0  0  0  0
    7.8014    7.0794    5.5826 C   0  0  0  0  0  0  0  0  0  0  0  0
    6.3784    6.4705    5.5055 C   0  0  0  0  0  0  0  0  0  0  0  0
    6.4640    4.9462    5.3810 C   0  0  0  0  0  0  0  0  0  0  0  0
    5.5225    6.8908    6.7032 C   0  0  0  0  0  0  0  0  0  0  0  0
    8.2640   11.5929    4.6085 H   0  0  0  0  0  0  0  0  0  0  0  0
    6.7937   11.6037    5.6019 H   0  0  0  0  0  0  0  0  0  0  0  0
    8.3888   11.6143    6.3792 H   0  0  0  0  0  0  0  0  0  0  0  0
    8.4009    6.6985    4.7389 H   0  0  0  0  0  0  0  0  0  0  0  0
    8.2982    6.7104    6.4977 H   0  0  0  0  0  0  0  0  0  0  0  0
    5.9084    6.8688    4.5907 H   0  0  0  0  0  0  0  0  0  0  0  0
    6.9434    4.5038    6.2680 H   0  0  0  0  0  0  0  0  0  0  0  0
    5.4641    4.5000    5.2898 H   0  0  0  0  0  0  0  0  0  0  0  0
    7.0478    4.6434    4.5000 H   0  0  0  0  0  0  0  0  0  0  0  0
    4.5000    6.4982    6.6152 H   0  0  0  0  0  0  0  0  0  0  0  0
    5.9477    6.5056    7.6432 H   0  0  0  0  0  0  0  0  0  0  0  0
    5.4630    7.9840    6.7853 H   0  0  0  0  0  0  0  0  0  0  0  0
  1  2  1  0  0  0  0
  1  9  1  0  0  0  0
  1 10  1  0  0  0  0
  2  3  3  0  0  0  0
  3  4  1  0  0  0  0
  4 12  1  0  0  0  0
  5  4  1  0  0  0  0
  5  7  1  0  0  0  0
  6  5  1  0  0  0  0
  6 14  1  0  0  0  0
  7 19  1  0  0  0  0
  7 18  1  0  0  0  0
  8  1  1  0  0  0  0
 11  4  1  0  0  0  0
 13  5  1  0  0  0  0
 15  6  1  0  0  0  0
 16  6  1  0  0  0  0
 17  7  1  0  0  0  0
M  END
