Lattice="15.09513269 0.0 0.0 0.0 12.57560707 0.0 0.0 0.0 12.82381619" Properties=species:S:1:pos:R:3:GW_charged:R:1:dKS_charged:R:1:dKS_neutral:R:1 pbc="T T T"
 OpenBabel12102409323D
Lattice="15.09513269 0.0 0.0 0.0 12.57560707 0.0 0.0 0.0 12.82381619" Properties=species:S:1:pos:R:3:GW_charged:R:1:dKS_charged:R:1:dKS_neutral:R:1 pbc="T T T"
 17 17  0  0  0  0  0  0  0  0999 V2000
    7.8023    7.6453    6.1947 C   0  0  0  0  0  0  0  0  0  0  0  0
    7.8635    6.1105    6.1987 C   0  0  0  0  0  0  0  0  0  0  0  0
    9.0318    5.5516    5.3055 C   0  0  0  0  0  0  0  0  0  0  0  0
    9.9155    5.4214    6.5715 C   0  0  0  0  0  0  0  0  0  0  0  0
    8.6402    5.5416    7.4430 C   0  0  0  0  0  0  0  0  0  0  0  0
    6.5510    5.5395    5.9556 C   0  0  0  0  0  0  0  0  0  0  0  0
    5.4613    5.0482    5.7536 C   0  0  0  0  0  0  0  0  0  0  0  0
    8.7967    8.0756    6.3789 H   0  0  0  0  0  0  0  0  0  0  0  0
    7.4409    8.0154    5.2261 H   0  0  0  0  0  0  0  0  0  0  0  0
    7.1204    8.0072    6.9756 H   0  0  0  0  0  0  0  0  0  0  0  0
    8.7692    4.5772    4.8772 H   0  0  0  0  0  0  0  0  0  0  0  0
    9.3749    6.2137    4.5000 H   0  0  0  0  0  0  0  0  0  0  0  0
   10.5001    4.5000    6.6742 H   0  0  0  0  0  0  0  0  0  0  0  0
   10.5951    6.2735    6.7000 H   0  0  0  0  0  0  0  0  0  0  0  0
    8.6743    6.1957    8.3238 H   0  0  0  0  0  0  0  0  0  0  0  0
    8.2444    4.5638    7.7415 H   0  0  0  0  0  0  0  0  0  0  0  0
    4.5000    4.6154    5.5755 H   0  0  0  0  0  0  0  0  0  0  0  0
  1  2  1  0  0  0  0
  1  8  1  0  0  0  0
  1 10  1  0  0  0  0
  2  5  1  0  0  0  0
  3  2  1  0  0  0  0
  3  4  1  0  0  0  0
  4 13  1  0  0  0  0
  4 14  1  0  0  0  0
  4  5  1  0  0  0  0
  5 16  1  0  0  0  0
  5 15  1  0  0  0  0
  6  2  1  0  0  0  0
  7  6  3  0  0  0  0
  9  1  1  0  0  0  0
 11  3  1  0  0  0  0
 12  3  1  0  0  0  0
 17  7  1  0  0  0  0
M  END
