Lattice="14.58098192 0.0 0.0 0.0 15.07491041 0.0 0.0 0.0 13.230561309999999" Properties=species:S:1:pos:R:3:GW_charged:R:1:dKS_charged:R:1:dKS_neutral:R:1 pbc="T T T"
 OpenBabel12102411063D
Lattice="14.58098192 0.0 0.0 0.0 15.07491041 0.0 0.0 0.0 13.230561309999999" Properties=species:S:1:pos:R:3:GW_charged:R:1:dKS_charged:R:1:dKS_neutral:R:1 pbc="T T T"
 23 25  0  0  1  0  0  0  0  0999 V2000
    5.5423   10.1134    5.5495 C   0  0  0  0  0  0  0  0  0  0  0  0
    6.9811   10.1815    6.0055 C   0  0  0  0  0  0  0  0  0  0  0  0
    6.2807    8.8469    5.9140 C   0  0  0  0  0  0  0  0  0  0  0  0
    5.9193    8.1052    7.1609 C   0  0  1  0  0  0  0  0  0  0  0  0
    5.3068    6.7230    7.1021 C   0  0  0  0  0  0  0  0  0  0  0  0
    6.7079    6.9016    7.6442 C   0  0  1  0  0  0  0  0  0  0  0  0
    7.8979    6.3790    6.9051 C   0  0  0  0  0  0  0  0  0  0  0  0
    9.2895    6.6581    7.4207 C   0  0  0  0  0  0  0  0  0  0  0  0
    8.7217    5.2601    7.4979 C   0  0  0  0  0  0  0  0  0  0  0  0
    4.7725   10.4630    6.2371 H   0  0  0  0  0  0  0  0  0  0  0  0
    5.3220   10.3032    4.5000 H   0  0  0  0  0  0  0  0  0  0  0  0
    7.7484   10.4180    5.2698 H   0  0  0  0  0  0  0  0  0  0  0  0
    7.1813   10.5749    7.0018 H   0  0  0  0  0  0  0  0  0  0  0  0
    6.5735    8.2202    5.0699 H   0  0  0  0  0  0  0  0  0  0  0  0
    5.5407    8.7529    7.9562 H   0  0  0  0  0  0  0  0  0  0  0  0
    4.5000    6.4701    7.7887 H   0  0  0  0  0  0  0  0  0  0  0  0
    5.2124    6.2654    6.1164 H   0  0  0  0  0  0  0  0  0  0  0  0
    6.8043    6.8246    8.7306 H   0  0  0  0  0  0  0  0  0  0  0  0
    7.7958    6.3558    5.8188 H   0  0  0  0  0  0  0  0  0  0  0  0
   10.0810    6.8580    6.7001 H   0  0  0  0  0  0  0  0  0  0  0  0
    9.3760    7.2244    8.3476 H   0  0  0  0  0  0  0  0  0  0  0  0
    8.4276    4.8827    8.4771 H   0  0  0  0  0  0  0  0  0  0  0  0
    9.1239    4.5000    6.8297 H   0  0  0  0  0  0  0  0  0  0  0  0
  1  3  1  0  0  0  0
  1  2  1  0  0  0  0
  1 10  1  0  0  0  0
  2 13  1  0  0  0  0
  3  2  1  0  0  0  0
  3  4  1  0  0  0  0
  4  6  1  0  0  0  0
  4 15  1  1  0  0  0
  5  4  1  0  0  0  0
  5  6  1  0  0  0  0
  5 16  1  0  0  0  0
  6 18  1  1  0  0  0
  7  8  1  0  0  0  0
  7  9  1  0  0  0  0
  7  6  1  0  0  0  0
  8  9  1  0  0  0  0
  8 21  1  0  0  0  0
  9 22  1  0  0  0  0
 11  1  1  0  0  0  0
 12  2  1  0  0  0  0
 14  3  1  0  0  0  0
 17  5  1  0  0  0  0
 19  7  1  0  0  0  0
 20  8  1  0  0  0  0
 23  9  1  0  0  0  0
M  END
