Lattice="14.23025048 0.0 0.0 0.0 12.56908199 0.0 0.0 0.0 15.15114345" Properties=species:S:1:pos:R:3:GW_charged:R:1:dKS_charged:R:1:dKS_neutral:R:1 pbc="T T T"
 OpenBabel12102409403D
Lattice="14.23025048 0.0 0.0 0.0 12.56908199 0.0 0.0 0.0 15.15114345" Properties=species:S:1:pos:R:3:GW_charged:R:1:dKS_charged:R:1:dKS_neutral:R:1 pbc="T T T"
 18 17  0  0  0  0  0  0  0  0999 V2000
    7.9222    7.6803    7.6109 C   0  0  0  0  0  0  0  0  0  0  0  0
    7.9185    6.1367    7.6311 C   0  0  0  0  0  0  0  0  0  0  0  0
    8.6936    5.6147    8.8598 C   0  0  0  0  0  0  0  0  0  0  0  0
    6.4440    5.5996    7.6533 C   0  0  0  0  0  0  0  0  0  0  0  0
    5.6812    6.0191    8.8185 C   0  0  0  0  0  0  0  0  0  0  0  0
    5.0601    6.3772    9.7942 C   0  0  0  0  0  0  0  0  0  0  0  0
    8.5450    5.6306    6.4069 C   0  0  0  0  0  0  0  0  0  0  0  0
    9.0564    5.2090    5.3934 C   0  0  0  0  0  0  0  0  0  0  0  0
    8.9513    8.0588    7.5761 H   0  0  0  0  0  0  0  0  0  0  0  0
    7.3876    8.0629    6.7319 H   0  0  0  0  0  0  0  0  0  0  0  0
    7.4336    8.0691    8.5139 H   0  0  0  0  0  0  0  0  0  0  0  0
    8.2175    5.9700    9.7831 H   0  0  0  0  0  0  0  0  0  0  0  0
    8.7116    4.5173    8.8756 H   0  0  0  0  0  0  0  0  0  0  0  0
    9.7303    5.9728    8.8372 H   0  0  0  0  0  0  0  0  0  0  0  0
    5.9349    5.9374    6.7376 H   0  0  0  0  0  0  0  0  0  0  0  0
    6.4717    4.5000    7.6065 H   0  0  0  0  0  0  0  0  0  0  0  0
    4.5000    6.6864   10.6511 H   0  0  0  0  0  0  0  0  0  0  0  0
    9.5141    4.8401    4.5000 H   0  0  0  0  0  0  0  0  0  0  0  0
  1  2  1  0  0  0  0
  1 11  1  0  0  0  0
  2  4  1  0  0  0  0
  2  3  1  0  0  0  0
  3 13  1  0  0  0  0
  3 12  1  0  0  0  0
  4  5  1  0  0  0  0
  5  6  3  0  0  0  0
  6 17  1  0  0  0  0
  7  2  1  0  0  0  0
  8  7  3  0  0  0  0
  9  1  1  0  0  0  0
 10  1  1  0  0  0  0
 14  3  1  0  0  0  0
 15  4  1  0  0  0  0
 16  4  1  0  0  0  0
 18  8  1  0  0  0  0
M  END
