Lattice="16.02532732 0.0 0.0 0.0 14.61964841 0.0 0.0 0.0 10.824780950000001" Properties=species:S:1:pos:R:3:GW_charged:R:1:dKS_charged:R:1:dKS_neutral:R:1 pbc="T T T"
 OpenBabel12102409443D
Lattice="16.02532732 0.0 0.0 0.0 14.61964841 0.0 0.0 0.0 10.824780950000001" Properties=species:S:1:pos:R:3:GW_charged:R:1:dKS_charged:R:1:dKS_neutral:R:1 pbc="T T T"
 19 19  0  0  0  0  0  0  0  0999 V2000
   10.4578    9.6484    5.3915 C   0  0  0  0  0  0  0  0  0  0  0  0
   10.3774    8.2297    5.3332 O   0  0  0  0  0  0  0  0  0  0  0  0
    9.1312    7.6620    5.3557 C   0  0  0  0  0  0  0  0  0  0  0  0
    7.9294    8.3733    5.4318 C   0  0  0  0  0  0  0  0  0  0  0  0
    6.7152    7.6768    5.4476 C   0  0  0  0  0  0  0  0  0  0  0  0
    6.6606    6.2830    5.3896 C   0  0  0  0  0  0  0  0  0  0  0  0
    5.3491    5.5417    5.4071 C   0  0  0  0  0  0  0  0  0  0  0  0
    7.8820    5.5908    5.3136 C   0  0  0  0  0  0  0  0  0  0  0  0
    9.0979    6.2605    5.2966 C   0  0  0  0  0  0  0  0  0  0  0  0
   11.5253    9.8892    5.3617 H   0  0  0  0  0  0  0  0  0  0  0  0
    9.9555   10.1196    4.5308 H   0  0  0  0  0  0  0  0  0  0  0  0
   10.0230   10.0421    6.3248 H   0  0  0  0  0  0  0  0  0  0  0  0
    7.9200    9.4604    5.4790 H   0  0  0  0  0  0  0  0  0  0  0  0
    5.7862    8.2470    5.5072 H   0  0  0  0  0  0  0  0  0  0  0  0
    5.2177    4.9334    4.5000 H   0  0  0  0  0  0  0  0  0  0  0  0
    5.2846    4.8569    6.2655 H   0  0  0  0  0  0  0  0  0  0  0  0
    4.5000    6.2339    5.4693 H   0  0  0  0  0  0  0  0  0  0  0  0
    7.8782    4.5000    5.2668 H   0  0  0  0  0  0  0  0  0  0  0  0
   10.0409    5.7174    5.2376 H   0  0  0  0  0  0  0  0  0  0  0  0
  1 12  1  0  0  0  0
  2  3  1  0  0  0  0
  2  1  1  0  0  0  0
  3  4  1  0  0  0  0
  4  5  2  0  0  0  0
  4 13  1  0  0  0  0
  5 14  1  0  0  0  0
  6  7  1  0  0  0  0
  6  5  1  0  0  0  0
  7 17  1  0  0  0  0
  7 16  1  0  0  0  0
  8  6  2  0  0  0  0
  9  8  1  0  0  0  0
  9  3  2  0  0  0  0
 10  1  1  0  0  0  0
 11  1  1  0  0  0  0
 15  7  1  0  0  0  0
 18  8  1  0  0  0  0
 19  9  1  0  0  0  0
M  END
