Lattice="12.91286313 0.0 0.0 0.0 12.92864934 0.0 0.0 0.0 14.40875257" Properties=species:S:1:pos:R:3:GW_charged:R:1:dKS_charged:R:1:dKS_neutral:R:1 pbc="T T T"
 OpenBabel12102411053D
Lattice="12.91286313 0.0 0.0 0.0 12.92864934 0.0 0.0 0.0 14.40875257" Properties=species:S:1:pos:R:3:GW_charged:R:1:dKS_charged:R:1:dKS_neutral:R:1 pbc="T T T"
 21 23  0  0  1  0  0  0  0  0999 V2000
    5.6913    7.3459    8.8982 C   0  0  0  0  0  0  0  0  0  0  0  0
    7.2114    7.1203    8.7771 C   0  0  1  0  0  0  0  0  0  0  0  0
    7.0296    5.8626    9.5379 O   0  0  0  0  0  0  0  0  0  0  0  0
    5.7551    5.8099    8.7852 C   0  0  2  0  0  0  0  0  0  0  0  0
    6.2578    5.5302    7.3529 C   0  0  1  0  0  0  0  0  0  0  0  0
    5.3508    5.8836    6.1585 C   0  0  0  0  0  0  0  0  0  0  0  0
    6.2578    6.6939    5.2114 C   0  0  0  0  0  0  0  0  0  0  0  0
    7.1646    7.5158    6.1485 C   0  0  0  0  0  0  0  0  0  0  0  0
    7.4279    6.5831    7.3465 C   0  0  1  0  0  0  0  0  0  0  0  0
    5.4134    7.6609    9.9088 H   0  0  0  0  0  0  0  0  0  0  0  0
    5.1579    7.9341    8.1403 H   0  0  0  0  0  0  0  0  0  0  0  0
    7.9549    7.7981    9.2117 H   0  0  0  0  0  0  0  0  0  0  0  0
    5.0056    5.1442    9.2279 H   0  0  0  0  0  0  0  0  0  0  0  0
    6.6304    4.5000    7.2881 H   0  0  0  0  0  0  0  0  0  0  0  0
    4.9272    4.9938    5.6751 H   0  0  0  0  0  0  0  0  0  0  0  0
    4.5000    6.5021    6.4852 H   0  0  0  0  0  0  0  0  0  0  0  0
    6.8761    6.0031    4.6164 H   0  0  0  0  0  0  0  0  0  0  0  0
    5.6951    7.3147    4.5000 H   0  0  0  0  0  0  0  0  0  0  0  0
    8.0910    7.8408    5.6577 H   0  0  0  0  0  0  0  0  0  0  0  0
    6.6409    8.4286    6.4734 H   0  0  0  0  0  0  0  0  0  0  0  0
    8.4129    6.1039    7.2783 H   0  0  0  0  0  0  0  0  0  0  0  0
  1 10  1  0  0  0  0
  2  1  1  0  0  0  0
  2 12  1  1  0  0  0
  2  3  1  0  0  0  0
  4  1  1  0  0  0  0
  4 13  1  1  0  0  0
  4  3  1  0  0  0  0
  5 14  1  6  0  0  0
  5  4  1  0  0  0  0
  6 16  1  0  0  0  0
  6  5  1  0  0  0  0
  7  8  1  0  0  0  0
  7  6  1  0  0  0  0
  8 20  1  0  0  0  0
  8  9  1  0  0  0  0
  9 21  1  6  0  0  0
  9  5  1  0  0  0  0
  9  2  1  0  0  0  0
 11  1  1  0  0  0  0
 15  6  1  0  0  0  0
 17  7  1  0  0  0  0
 18  7  1  0  0  0  0
 19  8  1  0  0  0  0
M  END
