Lattice="13.85153856 0.0 0.0 0.0 14.88202153 0.0 0.0 0.0 15.50739934" Properties=species:S:1:pos:R:3:GW_charged:R:1:dKS_charged:R:1:dKS_neutral:R:1 pbc="T T T"
 OpenBabel12102409443D
Lattice="13.85153856 0.0 0.0 0.0 14.88202153 0.0 0.0 0.0 15.50739934" Properties=species:S:1:pos:R:3:GW_charged:R:1:dKS_charged:R:1:dKS_neutral:R:1 pbc="T T T"
 21 21  0  0  0  0  0  0  0  0999 V2000
    5.3484    9.8850   10.1060 C   0  0  0  0  0  0  0  0  0  0  0  0
    5.4974    8.3628   10.0927 C   0  0  0  0  0  0  0  0  0  0  0  0
    6.2510    7.8417    8.8668 C   0  0  0  0  0  0  0  0  0  0  0  0
    6.3999    6.3088    8.8577 C   0  0  0  0  0  0  0  0  0  0  0  0
    7.1292    5.7798    7.6749 C   0  0  0  0  0  0  0  0  0  0  0  0
    8.3661    5.2225    7.4973 C   0  0  0  0  0  0  0  0  0  0  0  0
    8.5022    4.9460    6.0982 C   0  0  0  0  0  0  0  0  0  0  0  0
    7.3393    5.3544    5.5170 C   0  0  0  0  0  0  0  0  0  0  0  0
    6.4893    5.8659    6.4601 O   0  0  0  0  0  0  0  0  0  0  0  0
    6.3294   10.3820   10.1036 H   0  0  0  0  0  0  0  0  0  0  0  0
    4.7983   10.2394    9.2223 H   0  0  0  0  0  0  0  0  0  0  0  0
    4.8042   10.2295   10.9958 H   0  0  0  0  0  0  0  0  0  0  0  0
    6.0193    8.0352   11.0074 H   0  0  0  0  0  0  0  0  0  0  0  0
    4.5000    7.8940   10.1315 H   0  0  0  0  0  0  0  0  0  0  0  0
    5.7299    8.1581    7.9495 H   0  0  0  0  0  0  0  0  0  0  0  0
    7.2536    8.2974    8.8225 H   0  0  0  0  0  0  0  0  0  0  0  0
    6.9413    5.9826    9.7582 H   0  0  0  0  0  0  0  0  0  0  0  0
    5.4000    5.8458    8.9100 H   0  0  0  0  0  0  0  0  0  0  0  0
    9.0938    5.0302    8.2782 H   0  0  0  0  0  0  0  0  0  0  0  0
    9.3515    4.5000    5.5929 H   0  0  0  0  0  0  0  0  0  0  0  0
    6.9672    5.3512    4.5000 H   0  0  0  0  0  0  0  0  0  0  0  0
  1 12  1  0  0  0  0
  2  1  1  0  0  0  0
  2 14  1  0  0  0  0
  2 13  1  0  0  0  0
  3  2  1  0  0  0  0
  4  3  1  0  0  0  0
  4 18  1  0  0  0  0
  4 17  1  0  0  0  0
  5  4  1  0  0  0  0
  6  5  2  0  0  0  0
  6 19  1  0  0  0  0
  7  6  1  0  0  0  0
  8  7  2  0  0  0  0
  8  9  1  0  0  0  0
  9  5  1  0  0  0  0
 10  1  1  0  0  0  0
 11  1  1  0  0  0  0
 15  3  1  0  0  0  0
 16  3  1  0  0  0  0
 20  7  1  0  0  0  0
 21  8  1  0  0  0  0
M  END
