Lattice="12.60070021 0.0 0.0 0.0 14.66483118 0.0 0.0 0.0 14.3833216" Properties=species:S:1:pos:R:3:GW_charged:R:1:dKS_charged:R:1:dKS_neutral:R:1 pbc="T T T"
 OpenBabel12102409263D
Lattice="12.60070021 0.0 0.0 0.0 14.66483118 0.0 0.0 0.0 14.3833216" Properties=species:S:1:pos:R:3:GW_charged:R:1:dKS_charged:R:1:dKS_neutral:R:1 pbc="T T T"
 19 18  0  0  1  0  0  0  0  0999 V2000
    5.4584    9.7330    6.4611 C   0  0  0  0  0  0  0  0  0  0  0  0
    5.5243    8.2077    6.4431 C   0  0  1  0  0  0  0  0  0  0  0  0
    6.2579    7.7307    5.2951 O   0  0  0  0  0  0  0  0  0  0  0  0
    6.2358    7.6457    7.6710 C   0  0  0  0  0  0  0  0  0  0  0  0
    6.1696    6.1252    7.7872 C   0  0  1  0  0  0  0  0  0  0  0  0
    7.0420    5.5938    8.9221 C   0  0  0  0  0  0  0  0  0  0  0  0
    4.7805    5.7942    7.9981 O   0  0  0  0  0  0  0  0  0  0  0  0
    6.4681   10.1648    6.5085 H   0  0  0  0  0  0  0  0  0  0  0  0
    4.9651   10.1175    5.5563 H   0  0  0  0  0  0  0  0  0  0  0  0
    4.8839   10.0906    7.3275 H   0  0  0  0  0  0  0  0  0  0  0  0
    4.5000    7.7951    6.4179 H   0  0  0  0  0  0  0  0  0  0  0  0
    5.7722    7.9966    4.5000 H   0  0  0  0  0  0  0  0  0  0  0  0
    7.2909    7.9596    7.6357 H   0  0  0  0  0  0  0  0  0  0  0  0
    5.7906    8.0835    8.5783 H   0  0  0  0  0  0  0  0  0  0  0  0
    6.5063    5.6902    6.8294 H   0  0  0  0  0  0  0  0  0  0  0  0
    8.1007    5.8332    8.7480 H   0  0  0  0  0  0  0  0  0  0  0  0
    6.7377    6.0316    9.8833 H   0  0  0  0  0  0  0  0  0  0  0  0
    6.9598    4.5000    9.0042 H   0  0  0  0  0  0  0  0  0  0  0  0
    4.6987    4.8289    7.9817 H   0  0  0  0  0  0  0  0  0  0  0  0
  1  8  1  0  0  0  0
  1 10  1  0  0  0  0
  2 11  1  6  0  0  0
  2  1  1  0  0  0  0
  2  4  1  0  0  0  0
  3  2  1  0  0  0  0
  4  5  1  0  0  0  0
  4 14  1  0  0  0  0
  5 15  1  6  0  0  0
  5  7  1  0  0  0  0
  5  6  1  0  0  0  0
  6 18  1  0  0  0  0
  6 17  1  0  0  0  0
  9  1  1  0  0  0  0
 12  3  1  0  0  0  0
 13  4  1  0  0  0  0
 16  6  1  0  0  0  0
 19  7  1  0  0  0  0
M  END
