Lattice="13.396553090000001 0.0 0.0 0.0 13.95783876 0.0 0.0 0.0 14.97848986" Properties=species:S:1:pos:R:3:GW_charged:R:1:dKS_charged:R:1:dKS_neutral:R:1 pbc="T T T"
 OpenBabel12102411063D
Lattice="13.396553090000001 0.0 0.0 0.0 13.95783876 0.0 0.0 0.0 14.97848986" Properties=species:S:1:pos:R:3:GW_charged:R:1:dKS_charged:R:1:dKS_neutral:R:1 pbc="T T T"
 23 25  0  0  0  0  0  0  0  0999 V2000
    6.9770    8.9340    8.5198 C   0  0  0  0  0  0  0  0  0  0  0  0
    8.2983    8.1947    8.5490 C   0  0  0  0  0  0  0  0  0  0  0  0
    7.0097    7.4311    8.5531 C   0  0  0  0  0  0  0  0  0  0  0  0
    6.3933    6.5586    9.6516 C   0  0  0  0  0  0  0  0  0  0  0  0
    5.4941    5.9198    8.5559 C   0  0  0  0  0  0  0  0  0  0  0  0
    6.4373    6.5114    7.4674 C   0  0  0  0  0  0  0  0  0  0  0  0
    5.8739    6.9488    6.0957 C   0  0  0  0  0  0  0  0  0  0  0  0
    6.3960    5.6156    5.4975 C   0  0  0  0  0  0  0  0  0  0  0  0
    7.3413    5.4897    6.7198 C   0  0  0  0  0  0  0  0  0  0  0  0
    6.6597    9.4578    9.4218 H   0  0  0  0  0  0  0  0  0  0  0  0
    6.6880    9.4251    7.5901 H   0  0  0  0  0  0  0  0  0  0  0  0
    8.8966    8.1864    7.6368 H   0  0  0  0  0  0  0  0  0  0  0  0
    8.8837    8.2191    9.4682 H   0  0  0  0  0  0  0  0  0  0  0  0
    7.1153    5.8433   10.0707 H   0  0  0  0  0  0  0  0  0  0  0  0
    5.8867    7.0737   10.4785 H   0  0  0  0  0  0  0  0  0  0  0  0
    5.3730    4.8284    8.5714 H   0  0  0  0  0  0  0  0  0  0  0  0
    4.5000    6.3865    8.5225 H   0  0  0  0  0  0  0  0  0  0  0  0
    4.7981    7.1634    6.0392 H   0  0  0  0  0  0  0  0  0  0  0  0
    6.4233    7.8127    5.6920 H   0  0  0  0  0  0  0  0  0  0  0  0
    5.6198    4.8392    5.5022 H   0  0  0  0  0  0  0  0  0  0  0  0
    6.8516    5.6456    4.5000 H   0  0  0  0  0  0  0  0  0  0  0  0
    8.3332    5.9160    6.5112 H   0  0  0  0  0  0  0  0  0  0  0  0
    7.4753    4.5000    7.1773 H   0  0  0  0  0  0  0  0  0  0  0  0
  1  2  1  0  0  0  0
  1  3  1  0  0  0  0
  1 10  1  0  0  0  0
  2  3  1  0  0  0  0
  2 13  1  0  0  0  0
  3  4  1  0  0  0  0
  4 14  1  0  0  0  0
  4 15  1  0  0  0  0
  5 16  1  0  0  0  0
  5  4  1  0  0  0  0
  6  3  1  0  0  0  0
  6  5  1  0  0  0  0
  7  6  1  0  0  0  0
  8 20  1  0  0  0  0
  8  7  1  0  0  0  0
  8  9  1  0  0  0  0
  9 23  1  0  0  0  0
  9  6  1  0  0  0  0
 11  1  1  0  0  0  0
 12  2  1  0  0  0  0
 17  5  1  0  0  0  0
 18  7  1  0  0  0  0
 19  7  1  0  0  0  0
 21  8  1  0  0  0  0
 22  9  1  0  0  0  0
M  END
