Lattice="13.88689107 0.0 0.0 0.0 15.07023292 0.0 0.0 0.0 13.63632523" Properties=species:S:1:pos:R:3:GW_charged:R:1:dKS_charged:R:1:dKS_neutral:R:1 pbc="T T T"
 OpenBabel12102410113D
Lattice="13.88689107 0.0 0.0 0.0 15.07023292 0.0 0.0 0.0 13.63632523" Properties=species:S:1:pos:R:3:GW_charged:R:1:dKS_charged:R:1:dKS_neutral:R:1 pbc="T T T"
 19 20  0  0  1  0  0  0  0  0999 V2000
    6.7612    5.5117    5.6378 C   0  0  0  0  0  0  0  0  0  0  0  0
    6.3946    6.6592    5.5161 C   0  0  0  0  0  0  0  0  0  0  0  0
    5.9304    8.0421    5.3544 C   0  0  1  0  0  0  0  0  0  0  0  0
    5.2739    8.6262    6.6319 C   0  0  0  0  0  0  0  0  0  0  0  0
    6.4221    9.3479    7.3414 C   0  0  1  0  0  0  0  0  0  0  0  0
    7.4397    8.4903    8.1534 C   0  0  0  0  0  0  0  0  0  0  0  0
    8.5186    8.7226    7.0570 C   0  0  0  0  0  0  0  0  0  0  0  0
    7.4948    9.5492    6.2266 C   0  0  1  0  0  0  0  0  0  0  0  0
    6.9986    8.9522    5.0253 O   0  0  0  0  0  0  0  0  0  0  0  0
    7.0930    4.5000    5.7399 H   0  0  0  0  0  0  0  0  0  0  0  0
    5.2371    8.0691    4.5000 H   0  0  0  0  0  0  0  0  0  0  0  0
    4.5000    9.3452    6.3314 H   0  0  0  0  0  0  0  0  0  0  0  0
    4.8029    7.8486    7.2452 H   0  0  0  0  0  0  0  0  0  0  0  0
    6.0791   10.2554    7.8520 H   0  0  0  0  0  0  0  0  0  0  0  0
    7.6878    8.9086    9.1363 H   0  0  0  0  0  0  0  0  0  0  0  0
    7.1422    7.4430    8.2900 H   0  0  0  0  0  0  0  0  0  0  0  0
    9.3869    9.3077    7.3860 H   0  0  0  0  0  0  0  0  0  0  0  0
    8.8760    7.8228    6.5435 H   0  0  0  0  0  0  0  0  0  0  0  0
    7.8000   10.5702    5.9637 H   0  0  0  0  0  0  0  0  0  0  0  0
  1 10  1  0  0  0  0
  2  1  3  0  0  0  0
  3 11  1  6  0  0  0
  3  2  1  0  0  0  0
  3  4  1  0  0  0  0
  4 13  1  0  0  0  0
  4  5  1  0  0  0  0
  5 14  1  1  0  0  0
  5  6  1  0  0  0  0
  6 16  1  0  0  0  0
  6 15  1  0  0  0  0
  7 17  1  0  0  0  0
  7  6  1  0  0  0  0
  8 19  1  6  0  0  0
  8  7  1  0  0  0  0
  8  5  1  0  0  0  0
  9  3  1  0  0  0  0
  9  8  1  0  0  0  0
 12  4  1  0  0  0  0
 18  7  1  0  0  0  0
M  END
