Lattice="13.026515960000001 0.0 0.0 0.0 14.28830132 0.0 0.0 0.0 12.20958409" Properties=species:S:1:pos:R:3:GW_charged:R:1:dKS_charged:R:1:dKS_neutral:R:1 pbc="T T T"
 OpenBabel12102409373D
Lattice="13.026515960000001 0.0 0.0 0.0 14.28830132 0.0 0.0 0.0 12.20958409" Properties=species:S:1:pos:R:3:GW_charged:R:1:dKS_charged:R:1:dKS_neutral:R:1 pbc="T T T"
 17 18  0  0  1  0  0  0  0  0999 V2000
    5.3226    9.2343    5.5250 C   0  0  0  0  0  0  0  0  0  0  0  0
    5.5322    7.7390    5.6118 C   0  0  1  0  0  0  0  0  0  0  0  0
    6.5983    7.2332    4.7284 O   0  0  0  0  0  0  0  0  0  0  0  0
    7.1741    6.4991    5.8375 C   0  0  1  0  0  0  0  0  0  0  0  0
    7.6744    5.1215    5.5610 C   0  0  0  0  0  0  0  0  0  0  0  0
    7.6704    7.4603    6.8733 C   0  0  0  0  0  0  0  0  0  0  0  0
    6.1941    7.0988    6.8284 C   0  0  1  0  0  0  0  0  0  0  0  0
    6.2250    9.7883    5.8135 H   0  0  0  0  0  0  0  0  0  0  0  0
    5.0542    9.5247    4.5000 H   0  0  0  0  0  0  0  0  0  0  0  0
    4.5000    9.5348    6.1898 H   0  0  0  0  0  0  0  0  0  0  0  0
    4.6003    7.2053    5.3583 H   0  0  0  0  0  0  0  0  0  0  0  0
    8.5265    5.1575    4.8659 H   0  0  0  0  0  0  0  0  0  0  0  0
    8.0150    4.6418    6.4877 H   0  0  0  0  0  0  0  0  0  0  0  0
    6.8891    4.5000    5.1097 H   0  0  0  0  0  0  0  0  0  0  0  0
    8.2086    7.0132    7.7096 H   0  0  0  0  0  0  0  0  0  0  0  0
    8.0219    8.4498    6.5759 H   0  0  0  0  0  0  0  0  0  0  0  0
    5.6732    6.6418    7.6667 H   0  0  0  0  0  0  0  0  0  0  0  0
  1  2  1  0  0  0  0
  1  8  1  0  0  0  0
  1 10  1  0  0  0  0
  2 11  1  6  0  0  0
  2  7  1  0  0  0  0
  3  2  1  0  0  0  0
  3  4  1  0  0  0  0
  4  5  1  6  0  0  0
  4  7  1  0  0  0  0
  4  6  1  0  0  0  0
  5 13  1  0  0  0  0
  6 15  1  0  0  0  0
  7  6  1  0  0  0  0
  7 17  1  1  0  0  0
  9  1  1  0  0  0  0
 12  5  1  0  0  0  0
 14  5  1  0  0  0  0
 16  6  1  0  0  0  0
M  END
