Lattice="14.44979644 0.0 0.0 0.0 12.8350051 0.0 0.0 0.0 14.42338225" Properties=species:S:1:pos:R:3:GW_charged:R:1:dKS_charged:R:1:dKS_neutral:R:1 pbc="T T T"
 OpenBabel12102409443D
Lattice="14.44979644 0.0 0.0 0.0 12.8350051 0.0 0.0 0.0 14.42338225" Properties=species:S:1:pos:R:3:GW_charged:R:1:dKS_charged:R:1:dKS_neutral:R:1 pbc="T T T"
 19 19  0  0  0  0  0  0  0  0999 V2000
    6.0781    7.9190    5.3863 C   0  0  0  0  0  0  0  0  0  0  0  0
    6.1303    6.3813    5.4120 C   0  0  0  0  0  0  0  0  0  0  0  0
    6.8482    5.8270    6.6198 C   0  0  0  0  0  0  0  0  0  0  0  0
    8.2011    5.4717    6.5491 C   0  0  0  0  0  0  0  0  0  0  0  0
    8.8980    4.9987    7.6603 C   0  0  0  0  0  0  0  0  0  0  0  0
    8.2316    4.8703    8.8811 C   0  0  0  0  0  0  0  0  0  0  0  0
    6.8851    5.2100    8.9824 C   0  0  0  0  0  0  0  0  0  0  0  0
    6.1983    5.6875    7.8619 C   0  0  0  0  0  0  0  0  0  0  0  0
    4.8742    6.0058    8.0397 O   0  0  0  0  0  0  0  0  0  0  0  0
    7.0939    8.3350    5.3673 H   0  0  0  0  0  0  0  0  0  0  0  0
    5.5415    8.2842    4.5000 H   0  0  0  0  0  0  0  0  0  0  0  0
    5.5787    8.3255    6.2770 H   0  0  0  0  0  0  0  0  0  0  0  0
    5.1058    5.9710    5.3419 H   0  0  0  0  0  0  0  0  0  0  0  0
    6.6375    6.0192    4.5063 H   0  0  0  0  0  0  0  0  0  0  0  0
    8.7147    5.5707    5.5904 H   0  0  0  0  0  0  0  0  0  0  0  0
    9.9498    4.7288    7.5732 H   0  0  0  0  0  0  0  0  0  0  0  0
    8.7599    4.5000    9.7598 H   0  0  0  0  0  0  0  0  0  0  0  0
    6.3445    5.1127    9.9234 H   0  0  0  0  0  0  0  0  0  0  0  0
    4.5000    6.2754    7.1856 H   0  0  0  0  0  0  0  0  0  0  0  0
  1  2  1  0  0  0  0
  1 12  1  0  0  0  0
  2  3  1  0  0  0  0
  3  8  1  0  0  0  0
  4  3  2  0  0  0  0
  4  5  1  0  0  0  0
  5  6  2  0  0  0  0
  6  7  1  0  0  0  0
  6 17  1  0  0  0  0
  7 18  1  0  0  0  0
  8  9  1  0  0  0  0
  8  7  2  0  0  0  0
 10  1  1  0  0  0  0
 11  1  1  0  0  0  0
 13  2  1  0  0  0  0
 14  2  1  0  0  0  0
 15  4  1  0  0  0  0
 16  5  1  0  0  0  0
 19  9  1  0  0  0  0
M  END
