Lattice="13.45827271 0.0 0.0 0.0 16.32369852 0.0 0.0 0.0 13.038221140000001" Properties=species:S:1:pos:R:3:GW_charged:R:1:dKS_charged:R:1:dKS_neutral:R:1 pbc="T T T"
 OpenBabel12102409453D
Lattice="13.45827271 0.0 0.0 0.0 16.32369852 0.0 0.0 0.0 13.038221140000001" Properties=species:S:1:pos:R:3:GW_charged:R:1:dKS_charged:R:1:dKS_neutral:R:1 pbc="T T T"
 19 21  0  0  1  0  0  0  0  0999 V2000
    6.9249    5.5679    6.8219 C   0  0  0  0  0  0  0  0  0  0  0  0
    6.8867    6.7799    6.7791 C   0  0  0  0  0  0  0  0  0  0  0  0
    6.8370    8.2132    6.7160 C   0  0  1  0  0  0  0  0  0  0  0  0
    5.7416    8.9492    7.5473 C   0  0  0  0  0  0  0  0  0  0  0  0
    5.5293    9.9716    6.4086 C   0  0  1  0  0  0  0  0  0  0  0  0
    6.6427   11.0435    6.3206 C   0  0  0  0  0  0  0  0  0  0  0  0
    7.5984   10.0111    5.6745 C   0  0  1  0  0  0  0  0  0  0  0  0
    8.1857    8.9957    6.6801 C   0  0  0  0  0  0  0  0  0  0  0  0
    6.3709    9.0563    5.4476 C   0  0  1  0  0  0  0  0  0  0  0  0
    6.9591    4.5000    6.8607 H   0  0  0  0  0  0  0  0  0  0  0  0
    4.8649    8.2985    7.6591 H   0  0  0  0  0  0  0  0  0  0  0  0
    6.0370    9.3236    8.5382 H   0  0  0  0  0  0  0  0  0  0  0  0
    4.5000   10.2891    6.2101 H   0  0  0  0  0  0  0  0  0  0  0  0
    6.3709   11.8237    5.5962 H   0  0  0  0  0  0  0  0  0  0  0  0
    6.9646   11.5300    7.2538 H   0  0  0  0  0  0  0  0  0  0  0  0
    8.2611   10.3608    4.8757 H   0  0  0  0  0  0  0  0  0  0  0  0
    8.5682    9.3718    7.6402 H   0  0  0  0  0  0  0  0  0  0  0  0
    8.9583    8.3766    6.2067 H   0  0  0  0  0  0  0  0  0  0  0  0
    6.0430    8.6215    4.5000 H   0  0  0  0  0  0  0  0  0  0  0  0
  1 10  1  0  0  0  0
  2  1  3  0  0  0  0
  3  2  1  6  0  0  0
  3  4  1  0  0  0  0
  4 11  1  0  0  0  0
  4 12  1  0  0  0  0
  5 13  1  6  0  0  0
  5  4  1  0  0  0  0
  6  5  1  0  0  0  0
  6 15  1  0  0  0  0
  7 16  1  6  0  0  0
  7  6  1  0  0  0  0
  7  8  1  0  0  0  0
  8  3  1  0  0  0  0
  8 17  1  0  0  0  0
  9 19  1  6  0  0  0
  9  7  1  0  0  0  0
  9  5  1  0  0  0  0
  9  3  1  0  0  0  0
 14  6  1  0  0  0  0
 18  8  1  0  0  0  0
M  END
