Lattice="13.036851500000001 0.0 0.0 0.0 13.20624761 0.0 0.0 0.0 13.43862988" Properties=species:S:1:pos:R:3:GW_charged:R:1:dKS_charged:R:1:dKS_neutral:R:1 pbc="T T T"
 OpenBabel12102411063D
Lattice="13.036851500000001 0.0 0.0 0.0 13.20624761 0.0 0.0 0.0 13.43862988" Properties=species:S:1:pos:R:3:GW_charged:R:1:dKS_charged:R:1:dKS_neutral:R:1 pbc="T T T"
 21 23  0  0  1  0  0  0  0  0999 V2000
    5.1611    7.7209    5.5682 C   0  0  0  0  0  0  0  0  0  0  0  0
    6.7086    7.7045    5.6711 C   0  0  1  0  0  0  0  0  0  0  0  0
    7.2437    7.8909    7.1034 C   0  0  0  0  0  0  0  0  0  0  0  0
    7.0476    6.5170    7.7825 C   0  0  2  0  0  0  0  0  0  0  0  0
    7.4514    5.5374    6.6639 C   0  0  0  0  0  0  0  0  0  0  0  0
    6.6850    6.1417    5.4907 C   0  0  1  0  0  0  0  0  0  0  0  0
    5.1420    6.1818    5.7742 C   0  0  1  0  0  0  0  0  0  0  0  0
    4.7953    5.7064    7.0704 O   0  0  0  0  0  0  0  0  0  0  0  0
    5.5747    6.2416    8.1520 C   0  0  0  0  0  0  0  0  0  0  0  0
    4.6050    8.3305    6.2946 H   0  0  0  0  0  0  0  0  0  0  0  0
    4.8123    7.9845    4.5607 H   0  0  0  0  0  0  0  0  0  0  0  0
    7.2507    8.3079    4.9328 H   0  0  0  0  0  0  0  0  0  0  0  0
    8.3168    8.1330    7.0741 H   0  0  0  0  0  0  0  0  0  0  0  0
    6.7401    8.7062    7.6443 H   0  0  0  0  0  0  0  0  0  0  0  0
    7.6586    6.4243    8.6916 H   0  0  0  0  0  0  0  0  0  0  0  0
    8.5369    5.5568    6.4867 H   0  0  0  0  0  0  0  0  0  0  0  0
    7.1563    4.5000    6.8758 H   0  0  0  0  0  0  0  0  0  0  0  0
    6.9486    5.7525    4.5000 H   0  0  0  0  0  0  0  0  0  0  0  0
    4.5000    5.6107    5.0922 H   0  0  0  0  0  0  0  0  0  0  0  0
    5.5159    5.4762    8.9386 H   0  0  0  0  0  0  0  0  0  0  0  0
    5.1005    7.1613    8.5444 H   0  0  0  0  0  0  0  0  0  0  0  0
  1  2  1  0  0  0  0
  1  7  1  0  0  0  0
  1 10  1  0  0  0  0
  2 12  1  6  0  0  0
  2  3  1  0  0  0  0
  3 14  1  0  0  0  0
  3  4  1  0  0  0  0
  4  9  1  0  0  0  0
  4 15  1  1  0  0  0
  5 17  1  0  0  0  0
  5  4  1  0  0  0  0
  6 18  1  6  0  0  0
  6  2  1  0  0  0  0
  6  7  1  0  0  0  0
  6  5  1  0  0  0  0
  7 19  1  6  0  0  0
  7  8  1  0  0  0  0
  8  9  1  0  0  0  0
  9 21  1  0  0  0  0
  9 20  1  0  0  0  0
 11  1  1  0  0  0  0
 13  3  1  0  0  0  0
 16  5  1  0  0  0  0
M  END
