Lattice="13.207408789999999 0.0 0.0 0.0 15.62248566 0.0 0.0 0.0 13.71299608" Properties=species:S:1:pos:R:3:GW_charged:R:1:dKS_charged:R:1:dKS_neutral:R:1 pbc="T T T"
 OpenBabel12102409453D
Lattice="13.207408789999999 0.0 0.0 0.0 15.62248566 0.0 0.0 0.0 13.71299608" Properties=species:S:1:pos:R:3:GW_charged:R:1:dKS_charged:R:1:dKS_neutral:R:1 pbc="T T T"
 19 21  0  0  1  0  0  0  0  0999 V2000
    6.4552    5.5684    7.2168 C   0  0  0  0  0  0  0  0  0  0  0  0
    6.4606    6.7826    7.1814 C   0  0  0  0  0  0  0  0  0  0  0  0
    6.4931    8.1958    7.1458 C   0  0  1  0  0  0  0  0  0  0  0  0
    5.7638    9.2582    7.9916 C   0  0  1  0  0  0  0  0  0  0  0  0
    7.0719   10.0078    8.2253 C   0  0  0  0  0  0  0  0  0  0  0  0
    7.7384    9.1458    7.1065 C   0  0  2  0  0  0  0  0  0  0  0  0
    7.6617    9.8361    5.7429 C   0  0  0  0  0  0  0  0  0  0  0  0
    6.1427   10.0782    5.5311 C   0  0  0  0  0  0  0  0  0  0  0  0
    5.4706    9.1225    6.5125 C   0  0  1  0  0  0  0  0  0  0  0  0
    6.4437    4.5000    7.2473 H   0  0  0  0  0  0  0  0  0  0  0  0
    4.9867    9.0746    8.7326 H   0  0  0  0  0  0  0  0  0  0  0  0
    7.0737   11.1002    8.0845 H   0  0  0  0  0  0  0  0  0  0  0  0
    7.4894    9.7767    9.2130 H   0  0  0  0  0  0  0  0  0  0  0  0
    8.7074    8.7013    7.3533 H   0  0  0  0  0  0  0  0  0  0  0  0
    8.2477   10.7658    5.7135 H   0  0  0  0  0  0  0  0  0  0  0  0
    8.0575    9.1683    4.9635 H   0  0  0  0  0  0  0  0  0  0  0  0
    5.8610   11.1225    5.7323 H   0  0  0  0  0  0  0  0  0  0  0  0
    5.8366    9.8586    4.5000 H   0  0  0  0  0  0  0  0  0  0  0  0
    4.5000    8.6919    6.2715 H   0  0  0  0  0  0  0  0  0  0  0  0
  1 10  1  0  0  0  0
  2  1  3  0  0  0  0
  3  2  1  1  0  0  0
  3  4  1  0  0  0  0
  4  5  1  0  0  0  0
  4 11  1  1  0  0  0
  5 13  1  0  0  0  0
  6  3  1  0  0  0  0
  6 14  1  1  0  0  0
  6  5  1  0  0  0  0
  7  6  1  0  0  0  0
  8 17  1  0  0  0  0
  8  7  1  0  0  0  0
  8  9  1  0  0  0  0
  9 19  1  6  0  0  0
  9  3  1  0  0  0  0
  9  4  1  0  0  0  0
 12  5  1  0  0  0  0
 15  7  1  0  0  0  0
 16  7  1  0  0  0  0
 18  8  1  0  0  0  0
M  END
