Lattice="13.405674789999999 0.0 0.0 0.0 12.85273061 0.0 0.0 0.0 13.24966254" Properties=species:S:1:pos:R:3:GW_charged:R:1:dKS_charged:R:1:dKS_neutral:R:1 pbc="T T T"
 OpenBabel12102409403D
Lattice="13.405674789999999 0.0 0.0 0.0 12.85273061 0.0 0.0 0.0 13.24966254" Properties=species:S:1:pos:R:3:GW_charged:R:1:dKS_charged:R:1:dKS_neutral:R:1 pbc="T T T"
 18 17  0  0  0  0  0  0  0  0999 V2000
    7.4661    7.8289    6.6639 C   0  0  0  0  0  0  0  0  0  0  0  0
    7.2096    6.3203    6.6030 C   0  0  0  0  0  0  0  0  0  0  0  0
    7.8299    5.5884    7.8110 C   0  0  0  0  0  0  0  0  0  0  0  0
    5.6874    5.9759    6.4775 C   0  0  0  0  0  0  0  0  0  0  0  0
    4.8863    6.4424    7.6701 C   0  0  0  0  0  0  0  0  0  0  0  0
    4.5000    5.7123    8.5589 O   0  0  0  0  0  0  0  0  0  0  0  0
    7.8413    5.7136    5.3492 C   0  0  0  0  0  0  0  0  0  0  0  0
    8.4497    6.3245    4.5000 O   0  0  0  0  0  0  0  0  0  0  0  0
    8.5420    8.0349    6.6024 H   0  0  0  0  0  0  0  0  0  0  0  0
    6.9868    8.3527    5.8268 H   0  0  0  0  0  0  0  0  0  0  0  0
    7.0930    8.2580    7.6028 H   0  0  0  0  0  0  0  0  0  0  0  0
    7.3628    5.9131    8.7497 H   0  0  0  0  0  0  0  0  0  0  0  0
    7.6963    4.5000    7.7372 H   0  0  0  0  0  0  0  0  0  0  0  0
    8.9057    5.8000    7.8750 H   0  0  0  0  0  0  0  0  0  0  0  0
    5.2901    6.4681    5.5747 H   0  0  0  0  0  0  0  0  0  0  0  0
    5.5570    4.8885    6.3809 H   0  0  0  0  0  0  0  0  0  0  0  0
    4.6651    7.5389    7.7046 H   0  0  0  0  0  0  0  0  0  0  0  0
    7.6966    4.6034    5.2647 H   0  0  0  0  0  0  0  0  0  0  0  0
  1 11  1  0  0  0  0
  2  1  1  0  0  0  0
  2  3  1  0  0  0  0
  3 14  1  0  0  0  0
  3 12  1  0  0  0  0
  4  2  1  0  0  0  0
  4  5  1  0  0  0  0
  5 17  1  0  0  0  0
  5  6  2  0  0  0  0
  7  2  1  0  0  0  0
  8  7  2  0  0  0  0
  9  1  1  0  0  0  0
 10  1  1  0  0  0  0
 13  3  1  0  0  0  0
 15  4  1  0  0  0  0
 16  4  1  0  0  0  0
 18  7  1  0  0  0  0
M  END
