Lattice="13.958023279999999 0.0 0.0 0.0 14.27418325 0.0 0.0 0.0 15.53510433" Properties=species:S:1:pos:R:3:GW_charged:R:1:dKS_charged:R:1:dKS_neutral:R:1 pbc="T T T"
 OpenBabel12102409403D
Lattice="13.958023279999999 0.0 0.0 0.0 14.27418325 0.0 0.0 0.0 15.53510433" Properties=species:S:1:pos:R:3:GW_charged:R:1:dKS_charged:R:1:dKS_neutral:R:1 pbc="T T T"
 22 21  0  0  0  0  0  0  0  0999 V2000
    5.4733    9.3502   10.1255 C   0  0  0  0  0  0  0  0  0  0  0  0
    5.5244    7.8140   10.0628 C   0  0  0  0  0  0  0  0  0  0  0  0
    6.2019    7.3104    8.8732 C   0  0  0  0  0  0  0  0  0  0  0  0
    6.7712    6.9238    7.8728 C   0  0  0  0  0  0  0  0  0  0  0  0
    7.4581    6.4475    6.6650 C   0  0  0  0  0  0  0  0  0  0  0  0
    7.4751    4.9017    6.6644 C   0  0  0  0  0  0  0  0  0  0  0  0
    6.7069    6.9603    5.4150 C   0  0  0  0  0  0  0  0  0  0  0  0
    8.9079    6.9840    6.6573 C   0  0  0  0  0  0  0  0  0  0  0  0
    6.4855    9.7742   10.1293 H   0  0  0  0  0  0  0  0  0  0  0  0
    4.9416    9.7585    9.2566 H   0  0  0  0  0  0  0  0  0  0  0  0
    4.9557    9.6834   11.0351 H   0  0  0  0  0  0  0  0  0  0  0  0
    6.0305    7.4236   10.9609 H   0  0  0  0  0  0  0  0  0  0  0  0
    4.5000    7.4080   10.0959 H   0  0  0  0  0  0  0  0  0  0  0  0
    6.4536    4.5000    6.6745 H   0  0  0  0  0  0  0  0  0  0  0  0
    7.9863    4.5271    5.7657 H   0  0  0  0  0  0  0  0  0  0  0  0
    8.0007    4.5166    7.5478 H   0  0  0  0  0  0  0  0  0  0  0  0
    6.6793    8.0576    5.3990 H   0  0  0  0  0  0  0  0  0  0  0  0
    7.2081    6.6126    4.5000 H   0  0  0  0  0  0  0  0  0  0  0  0
    5.6722    6.5940    5.4038 H   0  0  0  0  0  0  0  0  0  0  0  0
    9.4580    6.6347    7.5407 H   0  0  0  0  0  0  0  0  0  0  0  0
    9.4380    6.6367    5.7587 H   0  0  0  0  0  0  0  0  0  0  0  0
    8.9179    8.0817    6.6626 H   0  0  0  0  0  0  0  0  0  0  0  0
  1  9  1  0  0  0  0
  1 11  1  0  0  0  0
  2 13  1  0  0  0  0
  2  1  1  0  0  0  0
  2 12  1  0  0  0  0
  3  2  1  0  0  0  0
  4  3  3  0  0  0  0
  5  4  1  0  0  0  0
  6  5  1  0  0  0  0
  6 14  1  0  0  0  0
  6 16  1  0  0  0  0
  7  5  1  0  0  0  0
  8 22  1  0  0  0  0
  8  5  1  0  0  0  0
  8 20  1  0  0  0  0
 10  1  1  0  0  0  0
 15  6  1  0  0  0  0
 17  7  1  0  0  0  0
 18  7  1  0  0  0  0
 19  7  1  0  0  0  0
 21  8  1  0  0  0  0
M  END
