Lattice="13.04429414 0.0 0.0 0.0 14.133973919999999 0.0 0.0 0.0 13.92921292" Properties=species:S:1:pos:R:3:GW_charged:R:1:dKS_charged:R:1:dKS_neutral:R:1 pbc="T T T"
 OpenBabel12102409403D
Lattice="13.04429414 0.0 0.0 0.0 14.133973919999999 0.0 0.0 0.0 13.92921292" Properties=species:S:1:pos:R:3:GW_charged:R:1:dKS_charged:R:1:dKS_neutral:R:1 pbc="T T T"
 20 19  0  0  0  0  0  0  0  0999 V2000
    6.6387    9.1465    7.3850 C   0  0  0  0  0  0  0  0  0  0  0  0
    6.5129    7.6186    7.2905 C   0  0  0  0  0  0  0  0  0  0  0  0
    7.2051    6.9616    8.4993 C   0  0  0  0  0  0  0  0  0  0  0  0
    5.0160    7.2231    7.2695 C   0  0  0  0  0  0  0  0  0  0  0  0
    7.0977    7.1496    5.9349 C   0  0  0  0  0  0  0  0  0  0  0  0
    7.0995    7.8673    4.9554 O   0  0  0  0  0  0  0  0  0  0  0  0
    7.6344    5.7209    5.8551 C   0  0  0  0  0  0  0  0  0  0  0  0
    7.9031    5.3832    4.5096 O   0  0  0  0  0  0  0  0  0  0  0  0
    7.6922    9.4562    7.4209 H   0  0  0  0  0  0  0  0  0  0  0  0
    6.1790    9.6340    6.5180 H   0  0  0  0  0  0  0  0  0  0  0  0
    6.1451    9.5088    8.2975 H   0  0  0  0  0  0  0  0  0  0  0  0
    6.7639    7.3474    9.4292 H   0  0  0  0  0  0  0  0  0  0  0  0
    7.0855    5.8697    8.5168 H   0  0  0  0  0  0  0  0  0  0  0  0
    8.2795    7.1916    8.5264 H   0  0  0  0  0  0  0  0  0  0  0  0
    4.5000    7.6905    6.4209 H   0  0  0  0  0  0  0  0  0  0  0  0
    4.8780    6.1350    7.1978 H   0  0  0  0  0  0  0  0  0  0  0  0
    4.5302    7.5611    8.1961 H   0  0  0  0  0  0  0  0  0  0  0  0
    8.5443    5.6754    6.4854 H   0  0  0  0  0  0  0  0  0  0  0  0
    6.8959    5.0380    6.3182 H   0  0  0  0  0  0  0  0  0  0  0  0
    8.3005    4.5000    4.5000 H   0  0  0  0  0  0  0  0  0  0  0  0
  1  9  1  0  0  0  0
  1 11  1  0  0  0  0
  2  1  1  0  0  0  0
  2  3  1  0  0  0  0
  3 13  1  0  0  0  0
  3 14  1  0  0  0  0
  3 12  1  0  0  0  0
  4  2  1  0  0  0  0
  4 17  1  0  0  0  0
  5  2  1  0  0  0  0
  6  5  2  0  0  0  0
  7  5  1  0  0  0  0
  7 19  1  0  0  0  0
  7 18  1  0  0  0  0
  8  7  1  0  0  0  0
 10  1  1  0  0  0  0
 15  4  1  0  0  0  0
 16  4  1  0  0  0  0
 20  8  1  0  0  0  0
M  END
