Lattice="12.98632004 0.0 0.0 0.0 15.60374835 0.0 0.0 0.0 11.26176047" Properties=species:S:1:pos:R:3:GW_charged:R:1:dKS_charged:R:1:dKS_neutral:R:1 pbc="T T T"
 OpenBabel12102409273D
Lattice="12.98632004 0.0 0.0 0.0 15.60374835 0.0 0.0 0.0 11.26176047" Properties=species:S:1:pos:R:3:GW_charged:R:1:dKS_charged:R:1:dKS_neutral:R:1 pbc="T T T"
 15 14  0  0  0  0  0  0  0  0999 V2000
    7.4962   10.6856    5.6174 C   0  0  0  0  0  0  0  0  0  0  0  0
    7.6098    9.2773    5.4959 O   0  0  0  0  0  0  0  0  0  0  0  0
    6.3983    8.6227    5.7505 C   0  0  0  0  0  0  0  0  0  0  0  0
    6.5815    7.1064    5.7038 C   0  0  0  0  0  0  0  0  0  0  0  0
    7.6597    6.5656    5.7830 O   0  0  0  0  0  0  0  0  0  0  0  0
    5.2698    6.3378    5.5518 C   0  0  0  0  0  0  0  0  0  0  0  0
    5.4633    4.9779    5.8739 O   0  0  0  0  0  0  0  0  0  0  0  0
    8.4863   11.1037    5.4053 H   0  0  0  0  0  0  0  0  0  0  0  0
    6.7671   11.1017    4.8975 H   0  0  0  0  0  0  0  0  0  0  0  0
    7.1899   10.9817    6.6377 H   0  0  0  0  0  0  0  0  0  0  0  0
    6.0047    8.8705    6.7618 H   0  0  0  0  0  0  0  0  0  0  0  0
    5.6068    8.9244    5.0306 H   0  0  0  0  0  0  0  0  0  0  0  0
    4.5000    6.8196    6.1877 H   0  0  0  0  0  0  0  0  0  0  0  0
    4.9467    6.4801    4.5000 H   0  0  0  0  0  0  0  0  0  0  0  0
    4.6465    4.5000    5.6685 H   0  0  0  0  0  0  0  0  0  0  0  0
  1 10  1  0  0  0  0
  2  1  1  0  0  0  0
  2  3  1  0  0  0  0
  3 11  1  0  0  0  0
  4  3  1  0  0  0  0
  4  5  2  0  0  0  0
  6  4  1  0  0  0  0
  6  7  1  0  0  0  0
  6 13  1  0  0  0  0
  8  1  1  0  0  0  0
  9  1  1  0  0  0  0
 12  3  1  0  0  0  0
 14  6  1  0  0  0  0
 15  7  1  0  0  0  0
M  END
