Lattice="13.849202609999999 0.0 0.0 0.0 13.79032927 0.0 0.0 0.0 12.051723299999999" Properties=species:S:1:pos:R:3:GW_charged:R:1:dKS_charged:R:1:dKS_neutral:R:1 pbc="T T T"
 OpenBabel12102409273D
Lattice="13.849202609999999 0.0 0.0 0.0 13.79032927 0.0 0.0 0.0 12.051723299999999" Properties=species:S:1:pos:R:3:GW_charged:R:1:dKS_charged:R:1:dKS_neutral:R:1 pbc="T T T"
 15 14  0  0  0  0  0  0  0  0999 V2000
    8.4199    8.7401    6.6467 C   0  0  0  0  0  0  0  0  0  0  0  0
    8.1513    7.2615    6.3987 C   0  0  0  0  0  0  0  0  0  0  0  0
    6.8926    6.9776    5.6039 C   0  0  0  0  0  0  0  0  0  0  0  0
    6.1849    7.8443    5.1272 O   0  0  0  0  0  0  0  0  0  0  0  0
    6.5092    5.4907    5.4762 C   0  0  0  0  0  0  0  0  0  0  0  0
    5.5100    5.1650    6.5729 C   0  0  0  0  0  0  0  0  0  0  0  0
    5.7706    4.5000    7.5517 O   0  0  0  0  0  0  0  0  0  0  0  0
    9.3492    8.8731    7.2146 H   0  0  0  0  0  0  0  0  0  0  0  0
    8.5109    9.2903    5.7021 H   0  0  0  0  0  0  0  0  0  0  0  0
    7.6017    9.2010    7.2141 H   0  0  0  0  0  0  0  0  0  0  0  0
    8.9875    6.7846    5.8572 H   0  0  0  0  0  0  0  0  0  0  0  0
    8.0769    6.6909    7.3415 H   0  0  0  0  0  0  0  0  0  0  0  0
    6.0235    5.3608    4.5000 H   0  0  0  0  0  0  0  0  0  0  0  0
    7.3789    4.8317    5.5800 H   0  0  0  0  0  0  0  0  0  0  0  0
    4.5000    5.6201    6.4320 H   0  0  0  0  0  0  0  0  0  0  0  0
  1 10  1  0  0  0  0
  1  8  1  0  0  0  0
  2  1  1  0  0  0  0
  2 12  1  0  0  0  0
  3  2  1  0  0  0  0
  4  3  2  0  0  0  0
  5 14  1  0  0  0  0
  5  3  1  0  0  0  0
  5  6  1  0  0  0  0
  6  7  2  0  0  0  0
  9  1  1  0  0  0  0
 11  2  1  0  0  0  0
 13  5  1  0  0  0  0
 15  6  1  0  0  0  0
M  END
