Lattice="13.24708094 0.0 0.0 0.0 16.4722319 0.0 0.0 0.0 13.10922684" Properties=species:S:1:pos:R:3:GW_charged:R:1:dKS_charged:R:1:dKS_neutral:R:1 pbc="T T T"
 OpenBabel12102410113D
Lattice="13.24708094 0.0 0.0 0.0 16.4722319 0.0 0.0 0.0 13.10922684" Properties=species:S:1:pos:R:3:GW_charged:R:1:dKS_charged:R:1:dKS_neutral:R:1 pbc="T T T"
 19 20  0  0  1  0  0  0  0  0999 V2000
    6.3643    5.5695    5.8827 C   0  0  0  0  0  0  0  0  0  0  0  0
    6.3718    6.7790    5.8684 C   0  0  0  0  0  0  0  0  0  0  0  0
    6.3316    8.2354    5.8844 C   0  0  1  0  0  0  0  0  0  0  0  0
    5.5673    8.7765    7.1090 C   0  0  0  0  0  0  0  0  0  0  0  0
    5.7723   10.2773    7.2809 C   0  0  1  0  0  0  0  0  0  0  0  0
    7.0161   10.7912    7.9729 C   0  0  0  0  0  0  0  0  0  0  0  0
    6.8676   10.9669    6.4872 C   0  0  1  0  0  0  0  0  0  0  0  0
    7.6883   10.1267    5.5319 C   0  0  0  0  0  0  0  0  0  0  0  0
    7.6790    8.7361    5.8602 O   0  0  0  0  0  0  0  0  0  0  0  0
    6.3705    4.5000    5.8858 H   0  0  0  0  0  0  0  0  0  0  0  0
    5.8186    8.5817    4.9623 H   0  0  0  0  0  0  0  0  0  0  0  0
    4.5000    8.5515    6.9780 H   0  0  0  0  0  0  0  0  0  0  0  0
    5.9024    8.2269    8.0001 H   0  0  0  0  0  0  0  0  0  0  0  0
    4.8617   10.8530    7.4451 H   0  0  0  0  0  0  0  0  0  0  0  0
    6.9298   11.6704    8.6092 H   0  0  0  0  0  0  0  0  0  0  0  0
    7.7288   10.0416    8.3186 H   0  0  0  0  0  0  0  0  0  0  0  0
    6.6534   11.9722    6.1211 H   0  0  0  0  0  0  0  0  0  0  0  0
    7.3065   10.2620    4.5000 H   0  0  0  0  0  0  0  0  0  0  0  0
    8.7471   10.4212    5.5455 H   0  0  0  0  0  0  0  0  0  0  0  0
  1 10  1  0  0  0  0
  2  1  3  0  0  0  0
  2  3  1  0  0  0  0
  3 11  1  6  0  0  0
  3  4  1  0  0  0  0
  4  5  1  0  0  0  0
  4 13  1  0  0  0  0
  5 14  1  1  0  0  0
  5  6  1  0  0  0  0
  6 16  1  0  0  0  0
  6 15  1  0  0  0  0
  7 17  1  6  0  0  0
  7  5  1  0  0  0  0
  7  6  1  0  0  0  0
  8 19  1  0  0  0  0
  8  9  1  0  0  0  0
  8  7  1  0  0  0  0
  9  3  1  0  0  0  0
 12  4  1  0  0  0  0
 18  8  1  0  0  0  0
M  END
