Lattice="14.472393929999999 0.0 0.0 0.0 15.09241392 0.0 0.0 0.0 13.096500500000001" Properties=species:S:1:pos:R:3:GW_charged:R:1:dKS_charged:R:1:dKS_neutral:R:1 pbc="T T T"
 OpenBabel12102410123D
Lattice="14.472393929999999 0.0 0.0 0.0 15.09241392 0.0 0.0 0.0 13.096500500000001" Properties=species:S:1:pos:R:3:GW_charged:R:1:dKS_charged:R:1:dKS_neutral:R:1 pbc="T T T"
 21 23  0  0  1  0  0  0  0  0999 V2000
    6.5699    7.8366    6.5770 C   0  0  0  0  0  0  0  0  0  0  0  0
    6.5167    6.3329    6.4100 C   0  0  0  0  0  0  0  0  0  0  0  0
    6.6161    5.4288    7.6156 C   0  0  0  0  0  0  0  0  0  0  0  0
    5.3107    5.5502    6.8631 C   0  0  0  0  0  0  0  0  0  0  0  0
    7.9927    8.3704    6.6954 C   0  0  1  0  0  0  0  0  0  0  0  0
    8.9569    8.3063    5.4477 C   0  0  0  0  0  0  0  0  0  0  0  0
    9.1222    9.8252    5.5552 C   0  0  1  0  0  0  0  0  0  0  0  0
    7.8119   10.4089    5.4149 O   0  0  0  0  0  0  0  0  0  0  0  0
    8.1997    9.8960    6.7058 C   0  0  1  0  0  0  0  0  0  0  0  0
    6.0692    8.3275    5.7277 H   0  0  0  0  0  0  0  0  0  0  0  0
    6.0035    8.1221    7.4803 H   0  0  0  0  0  0  0  0  0  0  0  0
    7.0033    5.9617    5.5049 H   0  0  0  0  0  0  0  0  0  0  0  0
    7.1780    4.5000    7.5304 H   0  0  0  0  0  0  0  0  0  0  0  0
    6.6807    5.9006    8.5965 H   0  0  0  0  0  0  0  0  0  0  0  0
    4.5000    6.1021    7.3385 H   0  0  0  0  0  0  0  0  0  0  0  0
    4.9812    4.7050    6.2609 H   0  0  0  0  0  0  0  0  0  0  0  0
    8.4954    7.9194    7.5648 H   0  0  0  0  0  0  0  0  0  0  0  0
    9.8759    7.7440    5.6538 H   0  0  0  0  0  0  0  0  0  0  0  0
    8.5215    7.9615    4.5000 H   0  0  0  0  0  0  0  0  0  0  0  0
    9.9724   10.4526    5.2899 H   0  0  0  0  0  0  0  0  0  0  0  0
    8.1541   10.5924    7.5432 H   0  0  0  0  0  0  0  0  0  0  0  0
  1  5  1  0  0  0  0
  1 11  1  0  0  0  0
  2  1  1  0  0  0  0
  2  4  1  0  0  0  0
  2  3  1  0  0  0  0
  3 14  1  0  0  0  0
  4 15  1  0  0  0  0
  4  3  1  0  0  0  0
  5  9  1  0  0  0  0
  5 17  1  1  0  0  0
  6  7  1  0  0  0  0
  6 18  1  0  0  0  0
  6  5  1  0  0  0  0
  7 20  1  6  0  0  0
  7  9  1  0  0  0  0
  8  7  1  0  0  0  0
  8  9  1  0  0  0  0
  9 21  1  1  0  0  0
 10  1  1  0  0  0  0
 12  2  1  0  0  0  0
 13  3  1  0  0  0  0
 16  4  1  0  0  0  0
 19  6  1  0  0  0  0
M  END
