Lattice="12.54764635 0.0 0.0 0.0 14.53426174 0.0 0.0 0.0 13.36486237" Properties=species:S:1:pos:R:3:GW_charged:R:1:dKS_charged:R:1:dKS_neutral:R:1 pbc="T T T"
 OpenBabel12102409373D
Lattice="12.54764635 0.0 0.0 0.0 14.53426174 0.0 0.0 0.0 13.36486237" Properties=species:S:1:pos:R:3:GW_charged:R:1:dKS_charged:R:1:dKS_neutral:R:1 pbc="T T T"
 19 19  0  0  1  0  0  0  0  0999 V2000
    5.4925    9.6202    6.7232 C   0  0  0  0  0  0  0  0  0  0  0  0
    5.5368    8.1037    6.6521 C   0  0  1  0  0  0  0  0  0  0  0  0
    6.2153    7.5751    5.3828 C   0  0  0  0  0  0  0  0  0  0  0  0
    6.3400    6.0472    5.4162 C   0  0  0  0  0  0  0  0  0  0  0  0
    6.9903    5.5965    6.7290 C   0  0  0  0  0  0  0  0  0  0  0  0
    6.2678    6.2276    7.9174 C   0  0  0  0  0  0  0  0  0  0  0  0
    6.2266    7.6508    7.8273 O   0  0  0  0  0  0  0  0  0  0  0  0
    6.5101   10.0343    6.7056 H   0  0  0  0  0  0  0  0  0  0  0  0
    4.9360   10.0310    5.8701 H   0  0  0  0  0  0  0  0  0  0  0  0
    5.0037    9.9493    7.6488 H   0  0  0  0  0  0  0  0  0  0  0  0
    4.5000    7.7032    6.6873 H   0  0  0  0  0  0  0  0  0  0  0  0
    5.6437    7.9006    4.5000 H   0  0  0  0  0  0  0  0  0  0  0  0
    7.2154    8.0336    5.3086 H   0  0  0  0  0  0  0  0  0  0  0  0
    5.3357    5.5971    5.3339 H   0  0  0  0  0  0  0  0  0  0  0  0
    6.9143    5.6862    4.5507 H   0  0  0  0  0  0  0  0  0  0  0  0
    6.9696    4.5000    6.8246 H   0  0  0  0  0  0  0  0  0  0  0  0
    8.0476    5.9052    6.7509 H   0  0  0  0  0  0  0  0  0  0  0  0
    5.2335    5.8301    7.9844 H   0  0  0  0  0  0  0  0  0  0  0  0
    6.7759    6.0036    8.8649 H   0  0  0  0  0  0  0  0  0  0  0  0
  1 10  1  0  0  0  0
  2 11  1  1  0  0  0
  2  1  1  0  0  0  0
  2  7  1  0  0  0  0
  3  4  1  0  0  0  0
  3  2  1  0  0  0  0
  4  5  1  0  0  0  0
  5 17  1  0  0  0  0
  5 16  1  0  0  0  0
  5  6  1  0  0  0  0
  6 18  1  0  0  0  0
  6 19  1  0  0  0  0
  7  6  1  0  0  0  0
  8  1  1  0  0  0  0
  9  1  1  0  0  0  0
 12  3  1  0  0  0  0
 13  3  1  0  0  0  0
 14  4  1  0  0  0  0
 15  4  1  0  0  0  0
M  END
