Lattice="12.94533956 0.0 0.0 0.0 14.29871933 0.0 0.0 0.0 13.490539420000001" Properties=species:S:1:pos:R:3:GW_charged:R:1:dKS_charged:R:1:dKS_neutral:R:1 pbc="T T T"
 OpenBabel12102411043D
Lattice="12.94533956 0.0 0.0 0.0 14.29871933 0.0 0.0 0.0 13.490539420000001" Properties=species:S:1:pos:R:3:GW_charged:R:1:dKS_charged:R:1:dKS_neutral:R:1 pbc="T T T"
 21 23  0  0  1  0  0  0  0  0999 V2000
    5.4059    8.0667    8.0609 C   0  0  0  0  0  0  0  0  0  0  0  0
    6.7725    8.7626    8.0247 C   0  0  0  0  0  0  0  0  0  0  0  0
    7.4643    8.8115    6.6575 C   0  0  0  0  0  0  0  0  0  0  0  0
    7.6686    7.4831    5.9504 C   0  0  1  0  0  0  0  0  0  0  0  0
    8.2081    6.3964    6.7898 O   0  0  0  0  0  0  0  0  0  0  0  0
    7.2111    5.5040    6.2606 C   0  0  1  0  0  0  0  0  0  0  0  0
    5.8304    5.9089    6.6758 C   0  0  1  0  0  0  0  0  0  0  0  0
    5.4756    6.5329    8.0216 C   0  0  0  0  0  0  0  0  0  0  0  0
    6.4982    6.6079    5.5019 C   0  0  1  0  0  0  0  0  0  0  0  0
    4.8936    8.3603    8.9905 H   0  0  0  0  0  0  0  0  0  0  0  0
    4.7722    8.4307    7.2346 H   0  0  0  0  0  0  0  0  0  0  0  0
    6.6608    9.7987    8.3799 H   0  0  0  0  0  0  0  0  0  0  0  0
    7.4407    8.2628    8.7436 H   0  0  0  0  0  0  0  0  0  0  0  0
    6.8873    9.4480    5.9640 H   0  0  0  0  0  0  0  0  0  0  0  0
    8.4453    9.3000    6.7733 H   0  0  0  0  0  0  0  0  0  0  0  0
    8.3613    7.6198    5.1021 H   0  0  0  0  0  0  0  0  0  0  0  0
    7.5310    4.5000    5.9808 H   0  0  0  0  0  0  0  0  0  0  0  0
    5.0905    5.1963    6.3003 H   0  0  0  0  0  0  0  0  0  0  0  0
    6.2005    6.1949    8.7793 H   0  0  0  0  0  0  0  0  0  0  0  0
    4.5000    6.1282    8.3286 H   0  0  0  0  0  0  0  0  0  0  0  0
    6.0754    6.6131    4.5000 H   0  0  0  0  0  0  0  0  0  0  0  0
  1 10  1  0  0  0  0
  2  1  1  0  0  0  0
  2 12  1  0  0  0  0
  2 13  1  0  0  0  0
  3 15  1  0  0  0  0
  3  2  1  0  0  0  0
  4 16  1  6  0  0  0
  4  3  1  0  0  0  0
  4  5  1  0  0  0  0
  6 17  1  6  0  0  0
  6  7  1  0  0  0  0
  6  5  1  0  0  0  0
  7 18  1  6  0  0  0
  7  8  1  0  0  0  0
  8  1  1  0  0  0  0
  8 20  1  0  0  0  0
  8 19  1  0  0  0  0
  9 21  1  6  0  0  0
  9  4  1  0  0  0  0
  9  6  1  0  0  0  0
  9  7  1  0  0  0  0
 11  1  1  0  0  0  0
 14  3  1  0  0  0  0
M  END
