Lattice="12.61314492 0.0 0.0 0.0 14.83749432 0.0 0.0 0.0 14.408673010000001" Properties=species:S:1:pos:R:3:GW_charged:R:1:dKS_charged:R:1:dKS_neutral:R:1 pbc="T T T"
 OpenBabel12102409273D
Lattice="12.61314492 0.0 0.0 0.0 14.83749432 0.0 0.0 0.0 14.408673010000001" Properties=species:S:1:pos:R:3:GW_charged:R:1:dKS_charged:R:1:dKS_neutral:R:1 pbc="T T T"
 19 18  0  0  1  0  0  0  0  0999 V2000
    5.4081    9.8711    5.5067 C   0  0  0  0  0  0  0  0  0  0  0  0
    5.5117    8.3461    5.4391 C   0  0  0  0  0  0  0  0  0  0  0  0
    6.2620    7.7545    6.6355 C   0  0  0  0  0  0  0  0  0  0  0  0
    6.3044    6.2064    6.6676 C   0  0  1  0  0  0  0  0  0  0  0  0
    7.0774    5.5935    5.4826 C   0  0  0  0  0  0  0  0  0  0  0  0
    6.8633    5.7443    7.9363 C   0  0  0  0  0  0  0  0  0  0  0  0
    7.3501    5.3773    8.9829 C   0  0  0  0  0  0  0  0  0  0  0  0
    6.4038   10.3375    5.5255 H   0  0  0  0  0  0  0  0  0  0  0  0
    4.8686   10.2764    4.6401 H   0  0  0  0  0  0  0  0  0  0  0  0
    4.8758   10.1957    6.4124 H   0  0  0  0  0  0  0  0  0  0  0  0
    4.5000    7.9091    5.3931 H   0  0  0  0  0  0  0  0  0  0  0  0
    6.0096    8.0593    4.5000 H   0  0  0  0  0  0  0  0  0  0  0  0
    7.2969    8.1339    6.6573 H   0  0  0  0  0  0  0  0  0  0  0  0
    5.7908    8.1024    7.5677 H   0  0  0  0  0  0  0  0  0  0  0  0
    5.2612    5.8440    6.6175 H   0  0  0  0  0  0  0  0  0  0  0  0
    8.1131    5.9595    5.4686 H   0  0  0  0  0  0  0  0  0  0  0  0
    7.1061    4.5000    5.5626 H   0  0  0  0  0  0  0  0  0  0  0  0
    6.6044    5.8535    4.5271 H   0  0  0  0  0  0  0  0  0  0  0  0
    7.7716    5.0477    9.9087 H   0  0  0  0  0  0  0  0  0  0  0  0
  1  8  1  0  0  0  0
  1 10  1  0  0  0  0
  2  1  1  0  0  0  0
  2  3  1  0  0  0  0
  3 13  1  0  0  0  0
  3  4  1  0  0  0  0
  3 14  1  0  0  0  0
  4 15  1  6  0  0  0
  4  6  1  0  0  0  0
  5 17  1  0  0  0  0
  5  4  1  0  0  0  0
  6  7  3  0  0  0  0
  7 19  1  0  0  0  0
  9  1  1  0  0  0  0
 11  2  1  0  0  0  0
 12  2  1  0  0  0  0
 16  5  1  0  0  0  0
 18  5  1  0  0  0  0
M  END
