Lattice="13.87659245 0.0 0.0 0.0 12.90785428 0.0 0.0 0.0 13.19823317" Properties=species:S:1:pos:R:3:GW_charged:R:1:dKS_charged:R:1:dKS_neutral:R:1 pbc="T T T"
 OpenBabel12102409273D
Lattice="13.87659245 0.0 0.0 0.0 12.90785428 0.0 0.0 0.0 13.19823317" Properties=species:S:1:pos:R:3:GW_charged:R:1:dKS_charged:R:1:dKS_neutral:R:1 pbc="T T T"
 19 19  0  0  0  0  0  0  0  0999 V2000
    6.7287    7.9130    6.5466 C   0  0  0  0  0  0  0  0  0  0  0  0
    6.4927    6.3935    6.5863 C   0  0  0  0  0  0  0  0  0  0  0  0
    4.9948    6.0822    6.5952 C   0  0  0  0  0  0  0  0  0  0  0  0
    7.2447    5.6867    5.4319 C   0  0  0  0  0  0  0  0  0  0  0  0
    8.6719    5.4997    5.9740 C   0  0  0  0  0  0  0  0  0  0  0  0
    8.6051    5.6735    7.4040 O   0  0  0  0  0  0  0  0  0  0  0  0
    7.2314    5.7663    7.7830 C   0  0  0  0  0  0  0  0  0  0  0  0
    7.7990    8.1560    6.5897 H   0  0  0  0  0  0  0  0  0  0  0  0
    6.3179    8.3500    5.6252 H   0  0  0  0  0  0  0  0  0  0  0  0
    6.2398    8.4079    7.3980 H   0  0  0  0  0  0  0  0  0  0  0  0
    4.5029    6.4810    5.6966 H   0  0  0  0  0  0  0  0  0  0  0  0
    4.8110    4.9987    6.6265 H   0  0  0  0  0  0  0  0  0  0  0  0
    4.5000    6.5335    7.4677 H   0  0  0  0  0  0  0  0  0  0  0  0
    6.7778    4.7122    5.2286 H   0  0  0  0  0  0  0  0  0  0  0  0
    7.2202    6.2667    4.5000 H   0  0  0  0  0  0  0  0  0  0  0  0
    9.0742    4.5000    5.7420 H   0  0  0  0  0  0  0  0  0  0  0  0
    9.3766    6.2482    5.5793 H   0  0  0  0  0  0  0  0  0  0  0  0
    7.1778    6.3731    8.6982 H   0  0  0  0  0  0  0  0  0  0  0  0
    6.8166    4.7626    8.0060 H   0  0  0  0  0  0  0  0  0  0  0  0
  1  2  1  0  0  0  0
  1  8  1  0  0  0  0
  1 10  1  0  0  0  0
  2  3  1  0  0  0  0
  2  7  1  0  0  0  0
  3 12  1  0  0  0  0
  3 13  1  0  0  0  0
  4  5  1  0  0  0  0
  4  2  1  0  0  0  0
  5  6  1  0  0  0  0
  6  7  1  0  0  0  0
  7 19  1  0  0  0  0
  7 18  1  0  0  0  0
  9  1  1  0  0  0  0
 11  3  1  0  0  0  0
 14  4  1  0  0  0  0
 15  4  1  0  0  0  0
 16  5  1  0  0  0  0
 17  5  1  0  0  0  0
M  END
