Lattice="12.78470836 0.0 0.0 0.0 12.582553 0.0 0.0 0.0 13.346252400000001" Properties=species:S:1:pos:R:3:GW_charged:R:1:dKS_charged:R:1:dKS_neutral:R:1 pbc="T T T"
 OpenBabel12102409263D
Lattice="12.78470836 0.0 0.0 0.0 12.582553 0.0 0.0 0.0 13.346252400000001" Properties=species:S:1:pos:R:3:GW_charged:R:1:dKS_charged:R:1:dKS_neutral:R:1 pbc="T T T"
 17 16  0  0  0  0  0  0  0  0999 V2000
    6.4822    7.6713    6.6846 C   0  0  0  0  0  0  0  0  0  0  0  0
    6.5030    6.1323    6.6762 C   0  0  0  0  0  0  0  0  0  0  0  0
    7.2474    5.6225    7.9231 C   0  0  0  0  0  0  0  0  0  0  0  0
    5.0591    5.5997    6.6872 C   0  0  0  0  0  0  0  0  0  0  0  0
    7.2233    5.6359    5.4099 C   0  0  0  0  0  0  0  0  0  0  0  0
    7.5022    8.0826    6.6781 H   0  0  0  0  0  0  0  0  0  0  0  0
    5.9566    8.0665    5.8031 H   0  0  0  0  0  0  0  0  0  0  0  0
    5.9718    8.0570    7.5792 H   0  0  0  0  0  0  0  0  0  0  0  0
    6.7551    5.9617    8.8463 H   0  0  0  0  0  0  0  0  0  0  0  0
    7.2791    4.5234    7.9454 H   0  0  0  0  0  0  0  0  0  0  0  0
    8.2847    5.9875    7.9437 H   0  0  0  0  0  0  0  0  0  0  0  0
    4.5000    5.9484    5.8067 H   0  0  0  0  0  0  0  0  0  0  0  0
    5.0410    4.5000    6.6808 H   0  0  0  0  0  0  0  0  0  0  0  0
    4.5175    5.9378    7.5827 H   0  0  0  0  0  0  0  0  0  0  0  0
    8.2599    6.0017    5.3730 H   0  0  0  0  0  0  0  0  0  0  0  0
    7.2550    4.5371    5.3756 H   0  0  0  0  0  0  0  0  0  0  0  0
    6.7131    5.9843    4.5000 H   0  0  0  0  0  0  0  0  0  0  0  0
  1  8  1  0  0  0  0
  2  1  1  0  0  0  0
  2  4  1  0  0  0  0
  2  3  1  0  0  0  0
  3 11  1  0  0  0  0
  3 10  1  0  0  0  0
  3  9  1  0  0  0  0
  4 14  1  0  0  0  0
  5  2  1  0  0  0  0
  6  1  1  0  0  0  0
  7  1  1  0  0  0  0
 12  4  1  0  0  0  0
 13  4  1  0  0  0  0
 15  5  1  0  0  0  0
 16  5  1  0  0  0  0
 17  5  1  0  0  0  0
M  END
