Lattice="11.85851964 0.0 0.0 0.0 14.70037189 0.0 0.0 0.0 13.161363829999999" Properties=species:S:1:pos:R:3:GW_charged:R:1:dKS_charged:R:1:dKS_neutral:R:1 pbc="T T T"
 OpenBabel12102409323D
Lattice="11.85851964 0.0 0.0 0.0 14.70037189 0.0 0.0 0.0 13.161363829999999" Properties=species:S:1:pos:R:3:GW_charged:R:1:dKS_charged:R:1:dKS_neutral:R:1 pbc="T T T"
 19 19  0  0  0  0  0  0  0  0999 V2000
    5.3740    9.7343    7.4288 C   0  0  0  0  0  0  0  0  0  0  0  0
    5.2503    8.3269    7.3651 O   0  0  0  0  0  0  0  0  0  0  0  0
    6.2521    7.7367    6.5427 C   0  0  0  0  0  0  0  0  0  0  0  0
    6.1156    6.2345    6.5697 C   0  0  0  0  0  0  0  0  0  0  0  0
    6.3444    5.5910    7.9223 C   0  0  0  0  0  0  0  0  0  0  0  0
    5.1015    5.6186    5.6338 C   0  0  0  0  0  0  0  0  0  0  0  0
    6.5763    5.5016    5.3293 C   0  0  0  0  0  0  0  0  0  0  0  0
    6.3509   10.0404    7.8486 H   0  0  0  0  0  0  0  0  0  0  0  0
    5.2651   10.2004    6.4311 H   0  0  0  0  0  0  0  0  0  0  0  0
    4.5744   10.1027    8.0820 H   0  0  0  0  0  0  0  0  0  0  0  0
    6.1578    8.1125    5.5038 H   0  0  0  0  0  0  0  0  0  0  0  0
    7.2571    8.0344    6.9089 H   0  0  0  0  0  0  0  0  0  0  0  0
    5.6263    5.9708    8.6614 H   0  0  0  0  0  0  0  0  0  0  0  0
    6.2306    4.5000    7.8671 H   0  0  0  0  0  0  0  0  0  0  0  0
    7.3585    5.8037    8.2937 H   0  0  0  0  0  0  0  0  0  0  0  0
    4.5739    4.7282    5.9732 H   0  0  0  0  0  0  0  0  0  0  0  0
    4.5000    6.2877    5.0197 H   0  0  0  0  0  0  0  0  0  0  0  0
    6.9777    6.0840    4.5000 H   0  0  0  0  0  0  0  0  0  0  0  0
    7.0569    4.5338    5.4677 H   0  0  0  0  0  0  0  0  0  0  0  0
  1  8  1  0  0  0  0
  1 10  1  0  0  0  0
  2  1  1  0  0  0  0
  3  4  1  0  0  0  0
  3 12  1  0  0  0  0
  3  2  1  0  0  0  0
  4  5  1  0  0  0  0
  5 15  1  0  0  0  0
  5 13  1  0  0  0  0
  6 16  1  0  0  0  0
  6  4  1  0  0  0  0
  7 19  1  0  0  0  0
  7  6  1  0  0  0  0
  7  4  1  0  0  0  0
  9  1  1  0  0  0  0
 11  3  1  0  0  0  0
 14  5  1  0  0  0  0
 17  6  1  0  0  0  0
 18  7  1  0  0  0  0
M  END
