Lattice="15.61379846 0.0 0.0 0.0 13.94070176 0.0 0.0 0.0 12.70273397" Properties=species:S:1:pos:R:3:GW_charged:R:1:dKS_charged:R:1:dKS_neutral:R:1 pbc="T T T"
 OpenBabel12102409403D
Lattice="15.61379846 0.0 0.0 0.0 13.94070176 0.0 0.0 0.0 12.70273397" Properties=species:S:1:pos:R:3:GW_charged:R:1:dKS_charged:R:1:dKS_neutral:R:1 pbc="T T T"
 18 18  0  0  0  0  0  0  0  0999 V2000
   10.0668    8.8686    6.9562 C   0  0  0  0  0  0  0  0  0  0  0  0
    9.9801    7.3582    6.6817 C   0  0  0  0  0  0  0  0  0  0  0  0
    8.5866    6.8465    6.5773 C   0  0  0  0  0  0  0  0  0  0  0  0
    7.8359    6.3550    5.5458 C   0  0  0  0  0  0  0  0  0  0  0  0
    6.5332    6.0449    6.0702 C   0  0  0  0  0  0  0  0  0  0  0  0
    5.3665    5.4792    5.3261 C   0  0  0  0  0  0  0  0  0  0  0  0
    6.5920    6.3760    7.3933 C   0  0  0  0  0  0  0  0  0  0  0  0
    7.8299    6.8652    7.7236 O   0  0  0  0  0  0  0  0  0  0  0  0
   11.1138    9.1931    7.0256 H   0  0  0  0  0  0  0  0  0  0  0  0
    9.5828    9.4407    6.1534 H   0  0  0  0  0  0  0  0  0  0  0  0
    9.5691    9.1261    7.8998 H   0  0  0  0  0  0  0  0  0  0  0  0
   10.4932    7.1156    5.7405 H   0  0  0  0  0  0  0  0  0  0  0  0
   10.5110    6.8093    7.4767 H   0  0  0  0  0  0  0  0  0  0  0  0
    8.1721    6.2247    4.5218 H   0  0  0  0  0  0  0  0  0  0  0  0
    5.6071    4.5000    4.8869 H   0  0  0  0  0  0  0  0  0  0  0  0
    4.5000    5.3456    5.9859 H   0  0  0  0  0  0  0  0  0  0  0  0
    5.0599    6.1374    4.5000 H   0  0  0  0  0  0  0  0  0  0  0  0
    5.8734    6.3243    8.2027 H   0  0  0  0  0  0  0  0  0  0  0  0
  1  9  1  0  0  0  0
  1 11  1  0  0  0  0
  2  1  1  0  0  0  0
  2 13  1  0  0  0  0
  3  2  1  0  0  0  0
  3  8  1  0  0  0  0
  4  5  1  0  0  0  0
  4  3  2  0  0  0  0
  5  7  2  0  0  0  0
  6 16  1  0  0  0  0
  6  5  1  0  0  0  0
  7  8  1  0  0  0  0
  7 18  1  0  0  0  0
 10  1  1  0  0  0  0
 12  2  1  0  0  0  0
 14  4  1  0  0  0  0
 15  6  1  0  0  0  0
 17  6  1  0  0  0  0
M  END
