Lattice="12.42197842 0.0 0.0 0.0 17.189145449999998 0.0 0.0 0.0 13.22893508" Properties=species:S:1:pos:R:3:GW_charged:R:1:dKS_charged:R:1:dKS_neutral:R:1 pbc="T T T"
 OpenBabel12102409393D
Lattice="12.42197842 0.0 0.0 0.0 17.189145449999998 0.0 0.0 0.0 13.22893508" Properties=species:S:1:pos:R:3:GW_charged:R:1:dKS_charged:R:1:dKS_neutral:R:1 pbc="T T T"
 17 16  0  0  0  0  0  0  0  0999 V2000
    5.4797   12.2577    7.8256 C   0  0  0  0  0  0  0  0  0  0  0  0
    5.5206   10.7293    7.7785 C   0  0  0  0  0  0  0  0  0  0  0  0
    6.2271   10.2080    6.5380 C   0  0  0  0  0  0  0  0  0  0  0  0
    6.2221    8.7834    6.5706 O   0  0  0  0  0  0  0  0  0  0  0  0
    6.8714    8.2311    5.4315 C   0  0  0  0  0  0  0  0  0  0  0  0
    6.8496    6.7777    5.4945 C   0  0  0  0  0  0  0  0  0  0  0  0
    6.8442    5.5690    5.5243 C   0  0  0  0  0  0  0  0  0  0  0  0
    6.4911   12.6891    7.8321 H   0  0  0  0  0  0  0  0  0  0  0  0
    4.9469   12.6747    6.9587 H   0  0  0  0  0  0  0  0  0  0  0  0
    4.9654   12.6099    8.7289 H   0  0  0  0  0  0  0  0  0  0  0  0
    6.0348   10.3329    8.6668 H   0  0  0  0  0  0  0  0  0  0  0  0
    4.5000   10.3186    7.7988 H   0  0  0  0  0  0  0  0  0  0  0  0
    5.7177   10.5676    5.6205 H   0  0  0  0  0  0  0  0  0  0  0  0
    7.2706   10.5822    6.4987 H   0  0  0  0  0  0  0  0  0  0  0  0
    6.3723    8.5680    4.5000 H   0  0  0  0  0  0  0  0  0  0  0  0
    7.9220    8.5827    5.3763 H   0  0  0  0  0  0  0  0  0  0  0  0
    6.8356    4.5000    5.5576 H   0  0  0  0  0  0  0  0  0  0  0  0
  1  8  1  0  0  0  0
  1 10  1  0  0  0  0
  2 12  1  0  0  0  0
  2  1  1  0  0  0  0
  2 11  1  0  0  0  0
  3  4  1  0  0  0  0
  3  2  1  0  0  0  0
  5  6  1  0  0  0  0
  5  4  1  0  0  0  0
  6  7  3  0  0  0  0
  7 17  1  0  0  0  0
  9  1  1  0  0  0  0
 13  3  1  0  0  0  0
 14  3  1  0  0  0  0
 15  5  1  0  0  0  0
 16  5  1  0  0  0  0
M  END
