Lattice="12.84437975 0.0 0.0 0.0 16.59108561 0.0 0.0 0.0 12.35088697" Properties=species:S:1:pos:R:3:GW_charged:R:1:dKS_charged:R:1:dKS_neutral:R:1 pbc="T T T"
 OpenBabel12102409453D
Lattice="12.84437975 0.0 0.0 0.0 16.59108561 0.0 0.0 0.0 12.35088697" Properties=species:S:1:pos:R:3:GW_charged:R:1:dKS_charged:R:1:dKS_neutral:R:1 pbc="T T T"
 19 20  0  0  1  0  0  0  0  0999 V2000
    6.0923    5.5688    5.4788 C   0  0  0  0  0  0  0  0  0  0  0  0
    6.0956    6.7810    5.5011 C   0  0  0  0  0  0  0  0  0  0  0  0
    6.1111    8.2259    5.5342 C   0  0  1  0  0  0  0  0  0  0  0  0
    5.9627    8.8402    6.9778 C   0  0  1  0  0  0  0  0  0  0  0  0
    7.5049    8.7013    7.1079 C   0  0  0  0  0  0  0  0  0  0  0  0
    7.5549    8.8712    5.5613 C   0  0  2  0  0  0  0  0  0  0  0  0
    7.3997   10.3367    5.2343 C   0  0  0  0  0  0  0  0  0  0  0  0
    6.4410   11.0286    5.8650 C   0  0  0  0  0  0  0  0  0  0  0  0
    5.5601   10.3175    6.8626 C   0  0  0  0  0  0  0  0  0  0  0  0
    6.0830    4.5000    5.4519 H   0  0  0  0  0  0  0  0  0  0  0  0
    5.4377    8.6343    4.7662 H   0  0  0  0  0  0  0  0  0  0  0  0
    5.3297    8.2903    7.6848 H   0  0  0  0  0  0  0  0  0  0  0  0
    8.0430    9.4438    7.7105 H   0  0  0  0  0  0  0  0  0  0  0  0
    7.7859    7.6868    7.4142 H   0  0  0  0  0  0  0  0  0  0  0  0
    8.3444    8.3683    4.9935 H   0  0  0  0  0  0  0  0  0  0  0  0
    8.0597   10.8003    4.5000 H   0  0  0  0  0  0  0  0  0  0  0  0
    6.2796   12.0911    5.6760 H   0  0  0  0  0  0  0  0  0  0  0  0
    4.5000   10.4038    6.5671 H   0  0  0  0  0  0  0  0  0  0  0  0
    5.6331   10.8042    7.8509 H   0  0  0  0  0  0  0  0  0  0  0  0
  1  2  3  0  0  0  0
  2  3  1  0  0  0  0
  3 11  1  6  0  0  0
  3  6  1  0  0  0  0
  3  4  1  0  0  0  0
  4  5  1  0  0  0  0
  4 12  1  1  0  0  0
  5 14  1  0  0  0  0
  5 13  1  0  0  0  0
  6 15  1  6  0  0  0
  6  5  1  0  0  0  0
  7  6  1  0  0  0  0
  7  8  2  0  0  0  0
  8  9  1  0  0  0  0
  9  4  1  0  0  0  0
  9 19  1  0  0  0  0
 10  1  1  0  0  0  0
 16  7  1  0  0  0  0
 17  8  1  0  0  0  0
 18  9  1  0  0  0  0
M  END
