Lattice="14.533379870000001 0.0 0.0 0.0 13.00027188 0.0 0.0 0.0 12.85569714" Properties=species:S:1:pos:R:3:GW_charged:R:1:dKS_charged:R:1:dKS_neutral:R:1 pbc="T T T"
 OpenBabel12102410123D
Lattice="14.533379870000001 0.0 0.0 0.0 13.00027188 0.0 0.0 0.0 12.85569714" Properties=species:S:1:pos:R:3:GW_charged:R:1:dKS_charged:R:1:dKS_neutral:R:1 pbc="T T T"
 21 23  0  0  0  0  0  0  0  0999 V2000
    5.5958    7.9829    6.4573 C   0  0  0  0  0  0  0  0  0  0  0  0
    6.9894    7.4194    6.4408 C   0  0  0  0  0  0  0  0  0  0  0  0
    8.0519    7.4868    5.3357 C   0  0  0  0  0  0  0  0  0  0  0  0
    9.1207    7.1618    6.4189 C   0  0  0  0  0  0  0  0  0  0  0  0
    8.0730    7.4750    7.5260 C   0  0  0  0  0  0  0  0  0  0  0  0
    5.8059    6.4962    6.4472 C   0  0  0  0  0  0  0  0  0  0  0  0
    5.4132    5.4584    7.4905 C   0  0  0  0  0  0  0  0  0  0  0  0
    5.0856    4.5000    6.4433 O   0  0  0  0  0  0  0  0  0  0  0  0
    5.3931    5.4697    5.4005 C   0  0  0  0  0  0  0  0  0  0  0  0
    5.2377    8.4404    7.3816 H   0  0  0  0  0  0  0  0  0  0  0  0
    5.2201    8.4504    5.5449 H   0  0  0  0  0  0  0  0  0  0  0  0
    7.9552    6.7801    4.5000 H   0  0  0  0  0  0  0  0  0  0  0  0
    8.1609    8.5003    4.9238 H   0  0  0  0  0  0  0  0  0  0  0  0
    9.4058    6.1023    6.4105 H   0  0  0  0  0  0  0  0  0  0  0  0
   10.0334    7.7693    6.4135 H   0  0  0  0  0  0  0  0  0  0  0  0
    8.1899    8.4839    7.9466 H   0  0  0  0  0  0  0  0  0  0  0  0
    7.9922    6.7592    8.3557 H   0  0  0  0  0  0  0  0  0  0  0  0
    6.2217    5.0881    8.1438 H   0  0  0  0  0  0  0  0  0  0  0  0
    4.5317    5.7062    8.1057 H   0  0  0  0  0  0  0  0  0  0  0  0
    4.5000    5.7240    4.8050 H   0  0  0  0  0  0  0  0  0  0  0  0
    6.1889    5.1066    4.7278 H   0  0  0  0  0  0  0  0  0  0  0  0
  1 10  1  0  0  0  0
  2  6  1  0  0  0  0
  2  1  1  0  0  0  0
  2  5  1  0  0  0  0
  3  4  1  0  0  0  0
  3  2  1  0  0  0  0
  4  5  1  0  0  0  0
  5 16  1  0  0  0  0
  5 17  1  0  0  0  0
  6  1  1  0  0  0  0
  6  7  1  0  0  0  0
  7 19  1  0  0  0  0
  7 18  1  0  0  0  0
  8  7  1  0  0  0  0
  9  8  1  0  0  0  0
  9  6  1  0  0  0  0
 11  1  1  0  0  0  0
 12  3  1  0  0  0  0
 13  3  1  0  0  0  0
 14  4  1  0  0  0  0
 15  4  1  0  0  0  0
 20  9  1  0  0  0  0
 21  9  1  0  0  0  0
M  END
