Lattice="13.28893243 0.0 0.0 0.0 16.14610224 0.0 0.0 0.0 12.39496529" Properties=species:S:1:pos:R:3:GW_charged:R:1:dKS_charged:R:1:dKS_neutral:R:1 pbc="T T T"
 OpenBabel12102409403D
Lattice="13.28893243 0.0 0.0 0.0 16.14610224 0.0 0.0 0.0 12.39496529" Properties=species:S:1:pos:R:3:GW_charged:R:1:dKS_charged:R:1:dKS_neutral:R:1 pbc="T T T"
 20 19  0  0  0  0  0  0  0  0999 V2000
    7.8789   11.2334    5.7551 C   0  0  0  0  0  0  0  0  0  0  0  0
    7.8460    9.7796    5.7645 C   0  0  0  0  0  0  0  0  0  0  0  0
    7.8165    8.5675    5.7588 C   0  0  0  0  0  0  0  0  0  0  0  0
    7.7780    7.1120    5.7612 C   0  0  0  0  0  0  0  0  0  0  0  0
    6.3567    6.4932    5.7740 C   0  0  0  0  0  0  0  0  0  0  0  0
    6.4746    4.9659    5.8724 C   0  0  0  0  0  0  0  0  0  0  0  0
    5.5069    7.0573    6.9163 C   0  0  0  0  0  0  0  0  0  0  0  0
    5.7853    6.8551    4.5000 O   0  0  0  0  0  0  0  0  0  0  0  0
    8.7889   11.6075    5.2639 H   0  0  0  0  0  0  0  0  0  0  0  0
    7.0162   11.6461    5.2120 H   0  0  0  0  0  0  0  0  0  0  0  0
    7.8589   11.6438    6.7753 H   0  0  0  0  0  0  0  0  0  0  0  0
    8.2955    6.7261    4.8682 H   0  0  0  0  0  0  0  0  0  0  0  0
    8.3295    6.7287    6.6349 H   0  0  0  0  0  0  0  0  0  0  0  0
    6.9435    4.6562    6.8172 H   0  0  0  0  0  0  0  0  0  0  0  0
    5.4797    4.5000    5.8259 H   0  0  0  0  0  0  0  0  0  0  0  0
    7.0728    4.5741    5.0393 H   0  0  0  0  0  0  0  0  0  0  0  0
    5.4151    8.1457    6.8194 H   0  0  0  0  0  0  0  0  0  0  0  0
    4.5000    6.6134    6.9015 H   0  0  0  0  0  0  0  0  0  0  0  0
    5.9536    6.8324    7.8950 H   0  0  0  0  0  0  0  0  0  0  0  0
    4.8532    6.5867    4.5073 H   0  0  0  0  0  0  0  0  0  0  0  0
  1  2  1  0  0  0  0
  1 11  1  0  0  0  0
  3  4  1  0  0  0  0
  3  2  3  0  0  0  0
  4  5  1  0  0  0  0
  4 13  1  0  0  0  0
  5  6  1  0  0  0  0
  5  7  1  0  0  0  0
  6 14  1  0  0  0  0
  7 19  1  0  0  0  0
  8 20  1  0  0  0  0
  8  5  1  0  0  0  0
  9  1  1  0  0  0  0
 10  1  1  0  0  0  0
 12  4  1  0  0  0  0
 15  6  1  0  0  0  0
 16  6  1  0  0  0  0
 17  7  1  0  0  0  0
 18  7  1  0  0  0  0
M  END
