Lattice="12.5804504 0.0 0.0 0.0 14.67917664 0.0 0.0 0.0 13.53924662" Properties=species:S:1:pos:R:3:GW_charged:R:1:dKS_charged:R:1:dKS_neutral:R:1 pbc="T T T"
 OpenBabel12102409263D
Lattice="12.5804504 0.0 0.0 0.0 14.67917664 0.0 0.0 0.0 13.53924662" Properties=species:S:1:pos:R:3:GW_charged:R:1:dKS_charged:R:1:dKS_neutral:R:1 pbc="T T T"
 18 17  0  0  0  0  0  0  0  0999 V2000
    5.4987    9.7409    8.1215 C   0  0  0  0  0  0  0  0  0  0  0  0
    5.5281    8.2155    8.0276 C   0  0  0  0  0  0  0  0  0  0  0  0
    6.2572    7.6832    6.7875 C   0  0  0  0  0  0  0  0  0  0  0  0
    7.6211    8.1409    6.7373 O   0  0  0  0  0  0  0  0  0  0  0  0
    6.1691    6.1563    6.6708 C   0  0  0  0  0  0  0  0  0  0  0  0
    6.7885    5.5964    5.3905 C   0  0  0  0  0  0  0  0  0  0  0  0
    6.5142   10.1572    8.1181 H   0  0  0  0  0  0  0  0  0  0  0  0
    4.9600   10.1792    7.2688 H   0  0  0  0  0  0  0  0  0  0  0  0
    4.9962   10.0744    9.0392 H   0  0  0  0  0  0  0  0  0  0  0  0
    6.0100    7.7898    8.9263 H   0  0  0  0  0  0  0  0  0  0  0  0
    4.5000    7.8187    8.0227 H   0  0  0  0  0  0  0  0  0  0  0  0
    5.8025    8.1341    5.8884 H   0  0  0  0  0  0  0  0  0  0  0  0
    8.0805    7.7742    7.5108 H   0  0  0  0  0  0  0  0  0  0  0  0
    6.6579    5.7091    7.5553 H   0  0  0  0  0  0  0  0  0  0  0  0
    5.1084    5.8641    6.7351 H   0  0  0  0  0  0  0  0  0  0  0  0
    6.2675    5.9770    4.5000 H   0  0  0  0  0  0  0  0  0  0  0  0
    7.8437    5.8848    5.3025 H   0  0  0  0  0  0  0  0  0  0  0  0
    6.7311    4.5000    5.3661 H   0  0  0  0  0  0  0  0  0  0  0  0
  1  9  1  0  0  0  0
  2  1  1  0  0  0  0
  2 10  1  0  0  0  0
  3  2  1  0  0  0  0
  4  3  1  0  0  0  0
  4 13  1  0  0  0  0
  5 15  1  0  0  0  0
  5  3  1  0  0  0  0
  5 14  1  0  0  0  0
  6  5  1  0  0  0  0
  7  1  1  0  0  0  0
  8  1  1  0  0  0  0
 11  2  1  0  0  0  0
 12  3  1  0  0  0  0
 16  6  1  0  0  0  0
 17  6  1  0  0  0  0
 18  6  1  0  0  0  0
M  END
