Lattice="12.819763739999999 0.0 0.0 0.0 14.28981824 0.0 0.0 0.0 14.485826190000001" Properties=species:S:1:pos:R:3:GW_charged:R:1:dKS_charged:R:1:dKS_neutral:R:1 pbc="T T T"
 OpenBabel12102409383D
Lattice="12.819763739999999 0.0 0.0 0.0 14.28981824 0.0 0.0 0.0 14.485826190000001" Properties=species:S:1:pos:R:3:GW_charged:R:1:dKS_charged:R:1:dKS_neutral:R:1 pbc="T T T"
 17 16  0  0  1  0  0  0  0  0999 V2000
    5.1730    9.0856    5.3615 C   0  0  0  0  0  0  0  0  0  0  0  0
    5.7482    7.7277    5.7602 C   0  0  0  0  0  0  0  0  0  0  0  0
    6.6973    7.8072    6.9638 C   0  0  1  0  0  0  0  0  0  0  0  0
    5.9386    8.2642    8.0868 O   0  0  0  0  0  0  0  0  0  0  0  0
    6.7377    8.5861    9.2163 C   0  0  0  0  0  0  0  0  0  0  0  0
    7.3429    6.5156    7.2298 C   0  0  0  0  0  0  0  0  0  0  0  0
    7.8618    5.4460    7.4594 C   0  0  0  0  0  0  0  0  0  0  0  0
    5.9695    9.7898    5.0795 H   0  0  0  0  0  0  0  0  0  0  0  0
    4.5000    8.9841    4.5000 H   0  0  0  0  0  0  0  0  0  0  0  0
    4.6045    9.5326    6.1861 H   0  0  0  0  0  0  0  0  0  0  0  0
    4.9443    7.0219    6.0163 H   0  0  0  0  0  0  0  0  0  0  0  0
    6.3068    7.2811    4.9249 H   0  0  0  0  0  0  0  0  0  0  0  0
    7.4948    8.5496    6.7447 H   0  0  0  0  0  0  0  0  0  0  0  0
    7.2716    7.7029    9.6054 H   0  0  0  0  0  0  0  0  0  0  0  0
    7.4780    9.3707    8.9740 H   0  0  0  0  0  0  0  0  0  0  0  0
    6.0547    8.9630    9.9858 H   0  0  0  0  0  0  0  0  0  0  0  0
    8.3198    4.5000    7.6582 H   0  0  0  0  0  0  0  0  0  0  0  0
  1  2  1  0  0  0  0
  1 10  1  0  0  0  0
  2 11  1  0  0  0  0
  2  3  1  0  0  0  0
  3 13  1  6  0  0  0
  3  6  1  0  0  0  0
  3  4  1  0  0  0  0
  4  5  1  0  0  0  0
  5 14  1  0  0  0  0
  5 16  1  0  0  0  0
  6  7  3  0  0  0  0
  7 17  1  0  0  0  0
  8  1  1  0  0  0  0
  9  1  1  0  0  0  0
 12  2  1  0  0  0  0
 15  5  1  0  0  0  0
M  END
