Lattice="15.80807499 0.0 0.0 0.0 13.32999142 0.0 0.0 0.0 13.27382591" Properties=species:S:1:pos:R:3:GW_charged:R:1:dKS_charged:R:1:dKS_neutral:R:1 pbc="T T T"
 OpenBabel12102411083D
Lattice="15.80807499 0.0 0.0 0.0 13.32999142 0.0 0.0 0.0 13.27382591" Properties=species:S:1:pos:R:3:GW_charged:R:1:dKS_charged:R:1:dKS_neutral:R:1 pbc="T T T"
 27 26  0  0  0  0  0  0  0  0999 V2000
    6.4312    8.1258    6.2599 C   0  0  0  0  0  0  0  0  0  0  0  0
    6.6529    6.7044    6.8148 C   0  0  0  0  0  0  0  0  0  0  0  0
    6.7381    6.7537    8.3505 C   0  0  0  0  0  0  0  0  0  0  0  0
    5.4232    5.8569    6.4239 C   0  0  0  0  0  0  0  0  0  0  0  0
    7.8781    6.0038    6.1590 C   0  0  0  0  0  0  0  0  0  0  0  0
    9.3461    6.3370    6.5104 C   0  0  0  0  0  0  0  0  0  0  0  0
   10.2500    5.5716    5.5281 C   0  0  0  0  0  0  0  0  0  0  0  0
    9.7064    7.8287    6.4794 C   0  0  0  0  0  0  0  0  0  0  0  0
    9.5641    5.8149    7.8446 O   0  0  0  0  0  0  0  0  0  0  0  0
    7.2094    8.8300    6.5761 H   0  0  0  0  0  0  0  0  0  0  0  0
    6.4060    8.1239    5.1600 H   0  0  0  0  0  0  0  0  0  0  0  0
    5.4689    8.5247    6.6125 H   0  0  0  0  0  0  0  0  0  0  0  0
    5.8019    7.1562    8.7655 H   0  0  0  0  0  0  0  0  0  0  0  0
    6.8974    5.7532    8.7738 H   0  0  0  0  0  0  0  0  0  0  0  0
    7.5632    7.3856    8.7004 H   0  0  0  0  0  0  0  0  0  0  0  0
    5.3177    5.7827    5.3311 H   0  0  0  0  0  0  0  0  0  0  0  0
    5.5012    4.8360    6.8242 H   0  0  0  0  0  0  0  0  0  0  0  0
    4.5000    6.3045    6.8191 H   0  0  0  0  0  0  0  0  0  0  0  0
    7.7841    4.9235    6.3543 H   0  0  0  0  0  0  0  0  0  0  0  0
    7.7719    6.1220    5.0682 H   0  0  0  0  0  0  0  0  0  0  0  0
   10.1329    5.9419    4.5000 H   0  0  0  0  0  0  0  0  0  0  0  0
   11.3081    5.6918    5.8064 H   0  0  0  0  0  0  0  0  0  0  0  0
   10.0123    4.5000    5.5426 H   0  0  0  0  0  0  0  0  0  0  0  0
    9.1962    8.3777    7.2785 H   0  0  0  0  0  0  0  0  0  0  0  0
   10.7904    7.9559    6.6236 H   0  0  0  0  0  0  0  0  0  0  0  0
    9.4457    8.2891    5.5167 H   0  0  0  0  0  0  0  0  0  0  0  0
   10.4966    5.9649    8.0676 H   0  0  0  0  0  0  0  0  0  0  0  0
  1 10  1  0  0  0  0
  1 12  1  0  0  0  0
  1  2  1  0  0  0  0
  2  3  1  0  0  0  0
  3 15  1  0  0  0  0
  3 13  1  0  0  0  0
  3 14  1  0  0  0  0
  4  2  1  0  0  0  0
  4 18  1  0  0  0  0
  4 17  1  0  0  0  0
  5 19  1  0  0  0  0
  5  6  1  0  0  0  0
  5  2  1  0  0  0  0
  6  9  1  0  0  0  0
  7 23  1  0  0  0  0
  7 22  1  0  0  0  0
  7  6  1  0  0  0  0
  8  6  1  0  0  0  0
  8 25  1  0  0  0  0
  8 24  1  0  0  0  0
  9 27  1  0  0  0  0
 11  1  1  0  0  0  0
 16  4  1  0  0  0  0
 20  5  1  0  0  0  0
 21  7  1  0  0  0  0
 26  8  1  0  0  0  0
M  END
