Lattice="13.14041029 0.0 0.0 0.0 14.66488809 0.0 0.0 0.0 14.00647502" Properties=species:S:1:pos:R:3:GW_charged:R:1:dKS_charged:R:1:dKS_neutral:R:1 pbc="T T T"
 OpenBabel12102411063D
Lattice="13.14041029 0.0 0.0 0.0 14.66488809 0.0 0.0 0.0 14.00647502" Properties=species:S:1:pos:R:3:GW_charged:R:1:dKS_charged:R:1:dKS_neutral:R:1 pbc="T T T"
 23 25  0  0  1  0  0  0  0  0999 V2000
    6.4269    9.7619    5.5202 C   0  0  0  0  0  0  0  0  0  0  0  0
    7.8750    9.5818    5.9098 C   0  0  0  0  0  0  0  0  0  0  0  0
    6.9794    8.3757    5.7535 C   0  0  0  0  0  0  0  0  0  0  0  0
    6.5550    7.6101    6.9772 C   0  0  1  0  0  0  0  0  0  0  0  0
    5.3977    6.5680    6.8156 C   0  0  1  0  0  0  0  0  0  0  0  0
    6.4827    5.5746    6.3086 C   0  0  0  0  0  0  0  0  0  0  0  0
    7.3678    6.3238    7.3462 C   0  0  2  0  0  0  0  0  0  0  0  0
    6.7055    5.9147    8.6742 C   0  0  0  0  0  0  0  0  0  0  0  0
    5.2023    6.1010    8.2694 C   0  0  0  0  0  0  0  0  0  0  0  0
    5.7459   10.1649    6.2698 H   0  0  0  0  0  0  0  0  0  0  0  0
    6.1990   10.0666    4.5000 H   0  0  0  0  0  0  0  0  0  0  0  0
    8.6404    9.7630    5.1569 H   0  0  0  0  0  0  0  0  0  0  0  0
    8.1674    9.8638    6.9212 H   0  0  0  0  0  0  0  0  0  0  0  0
    7.1490    7.7866    4.8510 H   0  0  0  0  0  0  0  0  0  0  0  0
    6.4188    8.3219    7.8106 H   0  0  0  0  0  0  0  0  0  0  0  0
    4.5000    6.7984    6.2295 H   0  0  0  0  0  0  0  0  0  0  0  0
    6.3080    4.5000    6.4630 H   0  0  0  0  0  0  0  0  0  0  0  0
    6.7842    5.7528    5.2712 H   0  0  0  0  0  0  0  0  0  0  0  0
    8.4631    6.3072    7.2968 H   0  0  0  0  0  0  0  0  0  0  0  0
    6.9419    4.8801    8.9581 H   0  0  0  0  0  0  0  0  0  0  0  0
    7.0030    6.5673    9.5065 H   0  0  0  0  0  0  0  0  0  0  0  0
    4.6895    6.8540    8.8834 H   0  0  0  0  0  0  0  0  0  0  0  0
    4.6278    5.1669    8.3349 H   0  0  0  0  0  0  0  0  0  0  0  0
  1  3  1  0  0  0  0
  1  2  1  0  0  0  0
  1 10  1  0  0  0  0
  2 13  1  0  0  0  0
  3  2  1  0  0  0  0
  3  4  1  0  0  0  0
  4  7  1  0  0  0  0
  4 15  1  1  0  0  0
  5 16  1  6  0  0  0
  5  4  1  0  0  0  0
  5  9  1  0  0  0  0
  6 17  1  0  0  0  0
  6  5  1  0  0  0  0
  6  7  1  0  0  0  0
  7 19  1  6  0  0  0
  7  8  1  0  0  0  0
  8 20  1  0  0  0  0
  8 21  1  0  0  0  0
  9 23  1  0  0  0  0
  9  8  1  0  0  0  0
  9 22  1  0  0  0  0
 11  1  1  0  0  0  0
 12  2  1  0  0  0  0
 14  3  1  0  0  0  0
 18  6  1  0  0  0  0
M  END
