Lattice="15.40053367 0.0 0.0 0.0 14.657004180000001 0.0 0.0 0.0 11.10737103" Properties=species:S:1:pos:R:3:GW_charged:R:1:dKS_charged:R:1:dKS_neutral:R:1 pbc="T T T"
 OpenBabel12102409443D
Lattice="15.40053367 0.0 0.0 0.0 14.657004180000001 0.0 0.0 0.0 11.10737103" Properties=species:S:1:pos:R:3:GW_charged:R:1:dKS_charged:R:1:dKS_neutral:R:1 pbc="T T T"
 19 19  0  0  0  0  0  0  0  0999 V2000
    9.8450    9.6939    5.4159 C   0  0  0  0  0  0  0  0  0  0  0  0
    9.8261    8.2743    5.4984 O   0  0  0  0  0  0  0  0  0  0  0  0
    8.5881    7.6970    5.5448 C   0  0  0  0  0  0  0  0  0  0  0  0
    8.3967    6.3408    5.6254 C   0  0  0  0  0  0  0  0  0  0  0  0
    9.3215    5.1868    5.6826 C   0  0  0  0  0  0  0  0  0  0  0  0
    7.0384    6.0929    5.6541 O   0  0  0  0  0  0  0  0  0  0  0  0
    6.3841    7.2924    5.5915 C   0  0  0  0  0  0  0  0  0  0  0  0
    4.9010    7.2509    5.6094 C   0  0  0  0  0  0  0  0  0  0  0  0
    7.2917    8.3147    5.5227 C   0  0  0  0  0  0  0  0  0  0  0  0
   10.9005    9.9839    5.3880 H   0  0  0  0  0  0  0  0  0  0  0  0
    9.3469   10.0530    4.5000 H   0  0  0  0  0  0  0  0  0  0  0  0
    9.3658   10.1570    6.2944 H   0  0  0  0  0  0  0  0  0  0  0  0
    9.1961    4.6027    6.6074 H   0  0  0  0  0  0  0  0  0  0  0  0
    9.1775    4.5000    4.8342 H   0  0  0  0  0  0  0  0  0  0  0  0
   10.3545    5.5531    5.6505 H   0  0  0  0  0  0  0  0  0  0  0  0
    4.5009    6.6797    4.7583 H   0  0  0  0  0  0  0  0  0  0  0  0
    4.5195    6.7823    6.5290 H   0  0  0  0  0  0  0  0  0  0  0  0
    4.5000    8.2695    5.5547 H   0  0  0  0  0  0  0  0  0  0  0  0
    7.0520    9.3701    5.4640 H   0  0  0  0  0  0  0  0  0  0  0  0
  1  2  1  0  0  0  0
  1 12  1  0  0  0  0
  2  3  1  0  0  0  0
  3  4  2  0  0  0  0
  4  6  1  0  0  0  0
  4  5  1  0  0  0  0
  5 13  1  0  0  0  0
  7  8  1  0  0  0  0
  7  6  1  0  0  0  0
  8 17  1  0  0  0  0
  9  3  1  0  0  0  0
  9  7  2  0  0  0  0
 10  1  1  0  0  0  0
 11  1  1  0  0  0  0
 14  5  1  0  0  0  0
 15  5  1  0  0  0  0
 16  8  1  0  0  0  0
 18  8  1  0  0  0  0
 19  9  1  0  0  0  0
M  END
