Lattice="13.50514475 0.0 0.0 0.0 13.6073486 0.0 0.0 0.0 14.2046727" Properties=species:S:1:pos:R:3:GW_charged:R:1:dKS_charged:R:1:dKS_neutral:R:1 pbc="T T T"
 OpenBabel12102411073D
Lattice="13.50514475 0.0 0.0 0.0 13.6073486 0.0 0.0 0.0 14.2046727" Properties=species:S:1:pos:R:3:GW_charged:R:1:dKS_charged:R:1:dKS_neutral:R:1 pbc="T T T"
 23 25  0  0  1  0  0  0  0  0999 V2000
    6.4101    8.2582    5.5197 C   0  0  0  0  0  0  0  0  0  0  0  0
    7.9304    8.3399    5.8245 C   0  0  0  0  0  0  0  0  0  0  0  0
    7.8967    6.8816    6.3627 C   0  0  1  0  0  0  0  0  0  0  0  0
    7.9905    6.6954    7.8735 C   0  0  1  0  0  0  0  0  0  0  0  0
    6.7988    7.3579    8.6266 C   0  0  0  0  0  0  0  0  0  0  0  0
    5.9836    6.0844    8.2669 C   0  0  2  0  0  0  0  0  0  0  0  0
    7.3435    5.3285    8.2383 C   0  0  0  0  0  0  0  0  0  0  0  0
    5.3991    6.1759    6.8521 C   0  0  0  0  0  0  0  0  0  0  0  0
    6.4212    6.7326    5.8394 C   0  0  1  0  0  0  0  0  0  0  0  0
    5.7913    8.8381    6.2180 H   0  0  0  0  0  0  0  0  0  0  0  0
    6.1045    8.5264    4.5000 H   0  0  0  0  0  0  0  0  0  0  0  0
    8.5499    8.4526    4.9257 H   0  0  0  0  0  0  0  0  0  0  0  0
    8.2409    9.1073    6.5470 H   0  0  0  0  0  0  0  0  0  0  0  0
    8.6182    6.2040    5.8812 H   0  0  0  0  0  0  0  0  0  0  0  0
    9.0051    6.9099    8.2394 H   0  0  0  0  0  0  0  0  0  0  0  0
    7.0017    7.4065    9.7047 H   0  0  0  0  0  0  0  0  0  0  0  0
    6.4278    8.3382    8.2976 H   0  0  0  0  0  0  0  0  0  0  0  0
    5.2269    5.7413    8.9856 H   0  0  0  0  0  0  0  0  0  0  0  0
    7.4594    4.5000    7.5234 H   0  0  0  0  0  0  0  0  0  0  0  0
    7.6395    4.9872    9.2389 H   0  0  0  0  0  0  0  0  0  0  0  0
    5.0638    5.1718    6.5475 H   0  0  0  0  0  0  0  0  0  0  0  0
    4.5000    6.8141    6.8567 H   0  0  0  0  0  0  0  0  0  0  0  0
    6.3863    6.1474    4.9113 H   0  0  0  0  0  0  0  0  0  0  0  0
  1  2  1  0  0  0  0
  1  9  1  0  0  0  0
  1 10  1  0  0  0  0
  2  3  1  0  0  0  0
  2 13  1  0  0  0  0
  3 14  1  6  0  0  0
  3  4  1  0  0  0  0
  4  7  1  0  0  0  0
  4 15  1  1  0  0  0
  4  5  1  0  0  0  0
  5 16  1  0  0  0  0
  6  5  1  0  0  0  0
  6 18  1  1  0  0  0
  7  6  1  0  0  0  0
  7 20  1  0  0  0  0
  8 22  1  0  0  0  0
  8  6  1  0  0  0  0
  9 23  1  6  0  0  0
  9  3  1  0  0  0  0
  9  8  1  0  0  0  0
 11  1  1  0  0  0  0
 12  2  1  0  0  0  0
 17  5  1  0  0  0  0
 19  7  1  0  0  0  0
 21  8  1  0  0  0  0
M  END
