Lattice="12.4831918 0.0 0.0 0.0 15.43806341 0.0 0.0 0.0 13.25661558" Properties=species:S:1:pos:R:3:GW_charged:R:1:dKS_charged:R:1:dKS_neutral:R:1 pbc="T T T"
 OpenBabel12102409393D
Lattice="12.4831918 0.0 0.0 0.0 15.43806341 0.0 0.0 0.0 13.25661558" Properties=species:S:1:pos:R:3:GW_charged:R:1:dKS_charged:R:1:dKS_neutral:R:1 pbc="T T T"
 19 18  0  0  0  0  0  0  0  0999 V2000
    5.3520   10.4419    7.8416 C   0  0  0  0  0  0  0  0  0  0  0  0
    5.4919    8.9194    7.7962 C   0  0  0  0  0  0  0  0  0  0  0  0
    6.2003    8.4405    6.5392 C   0  0  0  0  0  0  0  0  0  0  0  0
    6.2978    7.0210    6.5708 O   0  0  0  0  0  0  0  0  0  0  0  0
    6.9183    6.4745    5.4122 C   0  0  0  0  0  0  0  0  0  0  0  0
    6.8009    4.9649    5.5096 C   0  0  0  0  0  0  0  0  0  0  0  0
    5.4427    4.5352    5.5401 O   0  0  0  0  0  0  0  0  0  0  0  0
    6.3330   10.9381    7.8220 H   0  0  0  0  0  0  0  0  0  0  0  0
    4.7723   10.8199    6.9872 H   0  0  0  0  0  0  0  0  0  0  0  0
    4.8383   10.7636    8.7566 H   0  0  0  0  0  0  0  0  0  0  0  0
    6.0521    8.5613    8.6732 H   0  0  0  0  0  0  0  0  0  0  0  0
    4.5000    8.4445    7.8431 H   0  0  0  0  0  0  0  0  0  0  0  0
    5.6449    8.7588    5.6342 H   0  0  0  0  0  0  0  0  0  0  0  0
    7.2135    8.8857    6.4726 H   0  0  0  0  0  0  0  0  0  0  0  0
    6.4071    6.8383    4.5000 H   0  0  0  0  0  0  0  0  0  0  0  0
    7.9832    6.7758    5.3569 H   0  0  0  0  0  0  0  0  0  0  0  0
    7.2621    4.5000    4.6272 H   0  0  0  0  0  0  0  0  0  0  0  0
    7.3470    4.6141    6.4051 H   0  0  0  0  0  0  0  0  0  0  0  0
    5.0083    5.0720    6.2241 H   0  0  0  0  0  0  0  0  0  0  0  0
  1 10  1  0  0  0  0
  2  1  1  0  0  0  0
  2 12  1  0  0  0  0
  2 11  1  0  0  0  0
  3  4  1  0  0  0  0
  3  2  1  0  0  0  0
  5  6  1  0  0  0  0
  5  4  1  0  0  0  0
  6  7  1  0  0  0  0
  6 18  1  0  0  0  0
  7 19  1  0  0  0  0
  8  1  1  0  0  0  0
  9  1  1  0  0  0  0
 13  3  1  0  0  0  0
 14  3  1  0  0  0  0
 15  5  1  0  0  0  0
 16  5  1  0  0  0  0
 17  6  1  0  0  0  0
M  END
