Lattice="11.78562063 0.0 0.0 0.0 16.74231173 0.0 0.0 0.0 13.31676879" Properties=species:S:1:pos:R:3:GW_charged:R:1:dKS_charged:R:1:dKS_neutral:R:1 pbc="T T T"
 OpenBabel12102409443D
Lattice="11.78562063 0.0 0.0 0.0 16.74231173 0.0 0.0 0.0 13.31676879" Properties=species:S:1:pos:R:3:GW_charged:R:1:dKS_charged:R:1:dKS_neutral:R:1 pbc="T T T"
 19 19  0  0  0  0  0  0  0  0999 V2000
    6.3828   11.8917    6.6741 O   0  0  0  0  0  0  0  0  0  0  0  0
    6.4570   10.4623    6.6662 C   0  0  0  0  0  0  0  0  0  0  0  0
    5.0300    9.9155    6.6750 C   0  0  0  0  0  0  0  0  0  0  0  0
    5.0106    8.4071    6.6674 C   0  0  0  0  0  0  0  0  0  0  0  0
    5.0156    7.6943    5.4601 C   0  0  0  0  0  0  0  0  0  0  0  0
    5.0395    6.2990    5.4499 C   0  0  0  0  0  0  0  0  0  0  0  0
    5.0604    5.5899    6.6525 C   0  0  0  0  0  0  0  0  0  0  0  0
    5.0559    6.2865    7.8626 C   0  0  0  0  0  0  0  0  0  0  0  0
    5.0321    7.6819    7.8671 C   0  0  0  0  0  0  0  0  0  0  0  0
    7.2856   12.2423    6.6686 H   0  0  0  0  0  0  0  0  0  0  0  0
    6.9872   10.0962    5.7680 H   0  0  0  0  0  0  0  0  0  0  0  0
    7.0018   10.0870    7.5518 H   0  0  0  0  0  0  0  0  0  0  0  0
    4.5144   10.3033    7.5658 H   0  0  0  0  0  0  0  0  0  0  0  0
    4.5000   10.3124    5.7968 H   0  0  0  0  0  0  0  0  0  0  0  0
    4.9938    8.2426    4.5162 H   0  0  0  0  0  0  0  0  0  0  0  0
    5.0370    5.7636    4.5000 H   0  0  0  0  0  0  0  0  0  0  0  0
    5.0749    4.5000    6.6468 H   0  0  0  0  0  0  0  0  0  0  0  0
    5.0663    5.7414    8.8069 H   0  0  0  0  0  0  0  0  0  0  0  0
    5.0232    8.2205    8.8168 H   0  0  0  0  0  0  0  0  0  0  0  0
  2  1  1  0  0  0  0
  2  3  1  0  0  0  0
  2 12  1  0  0  0  0
  3 13  1  0  0  0  0
  4  3  1  0  0  0  0
  4  9  1  0  0  0  0
  5  4  2  0  0  0  0
  6  5  1  0  0  0  0
  6  7  2  0  0  0  0
  7  8  1  0  0  0  0
  8  9  2  0  0  0  0
  8 18  1  0  0  0  0
  9 19  1  0  0  0  0
 10  1  1  0  0  0  0
 11  2  1  0  0  0  0
 14  3  1  0  0  0  0
 15  5  1  0  0  0  0
 16  6  1  0  0  0  0
 17  7  1  0  0  0  0
M  END
