Lattice="13.470757760000001 0.0 0.0 0.0 13.22164901 0.0 0.0 0.0 13.75824628" Properties=species:S:1:pos:R:3:GW_charged:R:1:dKS_charged:R:1:dKS_neutral:R:1 pbc="T T T"
 OpenBabel12102411063D
Lattice="13.470757760000001 0.0 0.0 0.0 13.22164901 0.0 0.0 0.0 13.75824628" Properties=species:S:1:pos:R:3:GW_charged:R:1:dKS_charged:R:1:dKS_neutral:R:1 pbc="T T T"
 21 23  0  0  1  0  0  0  0  0999 V2000
    5.3320    7.6228    6.1557 C   0  0  0  0  0  0  0  0  0  0  0  0
    6.7867    8.0124    6.4257 C   0  0  2  0  0  0  0  0  0  0  0  0
    7.8682    7.9480    5.4480 O   0  0  0  0  0  0  0  0  0  0  0  0
    7.5900    6.7911    6.2619 C   0  0  2  0  0  0  0  0  0  0  0  0
    6.6891    5.7656    5.5724 C   0  0  0  0  0  0  0  0  0  0  0  0
    5.4008    6.0787    6.3492 C   0  0  1  0  0  0  0  0  0  0  0  0
    5.6927    5.6005    7.8031 C   0  0  0  0  0  0  0  0  0  0  0  0
    7.0400    6.0498    8.4608 C   0  0  0  0  0  0  0  0  0  0  0  0
    8.2594    6.2533    7.4984 C   0  0  0  0  0  0  0  0  0  0  0  0
    4.6666    8.1280    6.8701 H   0  0  0  0  0  0  0  0  0  0  0  0
    4.9849    7.8767    5.1426 H   0  0  0  0  0  0  0  0  0  0  0  0
    6.9990    8.7216    7.2296 H   0  0  0  0  0  0  0  0  0  0  0  0
    6.6065    5.9844    4.5000 H   0  0  0  0  0  0  0  0  0  0  0  0
    7.0362    4.7315    5.6994 H   0  0  0  0  0  0  0  0  0  0  0  0
    4.5000    5.5645    5.9779 H   0  0  0  0  0  0  0  0  0  0  0  0
    4.8723    5.8934    8.4762 H   0  0  0  0  0  0  0  0  0  0  0  0
    5.6714    4.5000    7.7635 H   0  0  0  0  0  0  0  0  0  0  0  0
    6.8723    7.0149    8.9601 H   0  0  0  0  0  0  0  0  0  0  0  0
    7.2935    5.3357    9.2582 H   0  0  0  0  0  0  0  0  0  0  0  0
    8.7963    5.3136    7.3020 H   0  0  0  0  0  0  0  0  0  0  0  0
    8.9708    6.9627    7.9421 H   0  0  0  0  0  0  0  0  0  0  0  0
  1  6  1  0  0  0  0
  1  2  1  0  0  0  0
  1 10  1  0  0  0  0
  2 12  1  1  0  0  0
  3  2  1  0  0  0  0
  4  3  1  6  0  0  0
  4  2  1  0  0  0  0
  4  9  1  0  0  0  0
  5 14  1  0  0  0  0
  5  4  1  0  0  0  0
  5  6  1  0  0  0  0
  6 15  1  6  0  0  0
  6  7  1  0  0  0  0
  7  8  1  0  0  0  0
  7 16  1  0  0  0  0
  8 18  1  0  0  0  0
  8 19  1  0  0  0  0
  9 21  1  0  0  0  0
  9  8  1  0  0  0  0
 11  1  1  0  0  0  0
 13  5  1  0  0  0  0
 17  7  1  0  0  0  0
 20  9  1  0  0  0  0
M  END
