Lattice="13.919518100000001 0.0 0.0 0.0 14.09400438 0.0 0.0 0.0 13.079744869999999" Properties=species:S:1:pos:R:3:GW_charged:R:1:dKS_charged:R:1:dKS_neutral:R:1 pbc="T T T"
 OpenBabel12102411063D
Lattice="13.919518100000001 0.0 0.0 0.0 14.09400438 0.0 0.0 0.0 13.079744869999999" Properties=species:S:1:pos:R:3:GW_charged:R:1:dKS_charged:R:1:dKS_neutral:R:1 pbc="T T T"
 23 25  0  0  1  0  0  0  0  0999 V2000
    5.9068    8.6507    6.7945 C   0  0  0  0  0  0  0  0  0  0  0  0
    7.2232    8.7620    5.9688 C   0  0  1  0  0  0  0  0  0  0  0  0
    8.5060    8.3744    6.7348 C   0  0  0  0  0  0  0  0  0  0  0  0
    8.1763    6.8637    6.5156 C   0  0  1  0  0  0  0  0  0  0  0  0
    7.7321    6.0471    7.7431 C   0  0  0  0  0  0  0  0  0  0  0  0
    6.5093    5.1857    7.4117 C   0  0  0  0  0  0  0  0  0  0  0  0
    5.2794    6.0521    7.0949 C   0  0  0  0  0  0  0  0  0  0  0  0
    5.6153    7.2426    6.1764 C   0  0  2  0  0  0  0  0  0  0  0  0
    7.0235    7.2696    5.5331 C   0  0  1  0  0  0  0  0  0  0  0  0
    6.0644    8.6496    7.8834 H   0  0  0  0  0  0  0  0  0  0  0  0
    5.1484    9.4110    6.5687 H   0  0  0  0  0  0  0  0  0  0  0  0
    7.2749    9.5940    5.2564 H   0  0  0  0  0  0  0  0  0  0  0  0
    9.4195    8.6845    6.2094 H   0  0  0  0  0  0  0  0  0  0  0  0
    8.5787    8.7152    7.7792 H   0  0  0  0  0  0  0  0  0  0  0  0
    8.9793    6.3241    5.9955 H   0  0  0  0  0  0  0  0  0  0  0  0
    8.5634    5.4218    8.0995 H   0  0  0  0  0  0  0  0  0  0  0  0
    7.4818    6.7207    8.5797 H   0  0  0  0  0  0  0  0  0  0  0  0
    6.7464    4.5487    6.5425 H   0  0  0  0  0  0  0  0  0  0  0  0
    6.2802    4.5000    8.2406 H   0  0  0  0  0  0  0  0  0  0  0  0
    4.5000    5.4248    6.6380 H   0  0  0  0  0  0  0  0  0  0  0  0
    4.8500    6.4340    8.0359 H   0  0  0  0  0  0  0  0  0  0  0  0
    4.8452    7.3457    5.3996 H   0  0  0  0  0  0  0  0  0  0  0  0
    7.1325    6.9177    4.5000 H   0  0  0  0  0  0  0  0  0  0  0  0
  1 10  1  0  0  0  0
  2 12  1  6  0  0  0
  2  3  1  0  0  0  0
  2  1  1  0  0  0  0
  3 14  1  0  0  0  0
  4 15  1  6  0  0  0
  4  3  1  0  0  0  0
  4  5  1  0  0  0  0
  5 16  1  0  0  0  0
  5 17  1  0  0  0  0
  6  5  1  0  0  0  0
  6 19  1  0  0  0  0
  7  6  1  0  0  0  0
  7 21  1  0  0  0  0
  8 22  1  6  0  0  0
  8  1  1  0  0  0  0
  8  7  1  0  0  0  0
  9 23  1  6  0  0  0
  9  2  1  0  0  0  0
  9  8  1  0  0  0  0
  9  4  1  0  0  0  0
 11  1  1  0  0  0  0
 13  3  1  0  0  0  0
 18  6  1  0  0  0  0
 20  7  1  0  0  0  0
M  END
