Lattice="13.57632653 0.0 0.0 0.0 13.66932286 0.0 0.0 0.0 13.905831169999999" Properties=species:S:1:pos:R:3:GW_charged:R:1:dKS_charged:R:1:dKS_neutral:R:1 pbc="T T T"
 OpenBabel12102411073D
Lattice="13.57632653 0.0 0.0 0.0 13.66932286 0.0 0.0 0.0 13.905831169999999" Properties=species:S:1:pos:R:3:GW_charged:R:1:dKS_charged:R:1:dKS_neutral:R:1 pbc="T T T"
 23 24  0  0  1  0  0  0  0  0999 V2000
    5.5248    7.7341    6.6257 C   0  0  0  0  0  0  0  0  0  0  0  0
    6.9452    8.2874    6.3882 C   0  0  0  0  0  0  0  0  0  0  0  0
    8.0060    7.2176    6.6545 C   0  0  1  0  0  0  0  0  0  0  0  0
    8.0335    6.7201    8.1274 C   0  0  0  0  0  0  0  0  0  0  0  0
    7.2292    5.4350    8.3465 C   0  0  0  0  0  0  0  0  0  0  0  0
    5.7540    5.5193    7.9278 C   0  0  0  0  0  0  0  0  0  0  0  0
    5.5014    6.1884    6.5568 C   0  0  2  0  0  0  0  0  0  0  0  0
    6.4911    5.7255    5.4823 C   0  0  0  0  0  0  0  0  0  0  0  0
    7.8526    6.1206    5.7342 O   0  0  0  0  0  0  0  0  0  0  0  0
    5.1367    8.0581    7.6020 H   0  0  0  0  0  0  0  0  0  0  0  0
    4.8403    8.1459    5.8704 H   0  0  0  0  0  0  0  0  0  0  0  0
    7.0576    8.6155    5.3441 H   0  0  0  0  0  0  0  0  0  0  0  0
    7.1422    9.1693    7.0143 H   0  0  0  0  0  0  0  0  0  0  0  0
    8.9944    7.6312    6.4069 H   0  0  0  0  0  0  0  0  0  0  0  0
    9.0763    6.5312    8.4211 H   0  0  0  0  0  0  0  0  0  0  0  0
    7.6681    7.5249    8.7866 H   0  0  0  0  0  0  0  0  0  0  0  0
    7.7182    4.6296    7.7794 H   0  0  0  0  0  0  0  0  0  0  0  0
    7.2903    5.1428    9.4058 H   0  0  0  0  0  0  0  0  0  0  0  0
    5.3374    4.5000    7.9119 H   0  0  0  0  0  0  0  0  0  0  0  0
    5.1778    6.0715    8.6880 H   0  0  0  0  0  0  0  0  0  0  0  0
    4.5000    5.8761    6.2201 H   0  0  0  0  0  0  0  0  0  0  0  0
    6.5004    4.6272    5.3990 H   0  0  0  0  0  0  0  0  0  0  0  0
    6.1760    6.1267    4.5000 H   0  0  0  0  0  0  0  0  0  0  0  0
  1 10  1  0  0  0  0
  2  1  1  0  0  0  0
  2  3  1  0  0  0  0
  2 13  1  0  0  0  0
  3 14  1  6  0  0  0
  3  4  1  0  0  0  0
  4  5  1  0  0  0  0
  4 15  1  0  0  0  0
  4 16  1  0  0  0  0
  5 18  1  0  0  0  0
  6  5  1  0  0  0  0
  6 20  1  0  0  0  0
  7 21  1  6  0  0  0
  7  1  1  0  0  0  0
  7  6  1  0  0  0  0
  8  9  1  0  0  0  0
  8  7  1  0  0  0  0
  9  3  1  0  0  0  0
 11  1  1  0  0  0  0
 12  2  1  0  0  0  0
 17  5  1  0  0  0  0
 19  6  1  0  0  0  0
 22  8  1  0  0  0  0
 23  8  1  0  0  0  0
M  END
