Lattice="13.37359689 0.0 0.0 0.0 12.89215179 0.0 0.0 0.0 14.37072346" Properties=species:S:1:pos:R:3:GW_charged:R:1:dKS_charged:R:1:dKS_neutral:R:1 pbc="T T T"
 OpenBabel12102411063D
Lattice="13.37359689 0.0 0.0 0.0 12.89215179 0.0 0.0 0.0 14.37072346" Properties=species:S:1:pos:R:3:GW_charged:R:1:dKS_charged:R:1:dKS_neutral:R:1 pbc="T T T"
 21 23  0  0  1  0  0  0  0  0999 V2000
    5.6339    7.6474    5.6153 C   0  0  0  0  0  0  0  0  0  0  0  0
    7.0541    7.1166    5.4654 C   0  0  1  0  0  0  0  0  0  0  0  0
    8.0283    7.0551    6.6267 C   0  0  0  0  0  0  0  0  0  0  0  0
    7.4560    6.4697    7.9237 C   0  0  1  0  0  0  0  0  0  0  0  0
    6.6029    7.3826    8.8565 C   0  0  0  0  0  0  0  0  0  0  0  0
    5.3977    6.4084    8.7309 C   0  0  0  0  0  0  0  0  0  0  0  0
    6.2359    5.4937    7.7884 C   0  0  1  0  0  0  0  0  0  0  0  0
    5.7121    5.2155    6.4943 O   0  0  0  0  0  0  0  0  0  0  0  0
    5.8915    6.1650    5.4698 C   0  0  1  0  0  0  0  0  0  0  0  0
    5.3243    8.0463    6.5778 H   0  0  0  0  0  0  0  0  0  0  0  0
    5.1892    8.1629    4.7647 H   0  0  0  0  0  0  0  0  0  0  0  0
    7.5302    7.2962    4.5000 H   0  0  0  0  0  0  0  0  0  0  0  0
    8.8736    6.4265    6.3048 H   0  0  0  0  0  0  0  0  0  0  0  0
    8.4502    8.0528    6.8329 H   0  0  0  0  0  0  0  0  0  0  0  0
    8.2757    5.9893    8.4741 H   0  0  0  0  0  0  0  0  0  0  0  0
    7.0068    7.4896    9.8707 H   0  0  0  0  0  0  0  0  0  0  0  0
    6.4244    8.3922    8.4629 H   0  0  0  0  0  0  0  0  0  0  0  0
    5.0919    5.9200    9.6647 H   0  0  0  0  0  0  0  0  0  0  0  0
    4.5000    6.8233    8.2575 H   0  0  0  0  0  0  0  0  0  0  0  0
    6.4293    4.5000    8.2129 H   0  0  0  0  0  0  0  0  0  0  0  0
    5.5956    5.6986    4.5311 H   0  0  0  0  0  0  0  0  0  0  0  0
  1 10  1  0  0  0  0
  2 12  1  6  0  0  0
  2  9  1  0  0  0  0
  2  1  1  0  0  0  0
  2  3  1  0  0  0  0
  3 14  1  0  0  0  0
  3  4  1  0  0  0  0
  4 15  1  1  0  0  0
  4  5  1  0  0  0  0
  5 16  1  0  0  0  0
  6  5  1  0  0  0  0
  6 18  1  0  0  0  0
  7  4  1  0  0  0  0
  7 20  1  1  0  0  0
  7  6  1  0  0  0  0
  8  7  1  0  0  0  0
  9 21  1  6  0  0  0
  9  1  1  0  0  0  0
  9  8  1  0  0  0  0
 11  1  1  0  0  0  0
 13  3  1  0  0  0  0
 17  5  1  0  0  0  0
 19  6  1  0  0  0  0
M  END
