Lattice="14.94788348 0.0 0.0 0.0 14.79317155 0.0 0.0 0.0 13.63438856" Properties=species:S:1:pos:R:3:GW_charged:R:1:dKS_charged:R:1:dKS_neutral:R:1 pbc="T T T"
 OpenBabel12102410123D
Lattice="14.94788348 0.0 0.0 0.0 14.79317155 0.0 0.0 0.0 13.63438856" Properties=species:S:1:pos:R:3:GW_charged:R:1:dKS_charged:R:1:dKS_neutral:R:1 pbc="T T T"
 21 22  0  0  1  0  0  0  0  0999 V2000
    8.2505    9.8729    5.4510 C   0  0  0  0  0  0  0  0  0  0  0  0
    9.7355    9.7006    5.7117 C   0  0  0  0  0  0  0  0  0  0  0  0
    8.8833    8.4996    5.4630 C   0  0  0  0  0  0  0  0  0  0  0  0
    8.6889    7.6420    6.5533 O   0  0  0  0  0  0  0  0  0  0  0  0
    7.5849    6.7291    6.3863 C   0  0  1  0  0  0  0  0  0  0  0  0
    7.6975    5.6343    7.4677 C   0  0  0  0  0  0  0  0  0  0  0  0
    6.2730    5.4326    8.0362 C   0  0  0  0  0  0  0  0  0  0  0  0
    5.5180    6.6294    7.5220 C   0  0  0  0  0  0  0  0  0  0  0  0
    6.2196    7.3307    6.6249 C   0  0  0  0  0  0  0  0  0  0  0  0
    7.6320   10.1335    6.3078 H   0  0  0  0  0  0  0  0  0  0  0  0
    7.9250   10.2932    4.5000 H   0  0  0  0  0  0  0  0  0  0  0  0
   10.4479   10.0007    4.9452 H   0  0  0  0  0  0  0  0  0  0  0  0
   10.0763    9.8446    6.7356 H   0  0  0  0  0  0  0  0  0  0  0  0
    8.9882    7.9814    4.5023 H   0  0  0  0  0  0  0  0  0  0  0  0
    7.6528    6.3115    5.3614 H   0  0  0  0  0  0  0  0  0  0  0  0
    8.1394    4.7097    7.0790 H   0  0  0  0  0  0  0  0  0  0  0  0
    8.3723    6.0199    8.2438 H   0  0  0  0  0  0  0  0  0  0  0  0
    5.8151    4.5000    7.6661 H   0  0  0  0  0  0  0  0  0  0  0  0
    6.2557    5.3635    9.1344 H   0  0  0  0  0  0  0  0  0  0  0  0
    4.5000    6.8614    7.8376 H   0  0  0  0  0  0  0  0  0  0  0  0
    5.8634    8.2092    6.0897 H   0  0  0  0  0  0  0  0  0  0  0  0
  1  3  1  0  0  0  0
  1  2  1  0  0  0  0
  1 10  1  0  0  0  0
  2 13  1  0  0  0  0
  3  2  1  0  0  0  0
  3  4  1  0  0  0  0
  5 15  1  6  0  0  0
  5  4  1  0  0  0  0
  5  9  1  0  0  0  0
  5  6  1  0  0  0  0
  6  7  1  0  0  0  0
  6 17  1  0  0  0  0
  7 19  1  0  0  0  0
  8 20  1  0  0  0  0
  8  7  1  0  0  0  0
  9  8  2  0  0  0  0
 11  1  1  0  0  0  0
 12  2  1  0  0  0  0
 14  3  1  0  0  0  0
 16  6  1  0  0  0  0
 18  7  1  0  0  0  0
 21  9  1  0  0  0  0
M  END
