Lattice="12.78260513 0.0 0.0 0.0 12.58105804 0.0 0.0 0.0 12.08770219" Properties=species:S:1:pos:R:3:GW_charged:R:1:dKS_charged:R:1:dKS_neutral:R:1 pbc="T T T"
 OpenBabel11192412253D
Lattice="12.78260513 0.0 0.0 0.0 12.58105804 0.0 0.0 0.0 12.08770219" Properties=species:S:1:pos:R:3:GW_charged:R:1:dKS_charged:R:1:dKS_neutral:R:1 pbc="T T T"
 13 12  0  0  0  0  0  0  0  0999 V2000
    6.4882    7.6704    5.4091 C   0  0  0  0  0  0  0  0  0  0  0  0
    6.5330    6.1335    5.4206 C   0  0  0  0  0  0  0  0  0  0  0  0
    7.2627    5.5956    6.6625 C   0  0  0  0  0  0  0  0  0  0  0  0
    5.1174    5.5953    5.4047 C   0  0  0  0  0  0  0  0  0  0  0  0
    4.6384    4.8932    4.5407 O   0  0  0  0  0  0  0  0  0  0  0  0
    7.5061    8.0811    5.4531 H   0  0  0  0  0  0  0  0  0  0  0  0
    6.0056    8.0525    4.5000 H   0  0  0  0  0  0  0  0  0  0  0  0
    5.9359    8.0595    6.2776 H   0  0  0  0  0  0  0  0  0  0  0  0
    7.0267    5.7668    4.5087 H   0  0  0  0  0  0  0  0  0  0  0  0
    6.7454    5.8907    7.5877 H   0  0  0  0  0  0  0  0  0  0  0  0
    7.3319    4.5000    6.6460 H   0  0  0  0  0  0  0  0  0  0  0  0
    8.2826    6.0009    6.7099 H   0  0  0  0  0  0  0  0  0  0  0  0
    4.5000    5.9030    6.2939 H   0  0  0  0  0  0  0  0  0  0  0  0
  1  2  1  0  0  0  0
  1  6  1  0  0  0  0
  1  8  1  0  0  0  0
  2  3  1  0  0  0  0
  3 12  1  0  0  0  0
  3 10  1  0  0  0  0
  4  2  1  0  0  0  0
  4 13  1  0  0  0  0
  5  4  2  0  0  0  0
  7  1  1  0  0  0  0
  9  2  1  0  0  0  0
 11  3  1  0  0  0  0
M  END
