Lattice="13.73281639 0.0 0.0 0.0 13.62620638 0.0 0.0 0.0 13.11173609" Properties=species:S:1:pos:R:3:GW_charged:R:1:dKS_charged:R:1:dKS_neutral:R:1 pbc="T T T"
 OpenBabel12102411043D
Lattice="13.73281639 0.0 0.0 0.0 13.62620638 0.0 0.0 0.0 13.11173609" Properties=species:S:1:pos:R:3:GW_charged:R:1:dKS_charged:R:1:dKS_neutral:R:1 pbc="T T T"
 21 24  0  0  1  0  0  0  0  0999 V2000
    5.3424    8.4653    6.7102 C   0  0  0  0  0  0  0  0  0  0  0  0
    6.8716    8.3148    6.7068 C   0  0  1  0  0  0  0  0  0  0  0  0
    6.7180    6.9725    7.5216 C   0  0  1  0  0  0  0  0  0  0  0  0
    5.3633    6.9289    6.7141 C   0  0  2  0  0  0  0  0  0  0  0  0
    6.0666    6.4834    5.4147 C   0  0  2  0  0  0  0  0  0  0  0  0
    6.7545    5.1889    5.8887 C   0  0  0  0  0  0  0  0  0  0  0  0
    7.6900    5.9114    6.8816 C   0  0  1  0  0  0  0  0  0  0  0  0
    8.4836    6.7778    5.8803 C   0  0  0  0  0  0  0  0  0  0  0  0
    7.2493    7.5702    5.4090 C   0  0  2  0  0  0  0  0  0  0  0  0
    4.9692    8.8765    7.6578 H   0  0  0  0  0  0  0  0  0  0  0  0
    4.8632    8.9824    5.8660 H   0  0  0  0  0  0  0  0  0  0  0  0
    7.5408    9.1262    7.0189 H   0  0  0  0  0  0  0  0  0  0  0  0
    6.6570    7.0447    8.6117 H   0  0  0  0  0  0  0  0  0  0  0  0
    4.5000    6.3321    7.0336 H   0  0  0  0  0  0  0  0  0  0  0  0
    5.4516    6.4360    4.5092 H   0  0  0  0  0  0  0  0  0  0  0  0
    6.0403    4.5000    6.3625 H   0  0  0  0  0  0  0  0  0  0  0  0
    7.3060    4.6416    5.1117 H   0  0  0  0  0  0  0  0  0  0  0  0
    8.2646    5.2898    7.5764 H   0  0  0  0  0  0  0  0  0  0  0  0
    9.2328    7.4335    6.3471 H   0  0  0  0  0  0  0  0  0  0  0  0
    8.9783    6.1783    5.1036 H   0  0  0  0  0  0  0  0  0  0  0  0
    7.3437    8.1746    4.5000 H   0  0  0  0  0  0  0  0  0  0  0  0
  1  4  1  0  0  0  0
  1 10  1  0  0  0  0
  2  1  1  0  0  0  0
  2 12  1  1  0  0  0
  2  3  1  0  0  0  0
  3 13  1  1  0  0  0
  4 14  1  1  0  0  0
  4  3  1  0  0  0  0
  5 15  1  6  0  0  0
  5  6  1  0  0  0  0
  5  4  1  0  0  0  0
  6 16  1  0  0  0  0
  6  7  1  0  0  0  0
  7  3  1  0  0  0  0
  7 18  1  1  0  0  0
  8 19  1  0  0  0  0
  8  7  1  0  0  0  0
  9 21  1  6  0  0  0
  9  5  1  0  0  0  0
  9  8  1  0  0  0  0
  9  2  1  0  0  0  0
 11  1  1  0  0  0  0
 17  6  1  0  0  0  0
 20  8  1  0  0  0  0
M  END
