Lattice="13.006653499999999 0.0 0.0 0.0 15.41071895 0.0 0.0 0.0 14.1226959" Properties=species:S:1:pos:R:3:GW_charged:R:1:dKS_charged:R:1:dKS_neutral:R:1 pbc="T T T"
 OpenBabel12102409453D
Lattice="13.006653499999999 0.0 0.0 0.0 15.41071895 0.0 0.0 0.0 14.1226959" Properties=species:S:1:pos:R:3:GW_charged:R:1:dKS_charged:R:1:dKS_neutral:R:1 pbc="T T T"
 19 20  0  0  1  0  0  0  0  0999 V2000
    6.2519    5.5683    6.6040 C   0  0  0  0  0  0  0  0  0  0  0  0
    6.2511    6.7796    6.6588 C   0  0  0  0  0  0  0  0  0  0  0  0
    6.2608    8.2275    6.7067 C   0  0  2  0  0  0  0  0  0  0  0  0
    5.9414    8.9772    5.3649 C   0  0  0  0  0  0  0  0  0  0  0  0
    7.1424    9.9220    5.6238 C   0  0  0  0  0  0  0  0  0  0  0  0
    7.6464    8.9965    6.7673 C   0  0  1  0  0  0  0  0  0  0  0  0
    7.7591    9.6168    8.1670 C   0  0  0  0  0  0  0  0  0  0  0  0
    6.3485    9.5258    8.6960 C   0  0  0  0  0  0  0  0  0  0  0  0
    5.5478    8.7831    7.9228 C   0  0  0  0  0  0  0  0  0  0  0  0
    6.2521    4.5000    6.5601 H   0  0  0  0  0  0  0  0  0  0  0  0
    6.0884    8.3193    4.5000 H   0  0  0  0  0  0  0  0  0  0  0  0
    4.9445    9.4313    5.3035 H   0  0  0  0  0  0  0  0  0  0  0  0
    7.8313   10.0648    4.7831 H   0  0  0  0  0  0  0  0  0  0  0  0
    6.8393   10.9107    5.9930 H   0  0  0  0  0  0  0  0  0  0  0  0
    8.5067    8.3817    6.4816 H   0  0  0  0  0  0  0  0  0  0  0  0
    8.4605    9.0696    8.8193 H   0  0  0  0  0  0  0  0  0  0  0  0
    8.1255   10.6555    8.1214 H   0  0  0  0  0  0  0  0  0  0  0  0
    6.0348   10.0072    9.6227 H   0  0  0  0  0  0  0  0  0  0  0  0
    4.5000    8.5584    8.1205 H   0  0  0  0  0  0  0  0  0  0  0  0
  1  2  3  0  0  0  0
  3  2  1  6  0  0  0
  3  6  1  0  0  0  0
  3  9  1  0  0  0  0
  4  5  1  0  0  0  0
  4  3  1  0  0  0  0
  5 14  1  0  0  0  0
  5  6  1  0  0  0  0
  6 15  1  6  0  0  0
  6  7  1  0  0  0  0
  7  8  1  0  0  0  0
  7 16  1  0  0  0  0
  8 18  1  0  0  0  0
  9 19  1  0  0  0  0
  9  8  2  0  0  0  0
 10  1  1  0  0  0  0
 11  4  1  0  0  0  0
 12  4  1  0  0  0  0
 13  5  1  0  0  0  0
 17  7  1  0  0  0  0
M  END
