Lattice="14.19825836 0.0 0.0 0.0 14.149228019999999 0.0 0.0 0.0 14.39959717" Properties=species:S:1:pos:R:3:GW_charged:R:1:dKS_charged:R:1:dKS_neutral:R:1 pbc="T T T"
 OpenBabel12102409443D
Lattice="14.19825836 0.0 0.0 0.0 14.149228019999999 0.0 0.0 0.0 14.39959717" Properties=species:S:1:pos:R:3:GW_charged:R:1:dKS_charged:R:1:dKS_neutral:R:1 pbc="T T T"
 21 21  0  0  0  0  0  0  0  0999 V2000
    5.1625    9.0724    8.4507 C   0  0  0  0  0  0  0  0  0  0  0  0
    5.4505    7.5755    8.6548 C   0  0  0  0  0  0  0  0  0  0  0  0
    6.2778    6.9717    7.5748 C   0  0  0  0  0  0  0  0  0  0  0  0
    7.5847    6.5605    7.4967 C   0  0  0  0  0  0  0  0  0  0  0  0
    8.6113    6.5558    8.5901 C   0  0  0  0  0  0  0  0  0  0  0  0
    8.9316    5.1472    9.1130 C   0  0  0  0  0  0  0  0  0  0  0  0
    7.7723    6.0941    6.1484 C   0  0  0  0  0  0  0  0  0  0  0  0
    6.5829    6.2597    5.5077 C   0  0  0  0  0  0  0  0  0  0  0  0
    5.6559    6.7943    6.3575 O   0  0  0  0  0  0  0  0  0  0  0  0
    6.0964    9.6492    8.4181 H   0  0  0  0  0  0  0  0  0  0  0  0
    4.6291    9.2441    7.5069 H   0  0  0  0  0  0  0  0  0  0  0  0
    4.5432    9.4678    9.2673 H   0  0  0  0  0  0  0  0  0  0  0  0
    5.9723    7.4219    9.6101 H   0  0  0  0  0  0  0  0  0  0  0  0
    4.5000    7.0235    8.7321 H   0  0  0  0  0  0  0  0  0  0  0  0
    9.5367    7.0259    8.2204 H   0  0  0  0  0  0  0  0  0  0  0  0
    8.2666    7.1870    9.4226 H   0  0  0  0  0  0  0  0  0  0  0  0
    8.0332    4.6716    9.5293 H   0  0  0  0  0  0  0  0  0  0  0  0
    9.3028    4.5000    8.3066 H   0  0  0  0  0  0  0  0  0  0  0  0
    9.6983    5.1794    9.8996 H   0  0  0  0  0  0  0  0  0  0  0  0
    8.6833    5.6903    5.7184 H   0  0  0  0  0  0  0  0  0  0  0  0
    6.2397    6.0601    4.5000 H   0  0  0  0  0  0  0  0  0  0  0  0
  1  2  1  0  0  0  0
  1 12  1  0  0  0  0
  2 14  1  0  0  0  0
  2 13  1  0  0  0  0
  3  2  1  0  0  0  0
  4  3  2  0  0  0  0
  4  5  1  0  0  0  0
  5  6  1  0  0  0  0
  5 16  1  0  0  0  0
  6 17  1  0  0  0  0
  6 19  1  0  0  0  0
  7  4  1  0  0  0  0
  8  7  2  0  0  0  0
  8  9  1  0  0  0  0
  9  3  1  0  0  0  0
 10  1  1  0  0  0  0
 11  1  1  0  0  0  0
 15  5  1  0  0  0  0
 18  6  1  0  0  0  0
 20  7  1  0  0  0  0
 21  8  1  0  0  0  0
M  END
