Lattice="13.90098886 0.0 0.0 0.0 16.25991519 0.0 0.0 0.0 12.06996824" Properties=species:S:1:pos:R:3:GW_charged:R:1:dKS_charged:R:1:dKS_neutral:R:1 pbc="T T T"
 OpenBabel12102409453D
Lattice="13.90098886 0.0 0.0 0.0 16.25991519 0.0 0.0 0.0 12.06996824" Properties=species:S:1:pos:R:3:GW_charged:R:1:dKS_charged:R:1:dKS_neutral:R:1 pbc="T T T"
 19 19  0  0  0  0  0  0  0  0999 V2000
    6.8409    5.5638    5.0227 C   0  0  0  0  0  0  0  0  0  0  0  0
    6.8052    6.7723    5.1434 C   0  0  0  0  0  0  0  0  0  0  0  0
    6.8283    8.1870    5.2876 C   0  0  0  0  0  0  0  0  0  0  0  0
    5.6728    8.8902    5.2610 C   0  0  0  0  0  0  0  0  0  0  0  0
    5.5599   10.3868    5.3953 C   0  0  0  0  0  0  0  0  0  0  0  0
    6.1410   10.9490    6.5715 O   0  0  0  0  0  0  0  0  0  0  0  0
    7.5570   11.0925    6.5168 C   0  0  0  0  0  0  0  0  0  0  0  0
    8.3367    9.7843    6.6442 C   0  0  0  0  0  0  0  0  0  0  0  0
    8.2005    8.8253    5.4540 C   0  0  0  0  0  0  0  0  0  0  0  0
    6.8531    4.5000    4.9151 H   0  0  0  0  0  0  0  0  0  0  0  0
    4.7415    8.3381    5.1231 H   0  0  0  0  0  0  0  0  0  0  0  0
    5.9960   10.8799    4.5000 H   0  0  0  0  0  0  0  0  0  0  0  0
    4.5000   10.6685    5.4349 H   0  0  0  0  0  0  0  0  0  0  0  0
    7.8397   11.6095    5.5765 H   0  0  0  0  0  0  0  0  0  0  0  0
    7.8102   11.7599    7.3522 H   0  0  0  0  0  0  0  0  0  0  0  0
    9.4010   10.0465    6.7602 H   0  0  0  0  0  0  0  0  0  0  0  0
    8.0308    9.2744    7.5700 H   0  0  0  0  0  0  0  0  0  0  0  0
    8.9449    8.0245    5.5451 H   0  0  0  0  0  0  0  0  0  0  0  0
    8.4470    9.3641    4.5210 H   0  0  0  0  0  0  0  0  0  0  0  0
  1  2  3  0  0  0  0
  2  3  1  0  0  0  0
  3  9  1  0  0  0  0
  4  3  2  0  0  0  0
  4  5  1  0  0  0  0
  5 13  1  0  0  0  0
  5  6  1  0  0  0  0
  7  6  1  0  0  0  0
  7  8  1  0  0  0  0
  7 15  1  0  0  0  0
  8 16  1  0  0  0  0
  8 17  1  0  0  0  0
  9 18  1  0  0  0  0
  9  8  1  0  0  0  0
 10  1  1  0  0  0  0
 11  4  1  0  0  0  0
 12  5  1  0  0  0  0
 14  7  1  0  0  0  0
 19  9  1  0  0  0  0
M  END
