Lattice="14.42110796 0.0 0.0 0.0 14.41299683 0.0 0.0 0.0 12.33752576" Properties=species:S:1:pos:R:3:GW_charged:R:1:dKS_charged:R:1:dKS_neutral:R:1 pbc="T T T"
 OpenBabel12102409383D
Lattice="14.42110796 0.0 0.0 0.0 14.41299683 0.0 0.0 0.0 12.33752576" Properties=species:S:1:pos:R:3:GW_charged:R:1:dKS_charged:R:1:dKS_neutral:R:1 pbc="T T T"
 17 17  0  0  1  0  0  0  0  0999 V2000
    9.0826    9.5774    5.9075 O   0  0  0  0  0  0  0  0  0  0  0  0
    9.0518    8.1578    6.1022 C   0  0  0  0  0  0  0  0  0  0  0  0
    7.7291    7.6339    5.5612 C   0  0  0  0  0  0  0  0  0  0  0  0
    7.6122    6.1331    5.7083 C   0  0  1  0  0  0  0  0  0  0  0  0
    7.2189    5.5177    7.0435 C   0  0  0  0  0  0  0  0  0  0  0  0
    6.2754    5.4644    5.8668 C   0  0  1  0  0  0  0  0  0  0  0  0
    5.1346    6.2904    5.8410 O   0  0  0  0  0  0  0  0  0  0  0  0
    9.9211    9.9130    6.2567 H   0  0  0  0  0  0  0  0  0  0  0  0
    9.8954    7.6733    5.5749 H   0  0  0  0  0  0  0  0  0  0  0  0
    9.1414    7.9052    7.1748 H   0  0  0  0  0  0  0  0  0  0  0  0
    6.9013    8.1329    6.0835 H   0  0  0  0  0  0  0  0  0  0  0  0
    7.6414    7.9140    4.5000 H   0  0  0  0  0  0  0  0  0  0  0  0
    8.3363    5.5617    5.1228 H   0  0  0  0  0  0  0  0  0  0  0  0
    7.7015    4.6012    7.3802 H   0  0  0  0  0  0  0  0  0  0  0  0
    6.9579    6.2181    7.8375 H   0  0  0  0  0  0  0  0  0  0  0  0
    6.1432    4.5000    5.3659 H   0  0  0  0  0  0  0  0  0  0  0  0
    4.5000    5.9433    6.4866 H   0  0  0  0  0  0  0  0  0  0  0  0
  1  2  1  0  0  0  0
  1  8  1  0  0  0  0
  2 10  1  0  0  0  0
  3  4  1  0  0  0  0
  3 11  1  0  0  0  0
  3  2  1  0  0  0  0
  4 13  1  6  0  0  0
  4  6  1  0  0  0  0
  4  5  1  0  0  0  0
  5 14  1  0  0  0  0
  5 15  1  0  0  0  0
  6 16  1  6  0  0  0
  6  5  1  0  0  0  0
  7  6  1  0  0  0  0
  7 17  1  0  0  0  0
  9  2  1  0  0  0  0
 12  3  1  0  0  0  0
M  END
