Lattice="13.424315960000001 0.0 0.0 0.0 13.77806604 0.0 0.0 0.0 12.89906714" Properties=species:S:1:pos:R:3:GW_charged:R:1:dKS_charged:R:1:dKS_neutral:R:1 pbc="T T T"
 OpenBabel12102409263D
Lattice="13.424315960000001 0.0 0.0 0.0 13.77806604 0.0 0.0 0.0 12.89906714" Properties=species:S:1:pos:R:3:GW_charged:R:1:dKS_charged:R:1:dKS_neutral:R:1 pbc="T T T"
 18 18  0  0  1  0  0  0  0  0999 V2000
    5.3234    8.7828    6.3845 C   0  0  0  0  0  0  0  0  0  0  0  0
    5.4763    7.2718    6.3905 C   0  0  1  0  0  0  0  0  0  0  0  0
    6.5507    6.6096    5.4838 C   0  0  0  0  0  0  0  0  0  0  0  0
    6.8265    5.5829    6.6172 C   0  0  1  0  0  0  0  0  0  0  0  0
    8.2502    5.1217    6.8761 C   0  0  0  0  0  0  0  0  0  0  0  0
    6.1549    6.5778    7.6040 C   0  0  0  0  0  0  0  0  0  0  0  0
    6.2880    9.2781    6.5720 H   0  0  0  0  0  0  0  0  0  0  0  0
    4.9463    9.1446    5.4164 H   0  0  0  0  0  0  0  0  0  0  0  0
    4.6205    9.1185    7.1613 H   0  0  0  0  0  0  0  0  0  0  0  0
    4.5000    6.7978    6.2011 H   0  0  0  0  0  0  0  0  0  0  0  0
    6.2425    6.2311    4.5000 H   0  0  0  0  0  0  0  0  0  0  0  0
    7.4133    7.2807    5.3455 H   0  0  0  0  0  0  0  0  0  0  0  0
    6.1705    4.7083    6.4817 H   0  0  0  0  0  0  0  0  0  0  0  0
    8.9243    5.9803    7.0148 H   0  0  0  0  0  0  0  0  0  0  0  0
    8.3127    4.5000    7.7815 H   0  0  0  0  0  0  0  0  0  0  0  0
    8.6384    4.5261    6.0366 H   0  0  0  0  0  0  0  0  0  0  0  0
    6.9059    7.2400    8.0636 H   0  0  0  0  0  0  0  0  0  0  0  0
    5.5146    6.1728    8.3991 H   0  0  0  0  0  0  0  0  0  0  0  0
  1  2  1  0  0  0  0
  1  7  1  0  0  0  0
  1  9  1  0  0  0  0
  2 10  1  6  0  0  0
  2  6  1  0  0  0  0
  3  2  1  0  0  0  0
  3  4  1  0  0  0  0
  4 13  1  6  0  0  0
  4  5  1  0  0  0  0
  4  6  1  0  0  0  0
  5 14  1  0  0  0  0
  5 15  1  0  0  0  0
  6 17  1  0  0  0  0
  6 18  1  0  0  0  0
  8  1  1  0  0  0  0
 11  3  1  0  0  0  0
 12  3  1  0  0  0  0
 16  5  1  0  0  0  0
M  END
