Lattice="13.4683278 0.0 0.0 0.0 13.81642978 0.0 0.0 0.0 13.97295389" Properties=species:S:1:pos:R:3:GW_charged:R:1:dKS_charged:R:1:dKS_neutral:R:1 pbc="T T T"
 OpenBabel12102411073D
Lattice="13.4683278 0.0 0.0 0.0 13.81642978 0.0 0.0 0.0 13.97295389" Properties=species:S:1:pos:R:3:GW_charged:R:1:dKS_charged:R:1:dKS_neutral:R:1 pbc="T T T"
 23 25  0  0  1  0  0  0  0  0999 V2000
    5.8826    8.6660    6.4405 C   0  0  0  0  0  0  0  0  0  0  0  0
    7.2925    8.7406    7.1131 C   0  0  0  0  0  0  0  0  0  0  0  0
    7.2928    7.1951    7.2887 C   0  0  1  0  0  0  0  0  0  0  0  0
    6.6846    6.6605    8.6163 C   0  0  0  0  0  0  0  0  0  0  0  0
    5.2762    6.5860    7.9445 C   0  0  0  0  0  0  0  0  0  0  0  0
    5.8791    7.1203    6.6144 C   0  0  1  0  0  0  0  0  0  0  0  0
    6.0003    6.1742    5.4223 C   0  0  0  0  0  0  0  0  0  0  0  0
    7.2527    5.3210    5.7575 C   0  0  0  0  0  0  0  0  0  0  0  0
    8.2228    6.2918    6.4824 C   0  0  0  0  0  0  0  0  0  0  0  0
    5.0784    9.1968    6.9685 H   0  0  0  0  0  0  0  0  0  0  0  0
    5.8695    8.9916    5.3915 H   0  0  0  0  0  0  0  0  0  0  0  0
    8.0861    9.1089    6.4489 H   0  0  0  0  0  0  0  0  0  0  0  0
    7.3405    9.3164    8.0476 H   0  0  0  0  0  0  0  0  0  0  0  0
    7.0832    5.6832    8.9226 H   0  0  0  0  0  0  0  0  0  0  0  0
    6.7696    7.3432    9.4730 H   0  0  0  0  0  0  0  0  0  0  0  0
    4.8733    5.5663    7.8685 H   0  0  0  0  0  0  0  0  0  0  0  0
    4.5000    7.2231    8.3903 H   0  0  0  0  0  0  0  0  0  0  0  0
    5.1062    5.5571    5.2506 H   0  0  0  0  0  0  0  0  0  0  0  0
    6.1781    6.7501    4.5000 H   0  0  0  0  0  0  0  0  0  0  0  0
    6.9721    4.5000    6.4368 H   0  0  0  0  0  0  0  0  0  0  0  0
    7.7009    4.8536    4.8698 H   0  0  0  0  0  0  0  0  0  0  0  0
    8.7771    6.8876    5.7397 H   0  0  0  0  0  0  0  0  0  0  0  0
    8.9683    5.7614    7.0928 H   0  0  0  0  0  0  0  0  0  0  0  0
  1  6  1  0  0  0  0
  1 10  1  0  0  0  0
  1  2  1  0  0  0  0
  2  3  1  0  0  0  0
  2 13  1  0  0  0  0
  3  9  1  6  0  0  0
  3  4  1  0  0  0  0
  4 14  1  0  0  0  0
  4 15  1  0  0  0  0
  5 17  1  0  0  0  0
  5  4  1  0  0  0  0
  6  7  1  6  0  0  0
  6  3  1  0  0  0  0
  6  5  1  0  0  0  0
  7  8  1  0  0  0  0
  8 20  1  0  0  0  0
  8  9  1  0  0  0  0
  9 23  1  0  0  0  0
 11  1  1  0  0  0  0
 12  2  1  0  0  0  0
 16  5  1  0  0  0  0
 18  7  1  0  0  0  0
 19  7  1  0  0  0  0
 21  8  1  0  0  0  0
 22  9  1  0  0  0  0
M  END
