Lattice="12.59896138 0.0 0.0 0.0 14.35336891 0.0 0.0 0.0 14.19611797" Properties=species:S:1:pos:R:3:GW_charged:R:1:dKS_charged:R:1:dKS_neutral:R:1 pbc="T T T"
 OpenBabel12102409263D
Lattice="12.59896138 0.0 0.0 0.0 14.35336891 0.0 0.0 0.0 14.19611797" Properties=species:S:1:pos:R:3:GW_charged:R:1:dKS_charged:R:1:dKS_neutral:R:1 pbc="T T T"
 16 15  0  0  0  0  0  0  0  0999 V2000
    5.4768    9.4217    5.3905 C   0  0  0  0  0  0  0  0  0  0  0  0
    5.5262    7.8936    5.4303 C   0  0  0  0  0  0  0  0  0  0  0  0
    6.2596    7.3497    6.6584 C   0  0  0  0  0  0  0  0  0  0  0  0
    6.3055    5.8094    6.6920 C   0  0  0  0  0  0  0  0  0  0  0  0
    7.0008    5.2798    7.8564 C   0  0  0  0  0  0  0  0  0  0  0  0
    7.5850    4.8706    8.8349 C   0  0  0  0  0  0  0  0  0  0  0  0
    6.4879    9.8534    5.3728 H   0  0  0  0  0  0  0  0  0  0  0  0
    4.9456    9.7840    4.5000 H   0  0  0  0  0  0  0  0  0  0  0  0
    4.9611    9.8274    6.2729 H   0  0  0  0  0  0  0  0  0  0  0  0
    4.5000    7.4905    5.4109 H   0  0  0  0  0  0  0  0  0  0  0  0
    6.0158    7.5162    4.5171 H   0  0  0  0  0  0  0  0  0  0  0  0
    7.2900    7.7372    6.6838 H   0  0  0  0  0  0  0  0  0  0  0  0
    5.7736    7.7115    7.5779 H   0  0  0  0  0  0  0  0  0  0  0  0
    5.2782    5.4083    6.6717 H   0  0  0  0  0  0  0  0  0  0  0  0
    6.7950    5.4340    5.7776 H   0  0  0  0  0  0  0  0  0  0  0  0
    8.0990    4.5000    9.6961 H   0  0  0  0  0  0  0  0  0  0  0  0
  1  2  1  0  0  0  0
  1  9  1  0  0  0  0
  2  3  1  0  0  0  0
  3 12  1  0  0  0  0
  3  4  1  0  0  0  0
  3 13  1  0  0  0  0
  4  5  1  0  0  0  0
  5  6  3  0  0  0  0
  6 16  1  0  0  0  0
  7  1  1  0  0  0  0
  8  1  1  0  0  0  0
 10  2  1  0  0  0  0
 11  2  1  0  0  0  0
 14  4  1  0  0  0  0
 15  4  1  0  0  0  0
M  END
