Lattice="15.07841135 0.0 0.0 0.0 12.71517909 0.0 0.0 0.0 13.24197229" Properties=species:S:1:pos:R:3:GW_charged:R:1:dKS_charged:R:1:dKS_neutral:R:1 pbc="T T T"
 OpenBabel12102409403D
Lattice="15.07841135 0.0 0.0 0.0 12.71517909 0.0 0.0 0.0 13.24197229" Properties=species:S:1:pos:R:3:GW_charged:R:1:dKS_charged:R:1:dKS_neutral:R:1 pbc="T T T"
 20 19  0  0  0  0  0  0  0  0999 V2000
    6.5058    7.7442    6.8490 C   0  0  0  0  0  0  0  0  0  0  0  0
    6.5916    6.2185    6.6737 C   0  0  0  0  0  0  0  0  0  0  0  0
    7.5322    5.6171    7.7319 C   0  0  0  0  0  0  0  0  0  0  0  0
    5.1912    5.5938    6.8046 C   0  0  0  0  0  0  0  0  0  0  0  0
    7.0980    5.8816    5.2604 C   0  0  0  0  0  0  0  0  0  0  0  0
    8.3959    6.4550    4.9888 O   0  0  0  0  0  0  0  0  0  0  0  0
    9.4514    5.6110    4.9134 C   0  0  0  0  0  0  0  0  0  0  0  0
   10.5784    5.9917    4.7377 O   0  0  0  0  0  0  0  0  0  0  0  0
    7.4886    8.2152    6.7200 H   0  0  0  0  0  0  0  0  0  0  0  0
    5.8179    8.1910    6.1166 H   0  0  0  0  0  0  0  0  0  0  0  0
    6.1366    7.9962    7.8529 H   0  0  0  0  0  0  0  0  0  0  0  0
    7.1449    5.8090    8.7420 H   0  0  0  0  0  0  0  0  0  0  0  0
    7.6269    4.5274    7.6140 H   0  0  0  0  0  0  0  0  0  0  0  0
    8.5378    6.0554    7.6770 H   0  0  0  0  0  0  0  0  0  0  0  0
    4.5000    5.9917    6.0474 H   0  0  0  0  0  0  0  0  0  0  0  0
    5.2232    4.5000    6.6935 H   0  0  0  0  0  0  0  0  0  0  0  0
    4.7641    5.8150    7.7922 H   0  0  0  0  0  0  0  0  0  0  0  0
    7.1459    4.7879    5.1206 H   0  0  0  0  0  0  0  0  0  0  0  0
    6.4213    6.2963    4.5000 H   0  0  0  0  0  0  0  0  0  0  0  0
    9.1570    4.5420    5.0251 H   0  0  0  0  0  0  0  0  0  0  0  0
  1 11  1  0  0  0  0
  2  4  1  0  0  0  0
  2  1  1  0  0  0  0
  2  3  1  0  0  0  0
  3 12  1  0  0  0  0
  4 17  1  0  0  0  0
  5  2  1  0  0  0  0
  6  5  1  0  0  0  0
  7  6  1  0  0  0  0
  7 20  1  0  0  0  0
  8  7  2  0  0  0  0
  9  1  1  0  0  0  0
 10  1  1  0  0  0  0
 13  3  1  0  0  0  0
 14  3  1  0  0  0  0
 15  4  1  0  0  0  0
 16  4  1  0  0  0  0
 18  5  1  0  0  0  0
 19  5  1  0  0  0  0
M  END
