Lattice="13.66614697 0.0 0.0 0.0 14.31563684 0.0 0.0 0.0 12.89703989" Properties=species:S:1:pos:R:3:GW_charged:R:1:dKS_charged:R:1:dKS_neutral:R:1 pbc="T T T"
 OpenBabel12102409373D
Lattice="13.66614697 0.0 0.0 0.0 14.31563684 0.0 0.0 0.0 12.89703989" Properties=species:S:1:pos:R:3:GW_charged:R:1:dKS_charged:R:1:dKS_neutral:R:1 pbc="T T T"
 19 19  0  0  1  0  0  0  0  0999 V2000
    5.4031    9.3601    6.4160 C   0  0  0  0  0  0  0  0  0  0  0  0
    5.4965    7.8445    6.4081 C   0  0  1  0  0  0  0  0  0  0  0  0
    6.5295    7.1517    5.4743 C   0  0  0  0  0  0  0  0  0  0  0  0
    6.7970    6.1160    6.5991 C   0  0  1  0  0  0  0  0  0  0  0  0
    8.2196    5.6516    6.8099 C   0  0  0  0  0  0  0  0  0  0  0  0
    8.2496    4.7759    7.9452 O   0  0  0  0  0  0  0  0  0  0  0  0
    6.1657    7.1148    7.6060 C   0  0  0  0  0  0  0  0  0  0  0  0
    6.3890    9.8156    6.5933 H   0  0  0  0  0  0  0  0  0  0  0  0
    5.0255    9.7451    5.4572 H   0  0  0  0  0  0  0  0  0  0  0  0
    4.7260    9.7153    7.2067 H   0  0  0  0  0  0  0  0  0  0  0  0
    4.5000    7.4108    6.2285 H   0  0  0  0  0  0  0  0  0  0  0  0
    6.1852    6.7814    4.5000 H   0  0  0  0  0  0  0  0  0  0  0  0
    7.4067    7.7984    5.3120 H   0  0  0  0  0  0  0  0  0  0  0  0
    6.1489    5.2348    6.4768 H   0  0  0  0  0  0  0  0  0  0  0  0
    8.5795    5.1308    5.9016 H   0  0  0  0  0  0  0  0  0  0  0  0
    8.8748    6.5286    6.9750 H   0  0  0  0  0  0  0  0  0  0  0  0
    9.1661    4.5000    8.0923 H   0  0  0  0  0  0  0  0  0  0  0  0
    6.9401    7.7437    8.0727 H   0  0  0  0  0  0  0  0  0  0  0  0
    5.5214    6.7127    8.3970 H   0  0  0  0  0  0  0  0  0  0  0  0
  1  8  1  0  0  0  0
  1 10  1  0  0  0  0
  2 11  1  6  0  0  0
  2  1  1  0  0  0  0
  2  7  1  0  0  0  0
  3  2  1  0  0  0  0
  3  4  1  0  0  0  0
  4 14  1  6  0  0  0
  4  5  1  0  0  0  0
  4  7  1  0  0  0  0
  5 16  1  0  0  0  0
  5  6  1  0  0  0  0
  6 17  1  0  0  0  0
  7 18  1  0  0  0  0
  7 19  1  0  0  0  0
  9  1  1  0  0  0  0
 12  3  1  0  0  0  0
 13  3  1  0  0  0  0
 15  5  1  0  0  0  0
M  END
