Lattice="13.16452406 0.0 0.0 0.0 13.95467108 0.0 0.0 0.0 13.16955196" Properties=species:S:1:pos:R:3:GW_charged:R:1:dKS_charged:R:1:dKS_neutral:R:1 pbc="T T T"
 OpenBabel12102409383D
Lattice="13.16452406 0.0 0.0 0.0 13.95467108 0.0 0.0 0.0 13.16955196" Properties=species:S:1:pos:R:3:GW_charged:R:1:dKS_charged:R:1:dKS_neutral:R:1 pbc="T T T"
 19 20  0  0  1  0  0  0  0  0999 V2000
    5.4875    9.0316    6.5928 C   0  0  0  0  0  0  0  0  0  0  0  0
    5.5342    7.5068    6.5869 C   0  0  1  0  0  0  0  0  0  0  0  0
    6.3009    6.8868    5.3917 C   0  0  0  0  0  0  0  0  0  0  0  0
    6.7618    5.5122    5.8708 C   0  0  1  0  0  0  0  0  0  0  0  0
    8.0268    5.4440    6.6901 C   0  0  0  0  0  0  0  0  0  0  0  0
    6.6923    5.5042    7.3911 C   0  0  1  0  0  0  0  0  0  0  0  0
    6.1889    6.8739    7.8405 C   0  0  0  0  0  0  0  0  0  0  0  0
    6.5027    9.4547    6.6414 H   0  0  0  0  0  0  0  0  0  0  0  0
    5.0070    9.4241    5.6852 H   0  0  0  0  0  0  0  0  0  0  0  0
    4.9260    9.4149    7.4568 H   0  0  0  0  0  0  0  0  0  0  0  0
    4.5000    7.1243    6.5376 H   0  0  0  0  0  0  0  0  0  0  0  0
    5.6636    6.8140    4.5000 H   0  0  0  0  0  0  0  0  0  0  0  0
    7.1593    7.5218    5.1143 H   0  0  0  0  0  0  0  0  0  0  0  0
    6.4746    4.6311    5.2982 H   0  0  0  0  0  0  0  0  0  0  0  0
    8.5709    4.5000    6.7100 H   0  0  0  0  0  0  0  0  0  0  0  0
    8.6645    6.3298    6.7238 H   0  0  0  0  0  0  0  0  0  0  0  0
    6.3545    4.6174    7.9259 H   0  0  0  0  0  0  0  0  0  0  0  0
    7.0181    7.5056    8.2018 H   0  0  0  0  0  0  0  0  0  0  0  0
    5.4729    6.7920    8.6696 H   0  0  0  0  0  0  0  0  0  0  0  0
  1  8  1  0  0  0  0
  1 10  1  0  0  0  0
  2 11  1  6  0  0  0
  2  1  1  0  0  0  0
  2  7  1  0  0  0  0
  3  4  1  0  0  0  0
  3  2  1  0  0  0  0
  4 14  1  6  0  0  0
  4  5  1  0  0  0  0
  4  6  1  0  0  0  0
  5 15  1  0  0  0  0
  5 16  1  0  0  0  0
  5  6  1  0  0  0  0
  6  7  1  0  0  0  0
  6 17  1  1  0  0  0
  7 18  1  0  0  0  0
  7 19  1  0  0  0  0
  9  1  1  0  0  0  0
 12  3  1  0  0  0  0
 13  3  1  0  0  0  0
M  END
