Lattice="13.29089976 0.0 0.0 0.0 15.48106215 0.0 0.0 0.0 12.269993079999999" Properties=species:S:1:pos:R:3:GW_charged:R:1:dKS_charged:R:1:dKS_neutral:R:1 pbc="T T T"
 OpenBabel12102409393D
Lattice="13.29089976 0.0 0.0 0.0 15.48106215 0.0 0.0 0.0 12.269993079999999" Properties=species:S:1:pos:R:3:GW_charged:R:1:dKS_charged:R:1:dKS_neutral:R:1 pbc="T T T"
 17 17  0  0  1  0  0  0  0  0999 V2000
    7.3683   10.3408    6.1800 C   0  0  0  0  0  0  0  0  0  0  0  0
    7.3554    8.9067    6.7154 C   0  0  0  0  0  0  0  0  0  0  0  0
    5.9929    8.2620    6.6037 C   0  0  1  0  0  0  0  0  0  0  0  0
    5.5394    7.6337    5.3174 C   0  0  0  0  0  0  0  0  0  0  0  0
    5.8318    6.7433    6.5210 C   0  0  1  0  0  0  0  0  0  0  0  0
    6.9739    5.8800    6.5208 C   0  0  0  0  0  0  0  0  0  0  0  0
    7.9415    5.1490    6.5277 C   0  0  0  0  0  0  0  0  0  0  0  0
    8.3656   10.7917    6.2716 H   0  0  0  0  0  0  0  0  0  0  0  0
    7.0825   10.3688    5.1189 H   0  0  0  0  0  0  0  0  0  0  0  0
    6.6626   10.9811    6.7289 H   0  0  0  0  0  0  0  0  0  0  0  0
    8.0921    8.2949    6.1732 H   0  0  0  0  0  0  0  0  0  0  0  0
    7.6741    8.8951    7.7700 H   0  0  0  0  0  0  0  0  0  0  0  0
    5.2106    8.7509    7.1895 H   0  0  0  0  0  0  0  0  0  0  0  0
    4.5000    7.7314    5.0087 H   0  0  0  0  0  0  0  0  0  0  0  0
    6.2581    7.5888    4.5000 H   0  0  0  0  0  0  0  0  0  0  0  0
    4.9596    6.3336    7.0332 H   0  0  0  0  0  0  0  0  0  0  0  0
    8.7909    4.5000    6.5310 H   0  0  0  0  0  0  0  0  0  0  0  0
  1  8  1  0  0  0  0
  1  2  1  0  0  0  0
  1 10  1  0  0  0  0
  2 12  1  0  0  0  0
  3  2  1  0  0  0  0
  3 13  1  1  0  0  0
  4  5  1  0  0  0  0
  4  3  1  0  0  0  0
  5  3  1  0  0  0  0
  5 16  1  1  0  0  0
  6  5  1  0  0  0  0
  6  7  3  0  0  0  0
  7 17  1  0  0  0  0
  9  1  1  0  0  0  0
 11  2  1  0  0  0  0
 14  4  1  0  0  0  0
 15  4  1  0  0  0  0
M  END
