Lattice="15.865124210000001 0.0 0.0 0.0 14.27103356 0.0 0.0 0.0 12.772560330000001" Properties=species:S:1:pos:R:3:GW_charged:R:1:dKS_charged:R:1:dKS_neutral:R:1 pbc="T T T"
 OpenBabel12102409443D
Lattice="15.865124210000001 0.0 0.0 0.0 14.27103356 0.0 0.0 0.0 12.772560330000001" Properties=species:S:1:pos:R:3:GW_charged:R:1:dKS_charged:R:1:dKS_neutral:R:1 pbc="T T T"
 19 19  0  0  0  0  0  0  0  0999 V2000
   10.3378    9.3669    6.7535 C   0  0  0  0  0  0  0  0  0  0  0  0
   10.3356    7.8511    6.7297 C   0  0  0  0  0  0  0  0  0  0  0  0
    8.9892    7.4006    6.6150 O   0  0  0  0  0  0  0  0  0  0  0  0
    8.9030    5.9749    6.5975 C   0  0  0  0  0  0  0  0  0  0  0  0
    7.4868    5.5467    6.5462 C   0  0  0  0  0  0  0  0  0  0  0  0
    6.6774    5.1029    5.5363 C   0  0  0  0  0  0  0  0  0  0  0  0
    5.3920    4.8602    6.1133 C   0  0  0  0  0  0  0  0  0  0  0  0
    5.5084    5.1736    7.4366 C   0  0  0  0  0  0  0  0  0  0  0  0
    6.7754    5.5900    7.7215 O   0  0  0  0  0  0  0  0  0  0  0  0
   11.3651    9.7452    6.8422 H   0  0  0  0  0  0  0  0  0  0  0  0
    9.8990    9.7710    5.8320 H   0  0  0  0  0  0  0  0  0  0  0  0
    9.7560    9.7424    7.6051 H   0  0  0  0  0  0  0  0  0  0  0  0
   10.9345    7.4709    5.8776 H   0  0  0  0  0  0  0  0  0  0  0  0
   10.7909    7.4424    7.6539 H   0  0  0  0  0  0  0  0  0  0  0  0
    9.4297    5.5675    5.7138 H   0  0  0  0  0  0  0  0  0  0  0  0
    9.3927    5.5587    7.4997 H   0  0  0  0  0  0  0  0  0  0  0  0
    6.9692    4.9718    4.5000 H   0  0  0  0  0  0  0  0  0  0  0  0
    4.5000    4.5000    5.6134 H   0  0  0  0  0  0  0  0  0  0  0  0
    4.8199    5.1539    8.2726 H   0  0  0  0  0  0  0  0  0  0  0  0
  1 10  1  0  0  0  0
  1 12  1  0  0  0  0
  2  1  1  0  0  0  0
  2 14  1  0  0  0  0
  3  2  1  0  0  0  0
  4  3  1  0  0  0  0
  4 16  1  0  0  0  0
  5  4  1  0  0  0  0
  5  9  1  0  0  0  0
  6  7  1  0  0  0  0
  6  5  2  0  0  0  0
  7  8  2  0  0  0  0
  8  9  1  0  0  0  0
  8 19  1  0  0  0  0
 11  1  1  0  0  0  0
 13  2  1  0  0  0  0
 15  4  1  0  0  0  0
 17  6  1  0  0  0  0
 18  7  1  0  0  0  0
M  END
