Lattice="14.17915609 0.0 0.0 0.0 13.56091842 0.0 0.0 0.0 13.582571940000001" Properties=species:S:1:pos:R:3:GW_charged:R:1:dKS_charged:R:1:dKS_neutral:R:1 pbc="T T T"
 OpenBabel12102409403D
Lattice="14.17915609 0.0 0.0 0.0 13.56091842 0.0 0.0 0.0 13.582571940000001" Properties=species:S:1:pos:R:3:GW_charged:R:1:dKS_charged:R:1:dKS_neutral:R:1 pbc="T T T"
 20 19  0  0  0  0  0  0  0  0999 V2000
    5.6377    8.5724    8.0926 C   0  0  0  0  0  0  0  0  0  0  0  0
    5.6216    7.0493    7.9615 C   0  0  0  0  0  0  0  0  0  0  0  0
    6.2398    6.4785    6.6724 C   0  0  0  0  0  0  0  0  0  0  0  0
    6.1676    4.9493    6.6969 C   0  0  0  0  0  0  0  0  0  0  0  0
    5.5888    7.0613    5.4139 C   0  0  0  0  0  0  0  0  0  0  0  0
    7.6589    6.9040    6.7628 O   0  0  0  0  0  0  0  0  0  0  0  0
    8.5161    6.6054    5.7683 C   0  0  0  0  0  0  0  0  0  0  0  0
    9.6792    6.9244    5.8048 O   0  0  0  0  0  0  0  0  0  0  0  0
    6.6549    8.9683    7.9803 H   0  0  0  0  0  0  0  0  0  0  0  0
    4.9965    9.0609    7.3466 H   0  0  0  0  0  0  0  0  0  0  0  0
    5.2693    8.8713    9.0826 H   0  0  0  0  0  0  0  0  0  0  0  0
    6.1663    6.6017    8.8064 H   0  0  0  0  0  0  0  0  0  0  0  0
    4.5879    6.6746    8.0247 H   0  0  0  0  0  0  0  0  0  0  0  0
    5.1191    4.6247    6.7380 H   0  0  0  0  0  0  0  0  0  0  0  0
    6.6176    4.5000    5.8019 H   0  0  0  0  0  0  0  0  0  0  0  0
    6.6852    4.5544    7.5805 H   0  0  0  0  0  0  0  0  0  0  0  0
    5.7938    8.1345    5.3229 H   0  0  0  0  0  0  0  0  0  0  0  0
    5.9403    6.5656    4.5000 H   0  0  0  0  0  0  0  0  0  0  0  0
    4.5000    6.9239    5.4641 H   0  0  0  0  0  0  0  0  0  0  0  0
    8.0641    6.0472    4.9213 H   0  0  0  0  0  0  0  0  0  0  0  0
  1 11  1  0  0  0  0
  2 13  1  0  0  0  0
  2  1  1  0  0  0  0
  2 12  1  0  0  0  0
  3  4  1  0  0  0  0
  3  6  1  0  0  0  0
  3  2  1  0  0  0  0
  4 14  1  0  0  0  0
  4 16  1  0  0  0  0
  5 19  1  0  0  0  0
  5  3  1  0  0  0  0
  7  8  2  0  0  0  0
  7  6  1  0  0  0  0
  9  1  1  0  0  0  0
 10  1  1  0  0  0  0
 15  4  1  0  0  0  0
 17  5  1  0  0  0  0
 18  5  1  0  0  0  0
 20  7  1  0  0  0  0
M  END
