Lattice="14.72253274 0.0 0.0 0.0 15.29069646 0.0 0.0 0.0 12.4338388" Properties=species:S:1:pos:R:3:GW_charged:R:1:dKS_charged:R:1:dKS_neutral:R:1 pbc="T T T"
 OpenBabel12102409403D
Lattice="14.72253274 0.0 0.0 0.0 15.29069646 0.0 0.0 0.0 12.4338388" Properties=species:S:1:pos:R:3:GW_charged:R:1:dKS_charged:R:1:dKS_neutral:R:1 pbc="T T T"
 22 21  0  0  0  0  0  0  0  0999 V2000
    9.2041   10.3182    5.5037 C   0  0  0  0  0  0  0  0  0  0  0  0
    9.2477    8.8119    5.6684 C   0  0  0  0  0  0  0  0  0  0  0  0
    7.9138    8.3233    5.7707 O   0  0  0  0  0  0  0  0  0  0  0  0
    7.8431    6.9077    5.8929 C   0  0  0  0  0  0  0  0  0  0  0  0
    6.3669    6.4950    5.7961 C   0  0  0  0  0  0  0  0  0  0  0  0
    6.2577    4.9746    5.7168 C   0  0  0  0  0  0  0  0  0  0  0  0
    5.5607    7.0512    6.9797 C   0  0  0  0  0  0  0  0  0  0  0  0
    5.8364    7.0031    4.5572 O   0  0  0  0  0  0  0  0  0  0  0  0
   10.2225   10.7216    5.4262 H   0  0  0  0  0  0  0  0  0  0  0  0
    8.6548   10.5960    4.5945 H   0  0  0  0  0  0  0  0  0  0  0  0
    8.7110   10.7907    6.3631 H   0  0  0  0  0  0  0  0  0  0  0  0
    9.7531    8.3345    4.8065 H   0  0  0  0  0  0  0  0  0  0  0  0
    9.8167    8.5327    6.5764 H   0  0  0  0  0  0  0  0  0  0  0  0
    8.4099    6.4290    5.0717 H   0  0  0  0  0  0  0  0  0  0  0  0
    8.2807    6.5786    6.8553 H   0  0  0  0  0  0  0  0  0  0  0  0
    6.6505    4.5000    6.6260 H   0  0  0  0  0  0  0  0  0  0  0  0
    5.2054    4.6835    5.6043 H   0  0  0  0  0  0  0  0  0  0  0  0
    6.8117    4.5928    4.8495 H   0  0  0  0  0  0  0  0  0  0  0  0
    5.6571    8.1430    7.0363 H   0  0  0  0  0  0  0  0  0  0  0  0
    4.5000    6.8007    6.8528 H   0  0  0  0  0  0  0  0  0  0  0  0
    5.9073    6.6287    7.9338 H   0  0  0  0  0  0  0  0  0  0  0  0
    6.1400    7.9264    4.5000 H   0  0  0  0  0  0  0  0  0  0  0  0
  1  2  1  0  0  0  0
  1 11  1  0  0  0  0
  2  3  1  0  0  0  0
  2 13  1  0  0  0  0
  3  4  1  0  0  0  0
  4 15  1  0  0  0  0
  5  4  1  0  0  0  0
  5  7  1  0  0  0  0
  6  5  1  0  0  0  0
  6 16  1  0  0  0  0
  7 19  1  0  0  0  0
  7 21  1  0  0  0  0
  8  5  1  0  0  0  0
  9  1  1  0  0  0  0
 10  1  1  0  0  0  0
 12  2  1  0  0  0  0
 14  4  1  0  0  0  0
 17  6  1  0  0  0  0
 18  6  1  0  0  0  0
 20  7  1  0  0  0  0
 22  8  1  0  0  0  0
M  END
