Lattice="13.548128219999999 0.0 0.0 0.0 14.23799168 0.0 0.0 0.0 11.04102859" Properties=species:S:1:pos:R:3:GW_charged:R:1:dKS_charged:R:1:dKS_neutral:R:1 pbc="T T T"
 OpenBabel12102409263D
Lattice="13.548128219999999 0.0 0.0 0.0 14.23799168 0.0 0.0 0.0 11.04102859" Properties=species:S:1:pos:R:3:GW_charged:R:1:dKS_charged:R:1:dKS_neutral:R:1 pbc="T T T"
 16 15  0  0  0  0  0  0  0  0999 V2000
    8.0160    9.2845    5.6670 C   0  0  0  0  0  0  0  0  0  0  0  0
    7.9714    7.7575    5.5984 C   0  0  0  0  0  0  0  0  0  0  0  0
    6.5467    7.2038    5.4947 C   0  0  0  0  0  0  0  0  0  0  0  0
    6.5011    5.6679    5.4059 C   0  0  0  0  0  0  0  0  0  0  0  0
    5.0858    5.1524    5.4273 C   0  0  0  0  0  0  0  0  0  0  0  0
    4.5645    4.5000    4.5475 O   0  0  0  0  0  0  0  0  0  0  0  0
    9.0481    9.6524    5.7408 H   0  0  0  0  0  0  0  0  0  0  0  0
    7.5655    9.7380    4.7723 H   0  0  0  0  0  0  0  0  0  0  0  0
    7.4657    9.6621    6.5410 H   0  0  0  0  0  0  0  0  0  0  0  0
    8.5593    7.4080    4.7343 H   0  0  0  0  0  0  0  0  0  0  0  0
    8.4603    7.3305    6.4894 H   0  0  0  0  0  0  0  0  0  0  0  0
    5.9601    7.5403    6.3664 H   0  0  0  0  0  0  0  0  0  0  0  0
    6.0493    7.6297    4.6083 H   0  0  0  0  0  0  0  0  0  0  0  0
    7.0020    5.3001    4.5000 H   0  0  0  0  0  0  0  0  0  0  0  0
    7.0206    5.2429    6.2838 H   0  0  0  0  0  0  0  0  0  0  0  0
    4.5000    5.4334    6.3438 H   0  0  0  0  0  0  0  0  0  0  0  0
  1  7  1  0  0  0  0
  1  9  1  0  0  0  0
  2  1  1  0  0  0  0
  2 11  1  0  0  0  0
  3  2  1  0  0  0  0
  3 12  1  0  0  0  0
  4  5  1  0  0  0  0
  4  3  1  0  0  0  0
  4 15  1  0  0  0  0
  5 16  1  0  0  0  0
  6  5  2  0  0  0  0
  8  1  1  0  0  0  0
 10  2  1  0  0  0  0
 13  3  1  0  0  0  0
 14  4  1  0  0  0  0
M  END
