Lattice="13.705815170000001 0.0 0.0 0.0 12.69990096 0.0 0.0 0.0 15.08553965" Properties=species:S:1:pos:R:3:GW_charged:R:1:dKS_charged:R:1:dKS_neutral:R:1 pbc="T T T"
 OpenBabel12102409423D
Lattice="13.705815170000001 0.0 0.0 0.0 12.69990096 0.0 0.0 0.0 15.08553965" Properties=species:S:1:pos:R:3:GW_charged:R:1:dKS_charged:R:1:dKS_neutral:R:1 pbc="T T T"
 19 20  0  0  1  0  0  0  0  0999 V2000
    5.3524    7.6048    5.5078 C   0  0  0  0  0  0  0  0  0  0  0  0
    5.6779    6.1312    5.4925 C   0  0  1  0  0  0  0  0  0  0  0  0
    7.0577    5.6479    5.1207 C   0  0  0  0  0  0  0  0  0  0  0  0
    6.5845    5.5089    6.5498 C   0  0  1  0  0  0  0  0  0  0  0  0
    7.1562    6.3206    7.6463 C   0  0  0  0  0  0  0  0  0  0  0  0
    8.3722    6.9455    7.7007 C   0  0  0  0  0  0  0  0  0  0  0  0
    8.5321    7.6090    8.8879 O   0  0  0  0  0  0  0  0  0  0  0  0
    7.3899    7.3967    9.6077 C   0  0  0  0  0  0  0  0  0  0  0  0
    6.5194    6.6221    8.9020 C   0  0  0  0  0  0  0  0  0  0  0  0
    6.2023    8.1999    5.8677 H   0  0  0  0  0  0  0  0  0  0  0  0
    5.0949    7.9605    4.5000 H   0  0  0  0  0  0  0  0  0  0  0  0
    4.5000    7.8176    6.1691 H   0  0  0  0  0  0  0  0  0  0  0  0
    4.8544    5.4885    5.1748 H   0  0  0  0  0  0  0  0  0  0  0  0
    7.1605    4.7441    4.5223 H   0  0  0  0  0  0  0  0  0  0  0  0
    7.8063    6.4109    4.9066 H   0  0  0  0  0  0  0  0  0  0  0  0
    6.2960    4.5000    6.8528 H   0  0  0  0  0  0  0  0  0  0  0  0
    9.2058    7.0079    7.0123 H   0  0  0  0  0  0  0  0  0  0  0  0
    7.3570    7.8613   10.5855 H   0  0  0  0  0  0  0  0  0  0  0  0
    5.5350    6.2997    9.2244 H   0  0  0  0  0  0  0  0  0  0  0  0
  1 10  1  0  0  0  0
  1 12  1  0  0  0  0
  2 13  1  6  0  0  0
  2  1  1  0  0  0  0
  2  4  1  0  0  0  0
  3  2  1  0  0  0  0
  3  4  1  0  0  0  0
  4 16  1  1  0  0  0
  4  5  1  0  0  0  0
  5  6  2  0  0  0  0
  5  9  1  0  0  0  0
  6  7  1  0  0  0  0
  7  8  1  0  0  0  0
  8 18  1  0  0  0  0
  9 19  1  0  0  0  0
  9  8  2  0  0  0  0
 11  1  1  0  0  0  0
 14  3  1  0  0  0  0
 15  3  1  0  0  0  0
 17  6  1  0  0  0  0
M  END
