Lattice="13.8478672 0.0 0.0 0.0 16.51731293 0.0 0.0 0.0 13.109353630000001" Properties=species:S:1:pos:R:3:GW_charged:R:1:dKS_charged:R:1:dKS_neutral:R:1 pbc="T T T"
 OpenBabel12102410123D
Lattice="13.8478672 0.0 0.0 0.0 16.51731293 0.0 0.0 0.0 13.109353630000001" Properties=species:S:1:pos:R:3:GW_charged:R:1:dKS_charged:R:1:dKS_neutral:R:1 pbc="T T T"
 21 21  0  0  1  0  0  0  0  0999 V2000
    4.9734    5.5689    5.6623 C   0  0  0  0  0  0  0  0  0  0  0  0
    4.9912    6.7796    5.6735 C   0  0  0  0  0  0  0  0  0  0  0  0
    5.0528    8.2336    5.6820 C   0  0  0  0  0  0  0  0  0  0  0  0
    6.4978    8.7986    5.7088 C   0  0  1  0  0  0  0  0  0  0  0  0
    6.4833   10.3228    5.5220 C   0  0  0  0  0  0  0  0  0  0  0  0
    7.8542   10.9359    5.8204 C   0  0  0  0  0  0  0  0  0  0  0  0
    8.2750   10.6632    7.2697 C   0  0  0  0  0  0  0  0  0  0  0  0
    7.9858    9.2464    7.6826 C   0  0  0  0  0  0  0  0  0  0  0  0
    7.2147    8.4092    6.9767 C   0  0  0  0  0  0  0  0  0  0  0  0
    4.9454    4.5000    5.6519 H   0  0  0  0  0  0  0  0  0  0  0  0
    4.5341    8.6206    4.7894 H   0  0  0  0  0  0  0  0  0  0  0  0
    4.5000    8.6186    6.5552 H   0  0  0  0  0  0  0  0  0  0  0  0
    7.0282    8.3398    4.8537 H   0  0  0  0  0  0  0  0  0  0  0  0
    6.1596   10.5720    4.5000 H   0  0  0  0  0  0  0  0  0  0  0  0
    5.7337   10.7598    6.2046 H   0  0  0  0  0  0  0  0  0  0  0  0
    8.6014   10.4996    5.1375 H   0  0  0  0  0  0  0  0  0  0  0  0
    7.8434   12.0173    5.6218 H   0  0  0  0  0  0  0  0  0  0  0  0
    9.3479   10.8753    7.4031 H   0  0  0  0  0  0  0  0  0  0  0  0
    7.7559   11.3572    7.9557 H   0  0  0  0  0  0  0  0  0  0  0  0
    8.4445    8.8923    8.6094 H   0  0  0  0  0  0  0  0  0  0  0  0
    7.0717    7.3825    7.3226 H   0  0  0  0  0  0  0  0  0  0  0  0
  1  2  3  0  0  0  0
  2  3  1  0  0  0  0
  3  4  1  0  0  0  0
  3 12  1  0  0  0  0
  4 13  1  6  0  0  0
  4  9  1  0  0  0  0
  5  4  1  0  0  0  0
  5  6  1  0  0  0  0
  5 15  1  0  0  0  0
  6  7  1  0  0  0  0
  7 18  1  0  0  0  0
  7  8  1  0  0  0  0
  7 19  1  0  0  0  0
  8 20  1  0  0  0  0
  9 21  1  0  0  0  0
  9  8  2  0  0  0  0
 10  1  1  0  0  0  0
 11  3  1  0  0  0  0
 14  5  1  0  0  0  0
 16  6  1  0  0  0  0
 17  6  1  0  0  0  0
M  END
