Lattice="12.77020611 0.0 0.0 0.0 14.22838814 0.0 0.0 0.0 13.61646961" Properties=species:S:1:pos:R:3:GW_charged:R:1:dKS_charged:R:1:dKS_neutral:R:1 pbc="T T T"
 OpenBabel12102409403D
Lattice="12.77020611 0.0 0.0 0.0 14.22838814 0.0 0.0 0.0 13.61646961" Properties=species:S:1:pos:R:3:GW_charged:R:1:dKS_charged:R:1:dKS_neutral:R:1 pbc="T T T"
 22 21  0  0  0  0  0  0  0  0999 V2000
    5.3306    9.2111    8.1889 C   0  0  0  0  0  0  0  0  0  0  0  0
    5.5033    7.7078    7.9606 C   0  0  0  0  0  0  0  0  0  0  0  0
    6.2682    7.2754    6.6805 C   0  0  0  0  0  0  0  0  0  0  0  0
    5.5117    7.7369    5.4211 C   0  0  0  0  0  0  0  0  0  0  0  0
    7.6953    7.8512    6.6757 C   0  0  0  0  0  0  0  0  0  0  0  0
    6.3446    5.7166    6.7332 C   0  0  0  0  0  0  0  0  0  0  0  0
    7.0593    5.0743    5.5737 C   0  0  0  0  0  0  0  0  0  0  0  0
    8.1268    4.5000    5.6558 O   0  0  0  0  0  0  0  0  0  0  0  0
    6.2942    9.7284    8.2882 H   0  0  0  0  0  0  0  0  0  0  0  0
    4.7725    9.6956    7.3765 H   0  0  0  0  0  0  0  0  0  0  0  0
    4.7703    9.3897    9.1165 H   0  0  0  0  0  0  0  0  0  0  0  0
    6.0255    7.2736    8.8289 H   0  0  0  0  0  0  0  0  0  0  0  0
    4.5089    7.2314    7.9388 H   0  0  0  0  0  0  0  0  0  0  0  0
    5.4114    8.8300    5.4018 H   0  0  0  0  0  0  0  0  0  0  0  0
    6.0366    7.4502    4.5000 H   0  0  0  0  0  0  0  0  0  0  0  0
    4.5000    7.3071    5.3809 H   0  0  0  0  0  0  0  0  0  0  0  0
    8.2465    7.5576    7.5805 H   0  0  0  0  0  0  0  0  0  0  0  0
    8.2702    7.4938    5.8104 H   0  0  0  0  0  0  0  0  0  0  0  0
    7.6812    8.9480    6.6282 H   0  0  0  0  0  0  0  0  0  0  0  0
    6.8494    5.4029    7.6578 H   0  0  0  0  0  0  0  0  0  0  0  0
    5.3132    5.3222    6.7483 H   0  0  0  0  0  0  0  0  0  0  0  0
    6.5425    5.1471    4.5820 H   0  0  0  0  0  0  0  0  0  0  0  0
  1  9  1  0  0  0  0
  1 11  1  0  0  0  0
  2  1  1  0  0  0  0
  2 12  1  0  0  0  0
  3  6  1  0  0  0  0
  3  2  1  0  0  0  0
  4  3  1  0  0  0  0
  5  3  1  0  0  0  0
  5 17  1  0  0  0  0
  6 21  1  0  0  0  0
  6 20  1  0  0  0  0
  7  8  2  0  0  0  0
  7  6  1  0  0  0  0
 10  1  1  0  0  0  0
 13  2  1  0  0  0  0
 14  4  1  0  0  0  0
 15  4  1  0  0  0  0
 16  4  1  0  0  0  0
 18  5  1  0  0  0  0
 19  5  1  0  0  0  0
 22  7  1  0  0  0  0
M  END
