Lattice="12.057608609999999 0.0 0.0 0.0 15.01593987 0.0 0.0 0.0 13.67938811" Properties=species:S:1:pos:R:3:GW_charged:R:1:dKS_charged:R:1:dKS_neutral:R:1 pbc="T T T"
 OpenBabel12102409273D
Lattice="12.057608609999999 0.0 0.0 0.0 15.01593987 0.0 0.0 0.0 13.67938811" Properties=species:S:1:pos:R:3:GW_charged:R:1:dKS_charged:R:1:dKS_neutral:R:1 pbc="T T T"
 19 19  0  0  1  0  0  0  0  0999 V2000
    6.1778    9.8322    8.3097 C   0  0  0  0  0  0  0  0  0  0  0  0
    5.5801    8.4538    8.0084 C   0  0  0  0  0  0  0  0  0  0  0  0
    6.2256    7.8077    6.8077 C   0  0  1  0  0  0  0  0  0  0  0  0
    7.5576    7.2671    6.9664 O   0  0  0  0  0  0  0  0  0  0  0  0
    6.4756    6.3617    6.6188 C   0  0  0  0  0  0  0  0  0  0  0  0
    6.1196    5.3393    7.6744 C   0  0  0  0  0  0  0  0  0  0  0  0
    6.5530    5.8174    5.2086 C   0  0  0  0  0  0  0  0  0  0  0  0
    7.2519    9.7514    8.5233 H   0  0  0  0  0  0  0  0  0  0  0  0
    6.0568   10.5159    7.4572 H   0  0  0  0  0  0  0  0  0  0  0  0
    5.6927   10.2947    9.1794 H   0  0  0  0  0  0  0  0  0  0  0  0
    5.6820    7.8046    8.8885 H   0  0  0  0  0  0  0  0  0  0  0  0
    4.5000    8.5464    7.8058 H   0  0  0  0  0  0  0  0  0  0  0  0
    6.1155    8.3949    5.8837 H   0  0  0  0  0  0  0  0  0  0  0  0
    6.1510    5.7617    8.6840 H   0  0  0  0  0  0  0  0  0  0  0  0
    5.1131    4.9338    7.4961 H   0  0  0  0  0  0  0  0  0  0  0  0
    6.8291    4.5000    7.6382 H   0  0  0  0  0  0  0  0  0  0  0  0
    7.3005    5.0132    5.1472 H   0  0  0  0  0  0  0  0  0  0  0  0
    5.5844    5.4001    4.8973 H   0  0  0  0  0  0  0  0  0  0  0  0
    6.8372    6.6048    4.5000 H   0  0  0  0  0  0  0  0  0  0  0  0
  1  8  1  0  0  0  0
  1 10  1  0  0  0  0
  2  1  1  0  0  0  0
  2 11  1  0  0  0  0
  3 13  1  6  0  0  0
  3  4  1  0  0  0  0
  3  2  1  0  0  0  0
  5  3  1  0  0  0  0
  5  4  1  0  0  0  0
  5  6  1  0  0  0  0
  6 14  1  0  0  0  0
  7  5  1  0  0  0  0
  9  1  1  0  0  0  0
 12  2  1  0  0  0  0
 15  6  1  0  0  0  0
 16  6  1  0  0  0  0
 17  7  1  0  0  0  0
 18  7  1  0  0  0  0
 19  7  1  0  0  0  0
M  END
