Lattice="13.72830692 0.0 0.0 0.0 13.499395920000001 0.0 0.0 0.0 13.317630340000001" Properties=species:S:1:pos:R:3:GW_charged:R:1:dKS_charged:R:1:dKS_neutral:R:1 pbc="T T T"
 OpenBabel12102409403D
Lattice="13.72830692 0.0 0.0 0.0 13.499395920000001 0.0 0.0 0.0 13.317630340000001" Properties=species:S:1:pos:R:3:GW_charged:R:1:dKS_charged:R:1:dKS_neutral:R:1 pbc="T T T"
 20 19  0  0  1  0  0  0  0  0999 V2000
    6.5303    8.5991    6.6490 C   0  0  0  0  0  0  0  0  0  0  0  0
    6.5384    7.0611    6.6519 C   0  0  0  0  0  0  0  0  0  0  0  0
    7.2379    6.5445    7.9196 C   0  0  0  0  0  0  0  0  0  0  0  0
    5.0894    6.5472    6.5891 C   0  0  0  0  0  0  0  0  0  0  0  0
    7.3294    6.5937    5.3793 C   0  0  1  0  0  0  0  0  0  0  0  0
    8.6141    7.1676    5.3171 O   0  0  0  0  0  0  0  0  0  0  0  0
    7.4442    5.0896    5.2674 C   0  0  0  0  0  0  0  0  0  0  0  0
    8.5279    4.5407    5.1764 O   0  0  0  0  0  0  0  0  0  0  0  0
    7.5509    8.9994    6.6539 H   0  0  0  0  0  0  0  0  0  0  0  0
    6.0144    8.9931    5.7612 H   0  0  0  0  0  0  0  0  0  0  0  0
    6.0052    8.9753    7.5385 H   0  0  0  0  0  0  0  0  0  0  0  0
    6.7410    6.9368    8.8176 H   0  0  0  0  0  0  0  0  0  0  0  0
    7.2160    5.4465    7.9814 H   0  0  0  0  0  0  0  0  0  0  0  0
    8.2871    6.8654    7.9454 H   0  0  0  0  0  0  0  0  0  0  0  0
    4.6039    6.8200    5.6403 H   0  0  0  0  0  0  0  0  0  0  0  0
    5.0195    5.4572    6.7069 H   0  0  0  0  0  0  0  0  0  0  0  0
    4.5000    6.9973    7.3999 H   0  0  0  0  0  0  0  0  0  0  0  0
    6.7280    6.9164    4.5000 H   0  0  0  0  0  0  0  0  0  0  0  0
    9.2283    6.4073    5.2326 H   0  0  0  0  0  0  0  0  0  0  0  0
    6.5008    4.5000    5.2549 H   0  0  0  0  0  0  0  0  0  0  0  0
  1  2  1  0  0  0  0
  1  9  1  0  0  0  0
  1 11  1  0  0  0  0
  2  3  1  0  0  0  0
  3 14  1  0  0  0  0
  3 13  1  0  0  0  0
  3 12  1  0  0  0  0
  4  2  1  0  0  0  0
  4 16  1  0  0  0  0
  4 17  1  0  0  0  0
  5 18  1  6  0  0  0
  5  2  1  0  0  0  0
  6  5  1  0  0  0  0
  7  5  1  0  0  0  0
  8  7  2  0  0  0  0
 10  1  1  0  0  0  0
 15  4  1  0  0  0  0
 19  6  1  0  0  0  0
 20  7  1  0  0  0  0
M  END
