Lattice="12.88916751 0.0 0.0 0.0 12.903132979999999 0.0 0.0 0.0 15.21547252" Properties=species:S:1:pos:R:3:GW_charged:R:1:dKS_charged:R:1:dKS_neutral:R:1 pbc="T T T"
 OpenBabel12102411053D
Lattice="12.88916751 0.0 0.0 0.0 12.903132979999999 0.0 0.0 0.0 15.21547252" Properties=species:S:1:pos:R:3:GW_charged:R:1:dKS_charged:R:1:dKS_neutral:R:1 pbc="T T T"
 23 25  0  0  1  0  0  0  0  0999 V2000
    5.6554    7.3442    8.9078 C   0  0  0  0  0  0  0  0  0  0  0  0
    7.1989    7.1784    8.8109 C   0  0  1  0  0  0  0  0  0  0  0  0
    6.9912    5.8836    9.6539 C   0  0  0  0  0  0  0  0  0  0  0  0
    5.6778    5.7915    8.8191 C   0  0  2  0  0  0  0  0  0  0  0  0
    6.2360    5.5270    7.4060 C   0  0  1  0  0  0  0  0  0  0  0  0
    5.3499    5.8593    6.1902 C   0  0  0  0  0  0  0  0  0  0  0  0
    6.2719    6.6464    5.2401 C   0  0  0  0  0  0  0  0  0  0  0  0
    7.1461    7.4971    6.1806 C   0  0  0  0  0  0  0  0  0  0  0  0
    7.4026    6.5907    7.3997 C   0  0  1  0  0  0  0  0  0  0  0  0
    5.3425    7.6933    9.8996 H   0  0  0  0  0  0  0  0  0  0  0  0
    5.1282    7.9179    8.1334 H   0  0  0  0  0  0  0  0  0  0  0  0
    7.8841    7.9733    9.1296 H   0  0  0  0  0  0  0  0  0  0  0  0
    7.7286    5.0742    9.5466 H   0  0  0  0  0  0  0  0  0  0  0  0
    6.8065    6.0925   10.7155 H   0  0  0  0  0  0  0  0  0  0  0  0
    4.8251    5.1841    9.1461 H   0  0  0  0  0  0  0  0  0  0  0  0
    6.6227    4.5000    7.3311 H   0  0  0  0  0  0  0  0  0  0  0  0
    4.9259    4.9613    5.7218 H   0  0  0  0  0  0  0  0  0  0  0  0
    4.5000    6.4905    6.4947 H   0  0  0  0  0  0  0  0  0  0  0  0
    6.9086    5.9447    4.6775 H   0  0  0  0  0  0  0  0  0  0  0  0
    5.7223    7.2449    4.5000 H   0  0  0  0  0  0  0  0  0  0  0  0
    8.0766    7.8341    5.7048 H   0  0  0  0  0  0  0  0  0  0  0  0
    6.5977    8.4031    6.4834 H   0  0  0  0  0  0  0  0  0  0  0  0
    8.3892    6.1107    7.3216 H   0  0  0  0  0  0  0  0  0  0  0  0
  1 10  1  0  0  0  0
  2  1  1  0  0  0  0
  2 12  1  1  0  0  0
  2  3  1  0  0  0  0
  3 14  1  0  0  0  0
  4  1  1  0  0  0  0
  4 15  1  1  0  0  0
  4  3  1  0  0  0  0
  5 16  1  6  0  0  0
  5  4  1  0  0  0  0
  6 18  1  0  0  0  0
  6  5  1  0  0  0  0
  7  8  1  0  0  0  0
  7  6  1  0  0  0  0
  8 22  1  0  0  0  0
  8  9  1  0  0  0  0
  9 23  1  6  0  0  0
  9  5  1  0  0  0  0
  9  2  1  0  0  0  0
 11  1  1  0  0  0  0
 13  3  1  0  0  0  0
 17  6  1  0  0  0  0
 19  7  1  0  0  0  0
 20  7  1  0  0  0  0
 21  8  1  0  0  0  0
M  END
