Lattice="13.15836648 0.0 0.0 0.0 13.76006308 0.0 0.0 0.0 13.87455596" Properties=species:S:1:pos:R:3:GW_charged:R:1:dKS_charged:R:1:dKS_neutral:R:1 pbc="T T T"
 OpenBabel12102411043D
Lattice="13.15836648 0.0 0.0 0.0 13.76006308 0.0 0.0 0.0 13.87455596" Properties=species:S:1:pos:R:3:GW_charged:R:1:dKS_charged:R:1:dKS_neutral:R:1 pbc="T T T"
 21 24  0  0  1  0  0  0  0  0999 V2000
    5.2043    8.4226    6.2111 C   0  0  0  0  0  0  0  0  0  0  0  0
    6.7463    8.4136    6.1935 C   0  0  1  0  0  0  0  0  0  0  0  0
    7.3762    7.7285    7.4703 C   0  0  1  0  0  0  0  0  0  0  0  0
    6.2675    7.3280    8.4512 C   0  0  0  0  0  0  0  0  0  0  0  0
    5.5636    6.2465    7.6062 C   0  0  2  0  0  0  0  0  0  0  0  0
    6.7572    5.3087    7.3148 C   0  0  0  0  0  0  0  0  0  0  0  0
    7.6255    6.3873    6.6577 C   0  0  1  0  0  0  0  0  0  0  0  0
    6.7180    6.9878    5.5683 C   0  0  1  0  0  0  0  0  0  0  0  0
    5.2712    6.8701    6.2029 C   0  0  2  0  0  0  0  0  0  0  0  0
    4.6565    8.9316    7.0178 H   0  0  0  0  0  0  0  0  0  0  0  0
    4.8273    8.7957    5.2486 H   0  0  0  0  0  0  0  0  0  0  0  0
    7.3028    9.2601    5.7732 H   0  0  0  0  0  0  0  0  0  0  0  0
    8.2392    8.2350    7.9157 H   0  0  0  0  0  0  0  0  0  0  0  0
    6.6763    6.8912    9.3746 H   0  0  0  0  0  0  0  0  0  0  0  0
    5.6233    8.1688    8.7395 H   0  0  0  0  0  0  0  0  0  0  0  0
    4.6874    5.7858    8.0792 H   0  0  0  0  0  0  0  0  0  0  0  0
    7.1833    4.8646    8.2260 H   0  0  0  0  0  0  0  0  0  0  0  0
    6.5105    4.5000    6.6102 H   0  0  0  0  0  0  0  0  0  0  0  0
    8.6584    6.1362    6.3945 H   0  0  0  0  0  0  0  0  0  0  0  0
    6.8354    6.7699    4.5000 H   0  0  0  0  0  0  0  0  0  0  0  0
    4.5000    6.3192    5.6508 H   0  0  0  0  0  0  0  0  0  0  0  0
  1 10  1  0  0  0  0
  2 12  1  6  0  0  0
  2  1  1  0  0  0  0
  2  3  1  0  0  0  0
  3 13  1  1  0  0  0
  3  4  1  0  0  0  0
  4 15  1  0  0  0  0
  4 14  1  0  0  0  0
  5 16  1  1  0  0  0
  5  4  1  0  0  0  0
  6  5  1  0  0  0  0
  6 17  1  0  0  0  0
  7 19  1  6  0  0  0
  7  6  1  0  0  0  0
  7  3  1  0  0  0  0
  8 20  1  6  0  0  0
  8  2  1  0  0  0  0
  8  9  1  0  0  0  0
  8  7  1  0  0  0  0
  9 21  1  6  0  0  0
  9  1  1  0  0  0  0
  9  5  1  0  0  0  0
 11  1  1  0  0  0  0
 18  6  1  0  0  0  0
M  END
