Lattice="12.40041516 0.0 0.0 0.0 12.38974977 0.0 0.0 0.0 14.2085434" Properties=species:S:1:pos:R:3:GW_charged:R:1:dKS_charged:R:1:dKS_neutral:R:1 pbc="T T T"
 OpenBabel12102411053D
Lattice="12.40041516 0.0 0.0 0.0 12.38974977 0.0 0.0 0.0 14.2085434" Properties=species:S:1:pos:R:3:GW_charged:R:1:dKS_charged:R:1:dKS_neutral:R:1 pbc="T T T"
 21 22  0  0  1  0  0  0  0  0999 V2000
    5.0858    7.2038    8.6703 C   0  0  0  0  0  0  0  0  0  0  0  0
    6.6310    7.3005    8.5247 C   0  0  1  0  0  0  0  0  0  0  0  0
    6.7123    5.7531    8.6945 C   0  0  0  0  0  0  0  0  0  0  0  0
    5.1651    5.6571    8.5306 C   0  0  2  0  0  0  0  0  0  0  0  0
    4.6287    5.1192    7.3255 O   0  0  0  0  0  0  0  0  0  0  0  0
    5.4011    5.1525    6.1285 C   0  0  0  0  0  0  0  0  0  0  0  0
    5.8420    6.5181    5.5774 C   0  0  0  0  0  0  0  0  0  0  0  0
    7.1506    7.1137    6.1214 C   0  0  0  0  0  0  0  0  0  0  0  0
    7.1000    7.8897    7.3155 O   0  0  0  0  0  0  0  0  0  0  0  0
    4.7311    7.5238    9.6593 H   0  0  0  0  0  0  0  0  0  0  0  0
    4.5000    7.7236    7.9030 H   0  0  0  0  0  0  0  0  0  0  0  0
    7.1334    7.8749    9.3139 H   0  0  0  0  0  0  0  0  0  0  0  0
    7.3403    5.1904    7.9948 H   0  0  0  0  0  0  0  0  0  0  0  0
    7.0269    5.4762    9.7085 H   0  0  0  0  0  0  0  0  0  0  0  0
    4.6545    5.0958    9.3239 H   0  0  0  0  0  0  0  0  0  0  0  0
    6.2911    4.5000    6.2235 H   0  0  0  0  0  0  0  0  0  0  0  0
    4.7386    4.6729    5.3952 H   0  0  0  0  0  0  0  0  0  0  0  0
    6.0166    6.3584    4.5000 H   0  0  0  0  0  0  0  0  0  0  0  0
    5.0226    7.2492    5.6465 H   0  0  0  0  0  0  0  0  0  0  0  0
    7.9004    6.3042    6.2170 H   0  0  0  0  0  0  0  0  0  0  0  0
    7.5490    7.8235    5.3838 H   0  0  0  0  0  0  0  0  0  0  0  0
  1 10  1  0  0  0  0
  2  1  1  0  0  0  0
  2  3  1  0  0  0  0
  2 12  1  1  0  0  0
  3 14  1  0  0  0  0
  4  1  1  0  0  0  0
  4  3  1  0  0  0  0
  4 15  1  1  0  0  0
  5  4  1  0  0  0  0
  6 16  1  0  0  0  0
  6  5  1  0  0  0  0
  7 19  1  0  0  0  0
  7  8  1  0  0  0  0
  7  6  1  0  0  0  0
  8 20  1  0  0  0  0
  8  9  1  0  0  0  0
  9  2  1  0  0  0  0
 11  1  1  0  0  0  0
 13  3  1  0  0  0  0
 17  6  1  0  0  0  0
 18  7  1  0  0  0  0
 21  8  1  0  0  0  0
M  END
