Lattice="13.15381524 0.0 0.0 0.0 14.91959349 0.0 0.0 0.0 13.34415952" Properties=species:S:1:pos:R:3:GW_charged:R:1:dKS_charged:R:1:dKS_neutral:R:1 pbc="T T T"
 OpenBabel12102409403D
Lattice="13.15381524 0.0 0.0 0.0 14.91959349 0.0 0.0 0.0 13.34415952" Properties=species:S:1:pos:R:3:GW_charged:R:1:dKS_charged:R:1:dKS_neutral:R:1 pbc="T T T"
 20 19  0  0  0  0  0  0  0  0999 V2000
    7.5701    9.9403    6.4933 C   0  0  0  0  0  0  0  0  0  0  0  0
    7.5945    8.4348    6.6846 C   0  0  0  0  0  0  0  0  0  0  0  0
    8.6538    7.8528    6.8573 O   0  0  0  0  0  0  0  0  0  0  0  0
    6.2557    7.6712    6.6524 C   0  0  0  0  0  0  0  0  0  0  0  0
    5.5037    7.9675    7.9710 C   0  0  0  0  0  0  0  0  0  0  0  0
    5.4033    8.1047    5.4434 C   0  0  0  0  0  0  0  0  0  0  0  0
    6.5695    6.1677    6.5643 C   0  0  0  0  0  0  0  0  0  0  0  0
    5.3309    5.4443    6.5393 O   0  0  0  0  0  0  0  0  0  0  0  0
    8.5007   10.3659    6.8818 H   0  0  0  0  0  0  0  0  0  0  0  0
    7.5111   10.1629    5.4170 H   0  0  0  0  0  0  0  0  0  0  0  0
    6.7052   10.4196    6.9686 H   0  0  0  0  0  0  0  0  0  0  0  0
    5.2091    9.0225    8.0432 H   0  0  0  0  0  0  0  0  0  0  0  0
    4.5948    7.3548    8.0146 H   0  0  0  0  0  0  0  0  0  0  0  0
    6.1238    7.7219    8.8442 H   0  0  0  0  0  0  0  0  0  0  0  0
    5.9530    7.9764    4.5000 H   0  0  0  0  0  0  0  0  0  0  0  0
    4.5000    7.4848    5.3924 H   0  0  0  0  0  0  0  0  0  0  0  0
    5.0906    9.1540    5.5186 H   0  0  0  0  0  0  0  0  0  0  0  0
    7.1582    5.9700    5.6518 H   0  0  0  0  0  0  0  0  0  0  0  0
    7.1853    5.8706    7.4274 H   0  0  0  0  0  0  0  0  0  0  0  0
    5.5396    4.5000    6.5656 H   0  0  0  0  0  0  0  0  0  0  0  0
  1  2  1  0  0  0  0
  1  9  1  0  0  0  0
  1 11  1  0  0  0  0
  2  3  2  0  0  0  0
  4  2  1  0  0  0  0
  4  5  1  0  0  0  0
  5 13  1  0  0  0  0
  5 12  1  0  0  0  0
  5 14  1  0  0  0  0
  6 17  1  0  0  0  0
  6  4  1  0  0  0  0
  7  4  1  0  0  0  0
  7 19  1  0  0  0  0
  8  7  1  0  0  0  0
  8 20  1  0  0  0  0
 10  1  1  0  0  0  0
 15  6  1  0  0  0  0
 16  6  1  0  0  0  0
 18  7  1  0  0  0  0
M  END
