Lattice="12.88738858 0.0 0.0 0.0 13.293514290000001 0.0 0.0 0.0 14.2606038" Properties=species:S:1:pos:R:3:GW_charged:R:1:dKS_charged:R:1:dKS_neutral:R:1 pbc="T T T"
 OpenBabel12102411063D
Lattice="12.88738858 0.0 0.0 0.0 13.293514290000001 0.0 0.0 0.0 14.2606038" Properties=species:S:1:pos:R:3:GW_charged:R:1:dKS_charged:R:1:dKS_neutral:R:1 pbc="T T T"
 21 23  0  0  1  0  0  0  0  0999 V2000
    5.6259    8.0146    6.1145 C   0  0  0  0  0  0  0  0  0  0  0  0
    6.7313    7.2063    5.4910 C   0  0  1  0  0  0  0  0  0  0  0  0
    7.7107    6.5133    6.4323 C   0  0  0  0  0  0  0  0  0  0  0  0
    6.8634    5.6347    7.3813 C   0  0  1  0  0  0  0  0  0  0  0  0
    6.5102    6.2047    8.7792 C   0  0  0  0  0  0  0  0  0  0  0  0
    4.9673    6.1827    8.8506 C   0  0  0  0  0  0  0  0  0  0  0  0
    4.5000    5.4093    7.7378 O   0  0  0  0  0  0  0  0  0  0  0  0
    5.4792    5.4597    6.6960 C   0  0  1  0  0  0  0  0  0  0  0  0
    5.3585    6.5891    5.6823 C   0  0  1  0  0  0  0  0  0  0  0  0
    5.6837    8.2688    7.1711 H   0  0  0  0  0  0  0  0  0  0  0  0
    5.1705    8.7935    5.5046 H   0  0  0  0  0  0  0  0  0  0  0  0
    7.0827    7.4920    4.5000 H   0  0  0  0  0  0  0  0  0  0  0  0
    8.3874    5.8783    5.8422 H   0  0  0  0  0  0  0  0  0  0  0  0
    8.3460    7.2254    6.9810 H   0  0  0  0  0  0  0  0  0  0  0  0
    7.3407    4.6560    7.5102 H   0  0  0  0  0  0  0  0  0  0  0  0
    6.9504    5.5878    9.5718 H   0  0  0  0  0  0  0  0  0  0  0  0
    6.9004    7.2227    8.9105 H   0  0  0  0  0  0  0  0  0  0  0  0
    4.5860    5.6996    9.7606 H   0  0  0  0  0  0  0  0  0  0  0  0
    4.5471    7.2023    8.8101 H   0  0  0  0  0  0  0  0  0  0  0  0
    5.3932    4.5000    6.1645 H   0  0  0  0  0  0  0  0  0  0  0  0
    4.6871    6.4392    4.8378 H   0  0  0  0  0  0  0  0  0  0  0  0
  1 10  1  0  0  0  0
  2 12  1  6  0  0  0
  2  9  1  0  0  0  0
  2  1  1  0  0  0  0
  2  3  1  0  0  0  0
  3 14  1  0  0  0  0
  3  4  1  0  0  0  0
  4 15  1  1  0  0  0
  4  5  1  0  0  0  0
  5  6  1  0  0  0  0
  5 17  1  0  0  0  0
  5 16  1  0  0  0  0
  6 18  1  0  0  0  0
  7  6  1  0  0  0  0
  8 20  1  6  0  0  0
  8  4  1  0  0  0  0
  8  7  1  0  0  0  0
  9 21  1  6  0  0  0
  9  1  1  0  0  0  0
  9  8  1  0  0  0  0
 11  1  1  0  0  0  0
 13  3  1  0  0  0  0
 19  6  1  0  0  0  0
M  END
