Lattice="12.4779759 0.0 0.0 0.0 15.09324942 0.0 0.0 0.0 14.20849682" Properties=species:S:1:pos:R:3:GW_charged:R:1:dKS_charged:R:1:dKS_neutral:R:1 pbc="T T T"
 OpenBabel12102411063D
Lattice="12.4779759 0.0 0.0 0.0 15.09324942 0.0 0.0 0.0 14.20849682" Properties=species:S:1:pos:R:3:GW_charged:R:1:dKS_charged:R:1:dKS_neutral:R:1 pbc="T T T"
 23 24  0  0  0  0  0  0  0  0999 V2000
    6.0925   10.0645    7.1252 C   0  0  0  0  0  0  0  0  0  0  0  0
    7.3757    9.2640    7.1085 C   0  0  0  0  0  0  0  0  0  0  0  0
    6.0381    8.5548    7.1174 C   0  0  0  0  0  0  0  0  0  0  0  0
    5.6238    7.8767    8.4149 C   0  0  0  0  0  0  0  0  0  0  0  0
    6.2522    6.4908    8.6578 C   0  0  0  0  0  0  0  0  0  0  0  0
    5.7331    5.3854    7.7731 C   0  0  0  0  0  0  0  0  0  0  0  0
    5.7203    5.3928    6.4326 C   0  0  0  0  0  0  0  0  0  0  0  0
    6.2224    6.5080    5.5504 C   0  0  0  0  0  0  0  0  0  0  0  0
    5.5990    7.8910    5.8206 C   0  0  0  0  0  0  0  0  0  0  0  0
    5.8243   10.5831    8.0454 H   0  0  0  0  0  0  0  0  0  0  0  0
    5.8068   10.5932    6.2160 H   0  0  0  0  0  0  0  0  0  0  0  0
    7.9605    9.2518    6.1888 H   0  0  0  0  0  0  0  0  0  0  0  0
    7.9780    9.2417    8.0166 H   0  0  0  0  0  0  0  0  0  0  0  0
    5.9035    8.5341    9.2533 H   0  0  0  0  0  0  0  0  0  0  0  0
    4.5252    7.7856    8.4435 H   0  0  0  0  0  0  0  0  0  0  0  0
    7.3470    6.5799    8.5351 H   0  0  0  0  0  0  0  0  0  0  0  0
    6.0901    6.2123    9.7085 H   0  0  0  0  0  0  0  0  0  0  0  0
    5.3401    4.5000    8.2793 H   0  0  0  0  0  0  0  0  0  0  0  0
    5.3176    4.5130    5.9243 H   0  0  0  0  0  0  0  0  0  0  0  0
    7.3194    6.5958    5.6531 H   0  0  0  0  0  0  0  0  0  0  0  0
    6.0402    6.2410    4.5000 H   0  0  0  0  0  0  0  0  0  0  0  0
    4.5000    7.8001    5.8120 H   0  0  0  0  0  0  0  0  0  0  0  0
    5.8627    8.5576    4.9843 H   0  0  0  0  0  0  0  0  0  0  0  0
  1 10  1  0  0  0  0
  2  3  1  0  0  0  0
  2  1  1  0  0  0  0
  2 13  1  0  0  0  0
  3  1  1  0  0  0  0
  3  4  1  0  0  0  0
  4 15  1  0  0  0  0
  4  5  1  0  0  0  0
  4 14  1  0  0  0  0
  5 17  1  0  0  0  0
  6 18  1  0  0  0  0
  6  5  1  0  0  0  0
  7  6  2  0  0  0  0
  8 20  1  0  0  0  0
  8  9  1  0  0  0  0
  8  7  1  0  0  0  0
  9  3  1  0  0  0  0
 11  1  1  0  0  0  0
 12  2  1  0  0  0  0
 16  5  1  0  0  0  0
 19  7  1  0  0  0  0
 21  8  1  0  0  0  0
 22  9  1  0  0  0  0
 23  9  1  0  0  0  0
M  END
