Lattice="13.12829897 0.0 0.0 0.0 13.00454158 0.0 0.0 0.0 15.076402210000001" Properties=species:S:1:pos:R:3:GW_charged:R:1:dKS_charged:R:1:dKS_neutral:R:1 pbc="T T T"
 OpenBabel12102410123D
Lattice="13.12829897 0.0 0.0 0.0 13.00454158 0.0 0.0 0.0 15.076402210000001" Properties=species:S:1:pos:R:3:GW_charged:R:1:dKS_charged:R:1:dKS_neutral:R:1 pbc="T T T"
 23 25  0  0  1  0  0  0  0  0999 V2000
    5.7548    7.8863    7.1907 C   0  0  0  0  0  0  0  0  0  0  0  0
    7.0782    7.1753    7.3710 C   0  0  1  0  0  0  0  0  0  0  0  0
    7.6603    7.1436    8.7718 C   0  0  0  0  0  0  0  0  0  0  0  0
    6.4772    6.7216    9.6809 C   0  0  0  0  0  0  0  0  0  0  0  0
    5.5482    5.8621    8.7852 C   0  0  0  0  0  0  0  0  0  0  0  0
    5.7760    6.3852    7.3792 C   0  0  1  0  0  0  0  0  0  0  0  0
    5.7325    5.5307    6.1262 C   0  0  0  0  0  0  0  0  0  0  0  0
    6.7890    6.1609    5.1824 C   0  0  0  0  0  0  0  0  0  0  0  0
    7.8446    6.8121    6.1128 C   0  0  0  0  0  0  0  0  0  0  0  0
    5.3849    8.5045    8.0085 H   0  0  0  0  0  0  0  0  0  0  0  0
    5.5100    8.2796    6.2041 H   0  0  0  0  0  0  0  0  0  0  0  0
    8.4600    6.3852    8.8045 H   0  0  0  0  0  0  0  0  0  0  0  0
    8.1081    8.0956    9.0942 H   0  0  0  0  0  0  0  0  0  0  0  0
    6.8109    6.1809   10.5764 H   0  0  0  0  0  0  0  0  0  0  0  0
    5.9402    7.6106   10.0415 H   0  0  0  0  0  0  0  0  0  0  0  0
    5.8517    4.8028    8.8210 H   0  0  0  0  0  0  0  0  0  0  0  0
    4.5000    5.9066    9.1169 H   0  0  0  0  0  0  0  0  0  0  0  0
    6.0202    4.5000    6.3919 H   0  0  0  0  0  0  0  0  0  0  0  0
    4.7400    5.4750    5.6544 H   0  0  0  0  0  0  0  0  0  0  0  0
    7.2320    5.4236    4.5000 H   0  0  0  0  0  0  0  0  0  0  0  0
    6.3210    6.9257    4.5461 H   0  0  0  0  0  0  0  0  0  0  0  0
    8.3481    7.6640    5.6316 H   0  0  0  0  0  0  0  0  0  0  0  0
    8.6283    6.0824    6.3754 H   0  0  0  0  0  0  0  0  0  0  0  0
  1  2  1  0  0  0  0
  1  6  1  0  0  0  0
  1 10  1  0  0  0  0
  2  9  1  6  0  0  0
  2  6  1  0  0  0  0
  2  3  1  0  0  0  0
  3 12  1  0  0  0  0
  3 13  1  0  0  0  0
  3  4  1  0  0  0  0
  4 15  1  0  0  0  0
  4 14  1  0  0  0  0
  5 16  1  0  0  0  0
  5 17  1  0  0  0  0
  5  4  1  0  0  0  0
  6  7  1  6  0  0  0
  6  5  1  0  0  0  0
  7 18  1  0  0  0  0
  8  9  1  0  0  0  0
  8  7  1  0  0  0  0
  9 23  1  0  0  0  0
 11  1  1  0  0  0  0
 19  7  1  0  0  0  0
 20  8  1  0  0  0  0
 21  8  1  0  0  0  0
 22  9  1  0  0  0  0
M  END
