Lattice="14.37866968 0.0 0.0 0.0 15.49278181 0.0 0.0 0.0 12.3085844" Properties=species:S:1:pos:R:3:GW_charged:R:1:dKS_charged:R:1:dKS_neutral:R:1 pbc="T T T"
 OpenBabel12102411063D
Lattice="14.37866968 0.0 0.0 0.0 15.49278181 0.0 0.0 0.0 12.3085844" Properties=species:S:1:pos:R:3:GW_charged:R:1:dKS_charged:R:1:dKS_neutral:R:1 pbc="T T T"
 23 24  0  0  1  0  0  0  0  0999 V2000
    6.5710    9.7162    5.4050 C   0  0  0  0  0  0  0  0  0  0  0  0
    8.0520   10.0347    5.3421 C   0  0  0  0  0  0  0  0  0  0  0  0
    8.7928    9.0178    5.8088 C   0  0  0  0  0  0  0  0  0  0  0  0
    7.9026    7.8999    6.2986 C   0  0  2  0  0  0  0  0  0  0  0  0
    8.2932    6.4296    6.1738 C   0  0  0  0  0  0  0  0  0  0  0  0
    7.1370    5.5686    6.7191 C   0  0  0  0  0  0  0  0  0  0  0  0
    5.7758    5.8966    6.0763 C   0  0  0  0  0  0  0  0  0  0  0  0
    5.4296    7.3989    6.1112 C   0  0  0  0  0  0  0  0  0  0  0  0
    6.5975    8.1817    5.5254 C   0  0  1  0  0  0  0  0  0  0  0  0
    6.1116   10.1864    6.2956 H   0  0  0  0  0  0  0  0  0  0  0  0
    6.0048   10.0735    4.5328 H   0  0  0  0  0  0  0  0  0  0  0  0
    8.4427   10.9928    4.9994 H   0  0  0  0  0  0  0  0  0  0  0  0
    9.8787    9.0202    5.9091 H   0  0  0  0  0  0  0  0  0  0  0  0
    7.7097    8.0866    7.3782 H   0  0  0  0  0  0  0  0  0  0  0  0
    8.4862    6.1853    5.1154 H   0  0  0  0  0  0  0  0  0  0  0  0
    9.2205    6.2106    6.7254 H   0  0  0  0  0  0  0  0  0  0  0  0
    7.3602    4.5000    6.5822 H   0  0  0  0  0  0  0  0  0  0  0  0
    7.0668    5.7302    7.8086 H   0  0  0  0  0  0  0  0  0  0  0  0
    5.7889    5.5670    5.0233 H   0  0  0  0  0  0  0  0  0  0  0  0
    4.9855    5.3115    6.5700 H   0  0  0  0  0  0  0  0  0  0  0  0
    4.5000    7.5837    5.5506 H   0  0  0  0  0  0  0  0  0  0  0  0
    5.2429    7.7222    7.1497 H   0  0  0  0  0  0  0  0  0  0  0  0
    6.7723    7.8021    4.5000 H   0  0  0  0  0  0  0  0  0  0  0  0
  1  9  1  0  0  0  0
  1 10  1  0  0  0  0
  2  1  1  0  0  0  0
  2  3  2  0  0  0  0
  3 13  1  0  0  0  0
  3  4  1  0  0  0  0
  4 14  1  1  0  0  0
  5  4  1  0  0  0  0
  5  6  1  0  0  0  0
  5 16  1  0  0  0  0
  6 18  1  0  0  0  0
  7  8  1  0  0  0  0
  7 20  1  0  0  0  0
  7  6  1  0  0  0  0
  8 22  1  0  0  0  0
  9 23  1  6  0  0  0
  9  8  1  0  0  0  0
  9  4  1  0  0  0  0
 11  1  1  0  0  0  0
 12  2  1  0  0  0  0
 15  5  1  0  0  0  0
 17  6  1  0  0  0  0
 19  7  1  0  0  0  0
 21  8  1  0  0  0  0
M  END
