Lattice="13.86573411 0.0 0.0 0.0 12.78343676 0.0 0.0 0.0 13.24573655" Properties=species:S:1:pos:R:3:GW_charged:R:1:dKS_charged:R:1:dKS_neutral:R:1 pbc="T T T"
 OpenBabel12102409423D
Lattice="13.86573411 0.0 0.0 0.0 12.78343676 0.0 0.0 0.0 13.24573655" Properties=species:S:1:pos:R:3:GW_charged:R:1:dKS_charged:R:1:dKS_neutral:R:1 pbc="T T T"
 18 18  0  0  1  0  0  0  0  0999 V2000
    6.6084    7.7554    6.7463 C   0  0  0  0  0  0  0  0  0  0  0  0
    6.3761    6.2473    6.6118 C   0  0  1  0  0  0  0  0  0  0  0  0
    4.9737    5.9719    6.4700 O   0  0  0  0  0  0  0  0  0  0  0  0
    7.0755    5.6587    5.3627 C   0  0  0  0  0  0  0  0  0  0  0  0
    8.5159    5.3655    5.7946 C   0  0  0  0  0  0  0  0  0  0  0  0
    8.4473    5.1441    7.3092 C   0  0  0  0  0  0  0  0  0  0  0  0
    9.3657    4.7824    8.0142 O   0  0  0  0  0  0  0  0  0  0  0  0
    7.0290    5.4672    7.7732 C   0  0  0  0  0  0  0  0  0  0  0  0
    7.6781    8.0004    6.8146 H   0  0  0  0  0  0  0  0  0  0  0  0
    6.1871    8.2834    5.8811 H   0  0  0  0  0  0  0  0  0  0  0  0
    6.1308    8.1434    7.6590 H   0  0  0  0  0  0  0  0  0  0  0  0
    4.5000    6.4461    7.1716 H   0  0  0  0  0  0  0  0  0  0  0  0
    6.5513    4.7284    5.1019 H   0  0  0  0  0  0  0  0  0  0  0  0
    6.9980    6.3322    4.5000 H   0  0  0  0  0  0  0  0  0  0  0  0
    8.9767    4.5000    5.3019 H   0  0  0  0  0  0  0  0  0  0  0  0
    9.1920    6.2177    5.6181 H   0  0  0  0  0  0  0  0  0  0  0  0
    7.0280    5.9760    8.7457 H   0  0  0  0  0  0  0  0  0  0  0  0
    6.4977    4.5085    7.8965 H   0  0  0  0  0  0  0  0  0  0  0  0
  1  9  1  0  0  0  0
  1 11  1  0  0  0  0
  2  3  1  6  0  0  0
  2  1  1  0  0  0  0
  2  8  1  0  0  0  0
  3 12  1  0  0  0  0
  4  5  1  0  0  0  0
  4  2  1  0  0  0  0
  5  6  1  0  0  0  0
  6  8  1  0  0  0  0
  6  7  2  0  0  0  0
  8 18  1  0  0  0  0
  8 17  1  0  0  0  0
 10  1  1  0  0  0  0
 13  4  1  0  0  0  0
 14  4  1  0  0  0  0
 15  5  1  0  0  0  0
 16  5  1  0  0  0  0
M  END
