Lattice="13.13259045 0.0 0.0 0.0 15.436087 0.0 0.0 0.0 14.37030772" Properties=species:S:1:pos:R:3:GW_charged:R:1:dKS_charged:R:1:dKS_neutral:R:1 pbc="T T T"
 OpenBabel12102409443D
Lattice="13.13259045 0.0 0.0 0.0 15.436087 0.0 0.0 0.0 14.37030772" Properties=species:S:1:pos:R:3:GW_charged:R:1:dKS_charged:R:1:dKS_neutral:R:1 pbc="T T T"
 19 20  0  0  1  0  0  0  0  0999 V2000
    7.0021    5.5412    8.6441 C   0  0  0  0  0  0  0  0  0  0  0  0
    7.1577    6.7189    8.4100 C   0  0  0  0  0  0  0  0  0  0  0  0
    7.2885    8.1235    8.0996 C   0  0  1  0  0  0  0  0  0  0  0  0
    8.1080    8.9794    8.9878 C   0  0  0  0  0  0  0  0  0  0  0  0
    8.6326    8.5445    7.7284 O   0  0  0  0  0  0  0  0  0  0  0  0
    6.1565    8.7009    7.2751 C   0  0  0  0  0  0  0  0  0  0  0  0
    6.2370   10.1632    6.7603 C   0  0  0  0  0  0  0  0  0  0  0  0
    5.5911    9.6803    5.4345 C   0  0  0  0  0  0  0  0  0  0  0  0
    6.0069    8.2315    5.8002 C   0  0  0  0  0  0  0  0  0  0  0  0
    6.8814    4.5000    8.8568 H   0  0  0  0  0  0  0  0  0  0  0  0
    7.8678   10.0455    9.0537 H   0  0  0  0  0  0  0  0  0  0  0  0
    8.5775    8.5369    9.8703 H   0  0  0  0  0  0  0  0  0  0  0  0
    5.2183    8.5326    7.8255 H   0  0  0  0  0  0  0  0  0  0  0  0
    5.7180   10.9361    7.3405 H   0  0  0  0  0  0  0  0  0  0  0  0
    7.2814   10.4657    6.6054 H   0  0  0  0  0  0  0  0  0  0  0  0
    4.5000    9.8040    5.4456 H   0  0  0  0  0  0  0  0  0  0  0  0
    5.9813   10.1008    4.5000 H   0  0  0  0  0  0  0  0  0  0  0  0
    6.9857    7.9723    5.3748 H   0  0  0  0  0  0  0  0  0  0  0  0
    5.3025    7.4172    5.5946 H   0  0  0  0  0  0  0  0  0  0  0  0
  1 10  1  0  0  0  0
  2  1  3  0  0  0  0
  3  2  1  1  0  0  0
  3  4  1  0  0  0  0
  4 11  1  0  0  0  0
  4 12  1  0  0  0  0
  5  3  1  0  0  0  0
  5  4  1  0  0  0  0
  6 13  1  0  0  0  0
  6  3  1  0  0  0  0
  7  6  1  0  0  0  0
  7 14  1  0  0  0  0
  8 16  1  0  0  0  0
  8  9  1  0  0  0  0
  8  7  1  0  0  0  0
  9  6  1  0  0  0  0
 15  7  1  0  0  0  0
 17  8  1  0  0  0  0
 18  9  1  0  0  0  0
 19  9  1  0  0  0  0
M  END
