Lattice="12.38012511 0.0 0.0 0.0 13.90535879 0.0 0.0 0.0 13.79203099" Properties=species:S:1:pos:R:3:GW_charged:R:1:dKS_charged:R:1:dKS_neutral:R:1 pbc="T T T"
 OpenBabel12102409373D
Lattice="12.38012511 0.0 0.0 0.0 13.90535879 0.0 0.0 0.0 13.79203099" Properties=species:S:1:pos:R:3:GW_charged:R:1:dKS_charged:R:1:dKS_neutral:R:1 pbc="T T T"
 17 18  0  0  1  0  0  0  0  0999 V2000
    5.4024    8.8398    6.4200 C   0  0  0  0  0  0  0  0  0  0  0  0
    5.6716    7.3744    6.3596 C   0  0  1  0  0  0  0  0  0  0  0  0
    6.1659    6.5428    5.1635 C   0  0  0  0  0  0  0  0  0  0  0  0
    6.7829    5.5235    6.1791 C   0  0  0  0  0  0  0  0  0  0  0  0
    6.2574    6.4066    7.3238 C   0  0  1  0  0  0  0  0  0  0  0  0
    6.7929    6.5426    8.7088 C   0  0  0  0  0  0  0  0  0  0  0  0
    4.8217    6.4919    7.1359 O   0  0  0  0  0  0  0  0  0  0  0  0
    6.2430    9.4054    5.9947 H   0  0  0  0  0  0  0  0  0  0  0  0
    4.5000    9.0922    5.8432 H   0  0  0  0  0  0  0  0  0  0  0  0
    5.2454    9.1674    7.4556 H   0  0  0  0  0  0  0  0  0  0  0  0
    5.3738    6.1715    4.5000 H   0  0  0  0  0  0  0  0  0  0  0  0
    6.9307    7.0576    4.5670 H   0  0  0  0  0  0  0  0  0  0  0  0
    6.3856    4.5000    6.1653 H   0  0  0  0  0  0  0  0  0  0  0  0
    7.8793    5.4904    6.1284 H   0  0  0  0  0  0  0  0  0  0  0  0
    7.8801    6.7008    8.6893 H   0  0  0  0  0  0  0  0  0  0  0  0
    6.3233    7.3866    9.2298 H   0  0  0  0  0  0  0  0  0  0  0  0
    6.5953    5.6307    9.2920 H   0  0  0  0  0  0  0  0  0  0  0  0
  1 10  1  0  0  0  0
  2  1  1  1  0  0  0
  2  7  1  0  0  0  0
  2  5  1  0  0  0  0
  3  4  1  0  0  0  0
  3  2  1  0  0  0  0
  4  5  1  0  0  0  0
  5  6  1  1  0  0  0
  6 16  1  0  0  0  0
  6 17  1  0  0  0  0
  7  5  1  0  0  0  0
  8  1  1  0  0  0  0
  9  1  1  0  0  0  0
 11  3  1  0  0  0  0
 12  3  1  0  0  0  0
 13  4  1  0  0  0  0
 14  4  1  0  0  0  0
 15  6  1  0  0  0  0
M  END
