Lattice="14.17560168 0.0 0.0 0.0 15.954880339999999 0.0 0.0 0.0 11.948437" Properties=species:S:1:pos:R:3:GW_charged:R:1:dKS_charged:R:1:dKS_neutral:R:1 pbc="T T T"
 OpenBabel12102409453D
Lattice="14.17560168 0.0 0.0 0.0 15.954880339999999 0.0 0.0 0.0 11.948437" Properties=species:S:1:pos:R:3:GW_charged:R:1:dKS_charged:R:1:dKS_neutral:R:1 pbc="T T T"
 19 20  0  0  1  0  0  0  0  0999 V2000
    7.6300    5.5646    5.6603 C   0  0  0  0  0  0  0  0  0  0  0  0
    7.6243    6.7753    5.5449 C   0  0  0  0  0  0  0  0  0  0  0  0
    7.6597    8.1777    5.4133 C   0  0  1  0  0  3  0  0  0  0  0  0
    6.6180    9.0289    5.3072 C   0  0  1  0  0  3  0  0  0  0  0  0
    5.1933    9.2284    5.7478 C   0  0  0  0  0  0  0  0  0  0  0  0
    5.7221   10.5655    6.3895 C   0  0  0  0  0  0  0  0  0  0  0  0
    7.0021   10.4675    5.4770 C   0  0  1  0  0  0  0  0  0  0  0  0
    8.4630   10.4056    5.9620 C   0  0  0  0  0  0  0  0  0  0  0  0
    8.9529    9.0050    5.4847 C   0  0  0  0  0  0  0  0  0  0  0  0
    7.6227    4.5000    5.7581 H   0  0  0  0  0  0  0  0  0  0  0  0
    4.5000    9.4316    4.9184 H   0  0  0  0  0  0  0  0  0  0  0  0
    4.7561    8.4628    6.4000 H   0  0  0  0  0  0  0  0  0  0  0  0
    5.0903   11.4549    6.2712 H   0  0  0  0  0  0  0  0  0  0  0  0
    5.9744   10.4276    7.4484 H   0  0  0  0  0  0  0  0  0  0  0  0
    6.8736   11.0820    4.5704 H   0  0  0  0  0  0  0  0  0  0  0  0
    9.0892   11.2234    5.5820 H   0  0  0  0  0  0  0  0  0  0  0  0
    8.4961   10.4487    7.0614 H   0  0  0  0  0  0  0  0  0  0  0  0
    9.6756    8.5523    6.1765 H   0  0  0  0  0  0  0  0  0  0  0  0
    9.4469    9.0565    4.5000 H   0  0  0  0  0  0  0  0  0  0  0  0
  1 10  1  0  0  0  0
  2  1  3  0  0  0  0
  3  9  1  0  0  0  0
  3  2  1  1  0  0  0
  4  3  1  0  0  0  0
  4  7  1  0  0  0  0
  4  5  1  1  0  0  0
  5  6  1  0  0  0  0
  5 12  1  0  0  0  0
  6 14  1  0  0  0  0
  7 15  1  6  0  0  0
  7  8  1  0  0  0  0
  7  6  1  0  0  0  0
  8 17  1  0  0  0  0
  9  8  1  0  0  0  0
  9 18  1  0  0  0  0
 11  5  1  0  0  0  0
 13  6  1  0  0  0  0
 16  8  1  0  0  0  0
 19  9  1  0  0  0  0
M  END
