Lattice="13.93072972 0.0 0.0 0.0 13.87270666 0.0 0.0 0.0 13.119385770000001" Properties=species:S:1:pos:R:3:GW_charged:R:1:dKS_charged:R:1:dKS_neutral:R:1 pbc="T T T"
 OpenBabel12102409383D
Lattice="13.93072972 0.0 0.0 0.0 13.87270666 0.0 0.0 0.0 13.119385770000001" Properties=species:S:1:pos:R:3:GW_charged:R:1:dKS_charged:R:1:dKS_neutral:R:1 pbc="T T T"
 19 20  0  0  1  0  0  0  0  0999 V2000
    6.3718    8.8076    6.4724 C   0  0  0  0  0  0  0  0  0  0  0  0
    6.6251    7.3210    6.3826 C   0  0  2  0  0  0  0  0  0  0  0  0
    5.4008    6.3706    6.5322 C   0  0  0  0  0  0  0  0  0  0  0  0
    6.1454    5.5631    7.6359 C   0  0  0  0  0  0  0  0  0  0  0  0
    7.3848    6.4803    7.4906 C   0  0  1  0  0  0  0  0  0  0  0  0
    8.4148    6.0226    6.4284 C   0  0  0  0  0  0  0  0  0  0  0  0
    7.6608    6.8282    5.3296 C   0  0  0  0  0  0  0  0  0  0  0  0
    7.3137    9.3727    6.5353 H   0  0  0  0  0  0  0  0  0  0  0  0
    5.8267    9.1669    5.5847 H   0  0  0  0  0  0  0  0  0  0  0  0
    5.7688    9.0599    7.3573 H   0  0  0  0  0  0  0  0  0  0  0  0
    4.5000    6.8813    6.8990 H   0  0  0  0  0  0  0  0  0  0  0  0
    5.1281    5.8157    5.6234 H   0  0  0  0  0  0  0  0  0  0  0  0
    5.6632    5.6306    8.6194 H   0  0  0  0  0  0  0  0  0  0  0  0
    6.3247    4.5000    7.4213 H   0  0  0  0  0  0  0  0  0  0  0  0
    7.7825    6.9303    8.4093 H   0  0  0  0  0  0  0  0  0  0  0  0
    9.4307    6.3935    6.6147 H   0  0  0  0  0  0  0  0  0  0  0  0
    8.4760    4.9356    6.2767 H   0  0  0  0  0  0  0  0  0  0  0  0
    7.2394    6.2432    4.5000 H   0  0  0  0  0  0  0  0  0  0  0  0
    8.2593    7.6425    4.8987 H   0  0  0  0  0  0  0  0  0  0  0  0
  1  8  1  0  0  0  0
  1 10  1  0  0  0  0
  2  1  1  1  0  0  0
  2  3  1  0  0  0  0
  2  5  1  0  0  0  0
  3 11  1  0  0  0  0
  3  4  1  0  0  0  0
  4 13  1  0  0  0  0
  5  4  1  0  0  0  0
  5 15  1  1  0  0  0
  6 16  1  0  0  0  0
  6  5  1  0  0  0  0
  7  2  1  0  0  0  0
  7  6  1  0  0  0  0
  9  1  1  0  0  0  0
 12  3  1  0  0  0  0
 14  4  1  0  0  0  0
 17  6  1  0  0  0  0
 18  7  1  0  0  0  0
 19  7  1  0  0  0  0
M  END
