Lattice="14.43263251 0.0 0.0 0.0 14.97943203 0.0 0.0 0.0 12.89617533" Properties=species:S:1:pos:R:3:GW_charged:R:1:dKS_charged:R:1:dKS_neutral:R:1 pbc="T T T"
 OpenBabel12102409393D
Lattice="14.43263251 0.0 0.0 0.0 14.97943203 0.0 0.0 0.0 12.89617533" Properties=species:S:1:pos:R:3:GW_charged:R:1:dKS_charged:R:1:dKS_neutral:R:1 pbc="T T T"
 19 20  0  0  0  0  0  0  0  0999 V2000
    6.6044    7.8707    6.4693 C   0  0  0  0  0  0  0  0  0  0  0  0
    6.5813    6.3762    6.2262 C   0  0  0  0  0  0  0  0  0  0  0  0
    6.5959    5.4180    7.3928 C   0  0  0  0  0  0  0  0  0  0  0  0
    5.3527    5.5629    6.5456 C   0  0  0  0  0  0  0  0  0  0  0  0
    8.0028    8.4122    6.6799 C   0  0  0  0  0  0  0  0  0  0  0  0
    8.8676    8.7611    5.4926 C   0  0  0  0  0  0  0  0  0  0  0  0
    8.3229    9.8549    6.3821 C   0  0  0  0  0  0  0  0  0  0  0  0
    6.1364    8.3917    5.6161 H   0  0  0  0  0  0  0  0  0  0  0  0
    5.9798    8.1067    7.3482 H   0  0  0  0  0  0  0  0  0  0  0  0
    7.1486    6.0578    5.3487 H   0  0  0  0  0  0  0  0  0  0  0  0
    7.1753    4.5000    7.3088 H   0  0  0  0  0  0  0  0  0  0  0  0
    6.5778    5.8442    8.3962 H   0  0  0  0  0  0  0  0  0  0  0  0
    4.5000    6.0842    6.9808 H   0  0  0  0  0  0  0  0  0  0  0  0
    5.0822    4.7441    5.8807 H   0  0  0  0  0  0  0  0  0  0  0  0
    8.5276    7.9737    7.5317 H   0  0  0  0  0  0  0  0  0  0  0  0
    9.9326    8.5395    5.5378 H   0  0  0  0  0  0  0  0  0  0  0  0
    8.4303    8.6504    4.5000 H   0  0  0  0  0  0  0  0  0  0  0  0
    7.5221   10.4794    5.9859 H   0  0  0  0  0  0  0  0  0  0  0  0
    9.0156   10.3812    7.0371 H   0  0  0  0  0  0  0  0  0  0  0  0
  1  5  1  0  0  0  0
  1  9  1  0  0  0  0
  2  1  1  0  0  0  0
  2  4  1  0  0  0  0
  2  3  1  0  0  0  0
  3 12  1  0  0  0  0
  4 13  1  0  0  0  0
  4  3  1  0  0  0  0
  5 15  1  0  0  0  0
  6 16  1  0  0  0  0
  6  7  1  0  0  0  0
  6  5  1  0  0  0  0
  7  5  1  0  0  0  0
  7 19  1  0  0  0  0
  8  1  1  0  0  0  0
 10  2  1  0  0  0  0
 11  3  1  0  0  0  0
 14  4  1  0  0  0  0
 17  6  1  0  0  0  0
 18  7  1  0  0  0  0
M  END
