Lattice="13.07375618 0.0 0.0 0.0 13.77529217 0.0 0.0 0.0 13.59329748" Properties=species:S:1:pos:R:3:GW_charged:R:1:dKS_charged:R:1:dKS_neutral:R:1 pbc="T T T"
 OpenBabel12102409263D
Lattice="13.07375618 0.0 0.0 0.0 13.77529217 0.0 0.0 0.0 13.59329748" Properties=species:S:1:pos:R:3:GW_charged:R:1:dKS_charged:R:1:dKS_neutral:R:1 pbc="T T T"
 18 18  0  0  0  0  0  0  0  0999 V2000
    5.8806    8.5625    8.2054 C   0  0  0  0  0  0  0  0  0  0  0  0
    5.5711    7.1184    7.7995 C   0  0  0  0  0  0  0  0  0  0  0  0
    6.3957    6.6045    6.6263 C   0  0  0  0  0  0  0  0  0  0  0  0
    6.1612    7.3026    5.3003 C   0  0  0  0  0  0  0  0  0  0  0  0
    7.7939    6.1118    6.9264 C   0  0  0  0  0  0  0  0  0  0  0  0
    6.6972    5.1244    6.5897 C   0  0  0  0  0  0  0  0  0  0  0  0
    6.9472    8.6850    8.4421 H   0  0  0  0  0  0  0  0  0  0  0  0
    5.6343    9.2753    7.4065 H   0  0  0  0  0  0  0  0  0  0  0  0
    5.3041    8.8555    9.0933 H   0  0  0  0  0  0  0  0  0  0  0  0
    5.7400    6.4565    8.6638 H   0  0  0  0  0  0  0  0  0  0  0  0
    4.5000    7.0232    7.5516 H   0  0  0  0  0  0  0  0  0  0  0  0
    6.4320    8.3674    5.3461 H   0  0  0  0  0  0  0  0  0  0  0  0
    6.7602    6.8470    4.5000 H   0  0  0  0  0  0  0  0  0  0  0  0
    5.1033    7.2375    5.0028 H   0  0  0  0  0  0  0  0  0  0  0  0
    8.5738    6.2853    6.1854 H   0  0  0  0  0  0  0  0  0  0  0  0
    8.1431    6.1547    7.9581 H   0  0  0  0  0  0  0  0  0  0  0  0
    6.3075    4.5000    7.3935 H   0  0  0  0  0  0  0  0  0  0  0  0
    6.7331    4.6306    5.6189 H   0  0  0  0  0  0  0  0  0  0  0  0
  1  7  1  0  0  0  0
  1  9  1  0  0  0  0
  2  1  1  0  0  0  0
  2 10  1  0  0  0  0
  3  5  1  0  0  0  0
  3  2  1  0  0  0  0
  4 12  1  0  0  0  0
  4  3  1  0  0  0  0
  5 16  1  0  0  0  0
  6  3  1  0  0  0  0
  6  5  1  0  0  0  0
  6 17  1  0  0  0  0
  8  1  1  0  0  0  0
 11  2  1  0  0  0  0
 13  4  1  0  0  0  0
 14  4  1  0  0  0  0
 15  5  1  0  0  0  0
 18  6  1  0  0  0  0
M  END
