Lattice="13.42284047 0.0 0.0 0.0 14.99558976 0.0 0.0 0.0 13.25653716" Properties=species:S:1:pos:R:3:GW_charged:R:1:dKS_charged:R:1:dKS_neutral:R:1 pbc="T T T"
 OpenBabel12102411073D
Lattice="13.42284047 0.0 0.0 0.0 14.99558976 0.0 0.0 0.0 13.25653716" Properties=species:S:1:pos:R:3:GW_charged:R:1:dKS_charged:R:1:dKS_neutral:R:1 pbc="T T T"
 23 23  0  0  0  0  0  0  0  0999 V2000
    4.6701    4.7189    8.6846 O   0  0  0  0  0  0  0  0  0  0  0  0
    5.3866    4.9446    7.7320 C   0  0  0  0  0  0  0  0  0  0  0  0
    6.6232    5.8049    7.7507 C   0  0  0  0  0  0  0  0  0  0  0  0
    6.5958    6.9019    6.6693 C   0  0  0  0  0  0  0  0  0  0  0  0
    5.4786    7.9265    6.9305 C   0  0  0  0  0  0  0  0  0  0  0  0
    5.4629    9.0433    5.8803 C   0  0  0  0  0  0  0  0  0  0  0  0
    6.8272    9.7334    5.7681 C   0  0  0  0  0  0  0  0  0  0  0  0
    7.9452    8.7189    5.5001 C   0  0  0  0  0  0  0  0  0  0  0  0
    7.9591    7.6020    6.5505 C   0  0  0  0  0  0  0  0  0  0  0  0
    5.1469    4.5000    6.7279 H   0  0  0  0  0  0  0  0  0  0  0  0
    6.7508    6.2303    8.7565 H   0  0  0  0  0  0  0  0  0  0  0  0
    7.4800    5.1341    7.5548 H   0  0  0  0  0  0  0  0  0  0  0  0
    6.3866    6.4133    5.6982 H   0  0  0  0  0  0  0  0  0  0  0  0
    4.5000    7.4229    6.9646 H   0  0  0  0  0  0  0  0  0  0  0  0
    5.6291    8.3652    7.9328 H   0  0  0  0  0  0  0  0  0  0  0  0
    5.1899    8.6164    4.8998 H   0  0  0  0  0  0  0  0  0  0  0  0
    4.6808    9.7772    6.1246 H   0  0  0  0  0  0  0  0  0  0  0  0
    6.8058   10.4956    4.9750 H   0  0  0  0  0  0  0  0  0  0  0  0
    7.0413   10.2699    6.7086 H   0  0  0  0  0  0  0  0  0  0  0  0
    7.8008    8.2749    4.5000 H   0  0  0  0  0  0  0  0  0  0  0  0
    8.9228    9.2230    5.4748 H   0  0  0  0  0  0  0  0  0  0  0  0
    8.2276    8.0277    7.5335 H   0  0  0  0  0  0  0  0  0  0  0  0
    8.7385    6.8616    6.3110 H   0  0  0  0  0  0  0  0  0  0  0  0
  2  3  1  0  0  0  0
  2  1  2  0  0  0  0
  3 11  1  0  0  0  0
  4  5  1  0  0  0  0
  4  3  1  0  0  0  0
  5 14  1  0  0  0  0
  5 15  1  0  0  0  0
  6 17  1  0  0  0  0
  6  5  1  0  0  0  0
  7  6  1  0  0  0  0
  7 19  1  0  0  0  0
  8  7  1  0  0  0  0
  8  9  1  0  0  0  0
  9  4  1  0  0  0  0
  9 22  1  0  0  0  0
 10  2  1  0  0  0  0
 12  3  1  0  0  0  0
 13  4  1  0  0  0  0
 16  6  1  0  0  0  0
 18  7  1  0  0  0  0
 20  8  1  0  0  0  0
 21  8  1  0  0  0  0
 23  9  1  0  0  0  0
M  END
