Lattice="14.57950329 0.0 0.0 0.0 16.04125087 0.0 0.0 0.0 10.82760616" Properties=species:S:1:pos:R:3:GW_charged:R:1:dKS_charged:R:1:dKS_neutral:R:1 pbc="T T T"
 OpenBabel12102409443D
Lattice="14.57950329 0.0 0.0 0.0 16.04125087 0.0 0.0 0.0 10.82760616" Properties=species:S:1:pos:R:3:GW_charged:R:1:dKS_charged:R:1:dKS_neutral:R:1 pbc="T T T"
 19 19  0  0  0  0  0  0  0  0999 V2000
    9.0674   11.1153    5.4293 C   0  0  0  0  0  0  0  0  0  0  0  0
    9.1417    9.6024    5.4056 C   0  0  0  0  0  0  0  0  0  0  0  0
    7.8023    9.0953    5.4046 O   0  0  0  0  0  0  0  0  0  0  0  0
    7.6731    7.7372    5.3837 C   0  0  0  0  0  0  0  0  0  0  0  0
    6.4545    7.1011    5.3786 C   0  0  0  0  0  0  0  0  0  0  0  0
    5.0584    7.5921    5.3916 C   0  0  0  0  0  0  0  0  0  0  0  0
    6.6684    5.7400    5.3565 O   0  0  0  0  0  0  0  0  0  0  0  0
    8.0146    5.5336    5.3480 C   0  0  0  0  0  0  0  0  0  0  0  0
    8.6880    6.7214    5.3639 C   0  0  0  0  0  0  0  0  0  0  0  0
   10.0795   11.5413    5.4307 H   0  0  0  0  0  0  0  0  0  0  0  0
    8.5348   11.4943    4.5476 H   0  0  0  0  0  0  0  0  0  0  0  0
    8.5439   11.4669    6.3276 H   0  0  0  0  0  0  0  0  0  0  0  0
    9.6726    9.2475    4.5044 H   0  0  0  0  0  0  0  0  0  0  0  0
    9.6817    9.2200    6.2901 H   0  0  0  0  0  0  0  0  0  0  0  0
    4.5000    7.2683    4.5000 H   0  0  0  0  0  0  0  0  0  0  0  0
    4.5063    7.2390    6.2760 H   0  0  0  0  0  0  0  0  0  0  0  0
    5.0638    8.6883    5.4096 H   0  0  0  0  0  0  0  0  0  0  0  0
    8.3367    4.5000    5.3306 H   0  0  0  0  0  0  0  0  0  0  0  0
    9.7644    6.8449    5.3617 H   0  0  0  0  0  0  0  0  0  0  0  0
  1 10  1  0  0  0  0
  1 12  1  0  0  0  0
  2  1  1  0  0  0  0
  2 14  1  0  0  0  0
  3  2  1  0  0  0  0
  4  3  1  0  0  0  0
  5  4  2  0  0  0  0
  5  6  1  0  0  0  0
  6 17  1  0  0  0  0
  6 16  1  0  0  0  0
  7  5  1  0  0  0  0
  8  7  1  0  0  0  0
  8  9  2  0  0  0  0
  9  4  1  0  0  0  0
 11  1  1  0  0  0  0
 13  2  1  0  0  0  0
 15  6  1  0  0  0  0
 18  8  1  0  0  0  0
 19  9  1  0  0  0  0
M  END
