Lattice="13.18647769 0.0 0.0 0.0 15.53095249 0.0 0.0 0.0 13.35371426" Properties=species:S:1:pos:R:3:GW_charged:R:1:dKS_charged:R:1:dKS_neutral:R:1 pbc="T T T"
 OpenBabel12102409453D
Lattice="13.18647769 0.0 0.0 0.0 15.53095249 0.0 0.0 0.0 13.35371426" Properties=species:S:1:pos:R:3:GW_charged:R:1:dKS_charged:R:1:dKS_neutral:R:1 pbc="T T T"
 19 20  0  0  1  0  0  0  0  0999 V2000
    6.4462    5.5666    6.3637 C   0  0  0  0  0  0  0  0  0  0  0  0
    6.4246    6.7736    6.4624 C   0  0  0  0  0  0  0  0  0  0  0  0
    6.4110    8.2196    6.5675 C   0  0  2  0  0  0  0  0  0  0  0  0
    5.5636    8.9360    5.5059 C   0  0  0  0  0  0  0  0  0  0  0  0
    6.1571   10.3521    5.4384 C   0  0  0  0  0  0  0  0  0  0  0  0
    7.6710   10.1272    5.6216 C   0  0  0  0  0  0  0  0  0  0  0  0
    7.7847    8.9829    6.6338 C   0  0  1  0  0  0  0  0  0  0  0  0
    7.3826    9.2992    8.0832 C   0  0  0  0  0  0  0  0  0  0  0  0
    6.0770    8.6762    7.9268 O   0  0  0  0  0  0  0  0  0  0  0  0
    6.4592    4.5000    6.2853 H   0  0  0  0  0  0  0  0  0  0  0  0
    5.6846    8.4114    4.5460 H   0  0  0  0  0  0  0  0  0  0  0  0
    4.5000    8.9064    5.7755 H   0  0  0  0  0  0  0  0  0  0  0  0
    5.9159   10.8674    4.5000 H   0  0  0  0  0  0  0  0  0  0  0  0
    5.7559   10.9663    6.2577 H   0  0  0  0  0  0  0  0  0  0  0  0
    8.1229    9.8141    4.6680 H   0  0  0  0  0  0  0  0  0  0  0  0
    8.2036   11.0310    5.9505 H   0  0  0  0  0  0  0  0  0  0  0  0
    8.6865    8.3736    6.5189 H   0  0  0  0  0  0  0  0  0  0  0  0
    7.9798    8.7866    8.8537 H   0  0  0  0  0  0  0  0  0  0  0  0
    7.2934   10.3669    8.3419 H   0  0  0  0  0  0  0  0  0  0  0  0
  1  2  3  0  0  0  0
  3  2  1  6  0  0  0
  3  7  1  0  0  0  0
  3  9  1  0  0  0  0
  4 12  1  0  0  0  0
  4  3  1  0  0  0  0
  5  4  1  0  0  0  0
  5  6  1  0  0  0  0
  5 14  1  0  0  0  0
  6 16  1  0  0  0  0
  6  7  1  0  0  0  0
  7 17  1  6  0  0  0
  7  8  1  0  0  0  0
  8 19  1  0  0  0  0
  8 18  1  0  0  0  0
  9  8  1  0  0  0  0
 10  1  1  0  0  0  0
 11  4  1  0  0  0  0
 13  5  1  0  0  0  0
 15  6  1  0  0  0  0
M  END
