Lattice="13.40419073 0.0 0.0 0.0 14.03380767 0.0 0.0 0.0 13.93911506" Properties=species:S:1:pos:R:3:GW_charged:R:1:dKS_charged:R:1:dKS_neutral:R:1 pbc="T T T"
 OpenBabel12102411053D
Lattice="13.40419073 0.0 0.0 0.0 14.03380767 0.0 0.0 0.0 13.93911506" Properties=species:S:1:pos:R:3:GW_charged:R:1:dKS_charged:R:1:dKS_neutral:R:1 pbc="T T T"
 21 24  0  0  1  0  0  0  0  0999 V2000
    5.6663    8.9824    5.5877 C   0  0  0  0  0  0  0  0  0  0  0  0
    6.9854    8.2574    5.4522 C   0  0  1  0  0  0  0  0  0  0  0  0
    7.8452    7.9445    6.7124 C   0  0  0  0  0  0  0  0  0  0  0  0
    7.2508    6.6081    7.1948 C   0  0  1  0  0  0  0  0  0  0  0  0
    6.4683    6.1708    8.4840 C   0  0  1  0  0  0  0  0  0  0  0  0
    5.5173    7.3698    8.2682 C   0  0  0  0  0  0  0  0  0  0  0  0
    5.7553    6.7513    6.8425 C   0  0  2  0  0  0  0  0  0  0  0  0
    5.5336    5.3616    7.5106 C   0  0  0  0  0  0  0  0  0  0  0  0
    5.6629    7.4752    5.5172 C   0  0  1  0  0  0  0  0  0  0  0  0
    5.4191    9.4506    6.5408 H   0  0  0  0  0  0  0  0  0  0  0  0
    5.3066    9.5338    4.7187 H   0  0  0  0  0  0  0  0  0  0  0  0
    7.5065    8.3558    4.5000 H   0  0  0  0  0  0  0  0  0  0  0  0
    8.9042    7.8511    6.4414 H   0  0  0  0  0  0  0  0  0  0  0  0
    7.7784    8.7538    7.4535 H   0  0  0  0  0  0  0  0  0  0  0  0
    7.7390    5.7638    6.6815 H   0  0  0  0  0  0  0  0  0  0  0  0
    6.8714    5.8119    9.4391 H   0  0  0  0  0  0  0  0  0  0  0  0
    4.5000    7.2701    8.6700 H   0  0  0  0  0  0  0  0  0  0  0  0
    5.9270    8.3653    8.4748 H   0  0  0  0  0  0  0  0  0  0  0  0
    5.9862    4.5000    7.0006 H   0  0  0  0  0  0  0  0  0  0  0  0
    4.5264    5.1383    7.8878 H   0  0  0  0  0  0  0  0  0  0  0  0
    5.2587    6.9750    4.6383 H   0  0  0  0  0  0  0  0  0  0  0  0
  1 10  1  0  0  0  0
  2 12  1  6  0  0  0
  2  9  1  0  0  0  0
  2  1  1  0  0  0  0
  2  3  1  0  0  0  0
  3  4  1  0  0  0  0
  3 14  1  0  0  0  0
  4 15  1  6  0  0  0
  4  5  1  0  0  0  0
  5 16  1  1  0  0  0
  6 18  1  0  0  0  0
  6  5  1  0  0  0  0
  6 17  1  0  0  0  0
  7  4  1  0  0  0  0
  7  8  1  6  0  0  0
  7  6  1  0  0  0  0
  8 20  1  0  0  0  0
  8  5  1  0  0  0  0
  9 21  1  6  0  0  0
  9  1  1  0  0  0  0
  9  7  1  0  0  0  0
 11  1  1  0  0  0  0
 13  3  1  0  0  0  0
 19  8  1  0  0  0  0
M  END
