Lattice="14.88883205 0.0 0.0 0.0 15.68872831 0.0 0.0 0.0 12.96543048" Properties=species:S:1:pos:R:3:GW_charged:R:1:dKS_charged:R:1:dKS_neutral:R:1 pbc="T T T"
 OpenBabel12102410123D
Lattice="14.88883205 0.0 0.0 0.0 15.68872831 0.0 0.0 0.0 12.96543048" Properties=species:S:1:pos:R:3:GW_charged:R:1:dKS_charged:R:1:dKS_neutral:R:1 pbc="T T T"
 23 24  0  0  1  0  0  0  0  0999 V2000
    6.8054    7.7175    5.4634 C   0  0  0  0  0  0  0  0  0  0  0  0
    6.6883    6.2089    5.4763 C   0  0  0  0  0  0  0  0  0  0  0  0
    6.4352    5.4581    6.7628 C   0  0  0  0  0  0  0  0  0  0  0  0
    5.3528    5.5484    5.7140 C   0  0  0  0  0  0  0  0  0  0  0  0
    8.2339    8.2495    5.6685 C   0  0  1  0  0  0  0  0  0  0  0  0
    8.3353    9.7935    5.5407 C   0  0  0  0  0  0  0  0  0  0  0  0
    9.4048   10.2404    6.5648 C   0  0  0  0  0  0  0  0  0  0  0  0
    9.4669    9.0731    7.5174 C   0  0  0  0  0  0  0  0  0  0  0  0
    8.8403    7.9951    7.0313 C   0  0  0  0  0  0  0  0  0  0  0  0
    6.4269    8.1008    4.5000 H   0  0  0  0  0  0  0  0  0  0  0  0
    6.1505    8.1445    6.2424 H   0  0  0  0  0  0  0  0  0  0  0  0
    7.3384    5.7020    4.7585 H   0  0  0  0  0  0  0  0  0  0  0  0
    6.9302    4.5000    6.9153 H   0  0  0  0  0  0  0  0  0  0  0  0
    6.3082    6.0456    7.6719 H   0  0  0  0  0  0  0  0  0  0  0  0
    4.5000    6.1953    5.9197 H   0  0  0  0  0  0  0  0  0  0  0  0
    5.1063    4.6529    5.1457 H   0  0  0  0  0  0  0  0  0  0  0  0
    8.8753    7.7675    4.9040 H   0  0  0  0  0  0  0  0  0  0  0  0
    8.5584   10.1168    4.5160 H   0  0  0  0  0  0  0  0  0  0  0  0
    7.3636   10.2337    5.8140 H   0  0  0  0  0  0  0  0  0  0  0  0
   10.3888   10.4001    6.0893 H   0  0  0  0  0  0  0  0  0  0  0  0
    9.1484   11.1887    7.0599 H   0  0  0  0  0  0  0  0  0  0  0  0
   10.0045    9.1091    8.4654 H   0  0  0  0  0  0  0  0  0  0  0  0
    8.7983    7.0234    7.5220 H   0  0  0  0  0  0  0  0  0  0  0  0
  1  2  1  0  0  0  0
  1  5  1  0  0  0  0
  1 11  1  0  0  0  0
  2  4  1  0  0  0  0
  2  3  1  0  0  0  0
  3 13  1  0  0  0  0
  3 14  1  0  0  0  0
  4 15  1  0  0  0  0
  4  3  1  0  0  0  0
  5 17  1  6  0  0  0
  5  9  1  0  0  0  0
  6  5  1  0  0  0  0
  6 19  1  0  0  0  0
  6  7  1  0  0  0  0
  7 21  1  0  0  0  0
  7  8  1  0  0  0  0
  8 22  1  0  0  0  0
  9  8  2  0  0  0  0
  9 23  1  0  0  0  0
 10  1  1  0  0  0  0
 12  2  1  0  0  0  0
 16  4  1  0  0  0  0
 18  6  1  0  0  0  0
 20  7  1  0  0  0  0
M  END
