Lattice="13.62473957 0.0 0.0 0.0 12.752351319999999 0.0 0.0 0.0 14.281001400000001" Properties=species:S:1:pos:R:3:GW_charged:R:1:dKS_charged:R:1:dKS_neutral:R:1 pbc="T T T"
 OpenBabel12102410123D
Lattice="13.62473957 0.0 0.0 0.0 12.752351319999999 0.0 0.0 0.0 14.281001400000001" Properties=species:S:1:pos:R:3:GW_charged:R:1:dKS_charged:R:1:dKS_neutral:R:1 pbc="T T T"
 21 23  0  0  1  0  0  0  0  0999 V2000
    5.9007    7.7165    7.7152 C   0  0  0  0  0  0  0  0  0  0  0  0
    7.2245    7.0059    7.5905 C   0  0  1  0  0  0  0  0  0  0  0  0
    7.6228    6.3800    8.9356 C   0  0  0  0  0  0  0  0  0  0  0  0
    6.2776    5.5834    8.9549 C   0  0  0  0  0  0  0  0  0  0  0  0
    5.9118    6.2108    7.5933 C   0  0  1  0  0  0  0  0  0  0  0  0
    5.5252    5.4960    6.3654 C   0  0  0  0  0  0  0  0  0  0  0  0
    6.4489    5.2865    5.4099 C   0  0  0  0  0  0  0  0  0  0  0  0
    7.8875    5.7419    5.5218 C   0  0  0  0  0  0  0  0  0  0  0  0
    8.0630    7.0481    6.3350 C   0  0  0  0  0  0  0  0  0  0  0  0
    5.6104    8.1838    8.6605 H   0  0  0  0  0  0  0  0  0  0  0  0
    5.5745    8.2524    6.8244 H   0  0  0  0  0  0  0  0  0  0  0  0
    8.4893    5.7114    8.8458 H   0  0  0  0  0  0  0  0  0  0  0  0
    7.8107    7.0825    9.7620 H   0  0  0  0  0  0  0  0  0  0  0  0
    6.4333    4.5000    8.8910 H   0  0  0  0  0  0  0  0  0  0  0  0
    5.5812    5.7902    9.7810 H   0  0  0  0  0  0  0  0  0  0  0  0
    4.5000    5.1386    6.2335 H   0  0  0  0  0  0  0  0  0  0  0  0
    6.1676    4.7509    4.5000 H   0  0  0  0  0  0  0  0  0  0  0  0
    8.4777    4.9364    5.9957 H   0  0  0  0  0  0  0  0  0  0  0  0
    8.3174    5.8644    4.5170 H   0  0  0  0  0  0  0  0  0  0  0  0
    7.7644    7.8995    5.7059 H   0  0  0  0  0  0  0  0  0  0  0  0
    9.1247    7.2009    6.5822 H   0  0  0  0  0  0  0  0  0  0  0  0
  1 10  1  0  0  0  0
  2  9  1  6  0  0  0
  2  5  1  0  0  0  0
  2  1  1  0  0  0  0
  2  3  1  0  0  0  0
  3  4  1  0  0  0  0
  3 13  1  0  0  0  0
  4 15  1  0  0  0  0
  5  6  1  6  0  0  0
  5  1  1  0  0  0  0
  5  4  1  0  0  0  0
  7  8  1  0  0  0  0
  7  6  2  0  0  0  0
  8 18  1  0  0  0  0
  8  9  1  0  0  0  0
  9 21  1  0  0  0  0
 11  1  1  0  0  0  0
 12  3  1  0  0  0  0
 14  4  1  0  0  0  0
 16  6  1  0  0  0  0
 17  7  1  0  0  0  0
 19  8  1  0  0  0  0
 20  9  1  0  0  0  0
M  END
