Lattice="13.44716376 0.0 0.0 0.0 13.5345703 0.0 0.0 0.0 13.34479705" Properties=species:S:1:pos:R:3:GW_charged:R:1:dKS_charged:R:1:dKS_neutral:R:1 pbc="T T T"
 OpenBabel12102409263D
Lattice="13.44716376 0.0 0.0 0.0 13.5345703 0.0 0.0 0.0 13.34479705" Properties=species:S:1:pos:R:3:GW_charged:R:1:dKS_charged:R:1:dKS_neutral:R:1 pbc="T T T"
 21 20  0  0  1  0  0  0  0  0999 V2000
    7.8849    8.5516    6.6198 C   0  0  0  0  0  0  0  0  0  0  0  0
    7.7562    7.0299    6.6813 C   0  0  1  0  0  0  0  0  0  0  0  0
    8.5192    6.5129    7.7856 O   0  0  0  0  0  0  0  0  0  0  0  0
    6.2951    6.4742    6.6699 C   0  0  0  0  0  0  0  0  0  0  0  0
    5.5646    6.9687    5.4082 C   0  0  0  0  0  0  0  0  0  0  0  0
    6.3687    4.9372    6.6316 C   0  0  0  0  0  0  0  0  0  0  0  0
    5.5151    6.9135    7.9216 C   0  0  0  0  0  0  0  0  0  0  0  0
    8.9472    8.8266    6.6202 H   0  0  0  0  0  0  0  0  0  0  0  0
    7.4273    8.9694    5.7141 H   0  0  0  0  0  0  0  0  0  0  0  0
    7.4099    9.0346    7.4872 H   0  0  0  0  0  0  0  0  0  0  0  0
    8.2583    6.6031    5.7970 H   0  0  0  0  0  0  0  0  0  0  0  0
    8.2484    6.9942    8.5835 H   0  0  0  0  0  0  0  0  0  0  0  0
    6.1500    6.7602    4.5000 H   0  0  0  0  0  0  0  0  0  0  0  0
    4.5981    6.4560    5.3014 H   0  0  0  0  0  0  0  0  0  0  0  0
    5.3618    8.0476    5.4400 H   0  0  0  0  0  0  0  0  0  0  0  0
    6.9234    4.5459    7.4931 H   0  0  0  0  0  0  0  0  0  0  0  0
    5.3601    4.5000    6.6393 H   0  0  0  0  0  0  0  0  0  0  0  0
    6.8773    4.5897    5.7200 H   0  0  0  0  0  0  0  0  0  0  0  0
    5.4135    8.0059    7.9867 H   0  0  0  0  0  0  0  0  0  0  0  0
    4.5000    6.4926    7.9044 H   0  0  0  0  0  0  0  0  0  0  0  0
    5.9938    6.5552    8.8448 H   0  0  0  0  0  0  0  0  0  0  0  0
  1  8  1  0  0  0  0
  1  2  1  0  0  0  0
  1 10  1  0  0  0  0
  2 11  1  6  0  0  0
  2  3  1  0  0  0  0
  3 12  1  0  0  0  0
  4  2  1  0  0  0  0
  4  7  1  0  0  0  0
  5 15  1  0  0  0  0
  5  4  1  0  0  0  0
  6 17  1  0  0  0  0
  6  4  1  0  0  0  0
  6 16  1  0  0  0  0
  7 19  1  0  0  0  0
  7 21  1  0  0  0  0
  9  1  1  0  0  0  0
 13  5  1  0  0  0  0
 14  5  1  0  0  0  0
 18  6  1  0  0  0  0
 20  7  1  0  0  0  0
M  END
