Lattice="12.499638449999999 0.0 0.0 0.0 12.60577449 0.0 0.0 0.0 12.264913570000001" Properties=species:S:1:pos:R:3:GW_charged:R:1:dKS_charged:R:1:dKS_neutral:R:1 pbc="T T T"
 OpenBabel11192412253D
Lattice="12.499638449999999 0.0 0.0 0.0 12.60577449 0.0 0.0 0.0 12.264913570000001" Properties=species:S:1:pos:R:3:GW_charged:R:1:dKS_charged:R:1:dKS_neutral:R:1 pbc="T T T"
 13 13  0  0  0  0  0  0  0  0999 V2000
    5.7550    7.6736    5.8726 C   0  0  0  0  0  0  0  0  0  0  0  0
    5.8052    6.1639    5.8767 C   0  0  0  0  0  0  0  0  0  0  0  0
    4.6056    5.5402    5.4477 O   0  0  0  0  0  0  0  0  0  0  0  0
    7.0991    5.4402    5.5839 C   0  0  0  0  0  0  0  0  0  0  0  0
    6.4980    5.4268    6.9808 C   0  0  0  0  0  0  0  0  0  0  0  0
    6.6865    8.1058    6.2618 H   0  0  0  0  0  0  0  0  0  0  0  0
    5.6109    8.0601    4.8516 H   0  0  0  0  0  0  0  0  0  0  0  0
    4.9216    8.0294    6.4941 H   0  0  0  0  0  0  0  0  0  0  0  0
    4.5000    5.7237    4.5000 H   0  0  0  0  0  0  0  0  0  0  0  0
    7.0307    4.5182    5.0089 H   0  0  0  0  0  0  0  0  0  0  0  0
    7.9996    6.0281    5.4079 H   0  0  0  0  0  0  0  0  0  0  0  0
    6.9849    6.0051    7.7649 H   0  0  0  0  0  0  0  0  0  0  0  0
    6.0337    4.5000    7.3123 H   0  0  0  0  0  0  0  0  0  0  0  0
  1  2  1  0  0  0  0
  1  6  1  0  0  0  0
  1  8  1  0  0  0  0
  2  5  1  0  0  0  0
  3  2  1  0  0  0  0
  4  2  1  0  0  0  0
  4  5  1  0  0  0  0
  5 13  1  0  0  0  0
  5 12  1  0  0  0  0
  7  1  1  0  0  0  0
  9  3  1  0  0  0  0
 10  4  1  0  0  0  0
 11  4  1  0  0  0  0
M  END
