Lattice="13.21588369 0.0 0.0 0.0 13.136743580000001 0.0 0.0 0.0 11.9633751" Properties=species:S:1:pos:R:3:GW_charged:R:1:dKS_charged:R:1:dKS_neutral:R:1 pbc="T T T"
 OpenBabel11192412253D
Lattice="13.21588369 0.0 0.0 0.0 13.136743580000001 0.0 0.0 0.0 11.9633751" Properties=species:S:1:pos:R:3:GW_charged:R:1:dKS_charged:R:1:dKS_neutral:R:1 pbc="T T T"
 13 13  0  0  1  0  0  0  0  0999 V2000
    5.3661    7.9480    6.4502 C   0  0  0  0  0  0  0  0  0  0  0  0
    5.8551    6.5188    6.4304 C   0  0  1  0  0  0  0  0  0  0  0  0
    6.6043    5.9913    5.1872 C   0  0  0  0  0  0  0  0  0  0  0  0
    7.6953    5.5815    6.1898 C   0  0  0  0  0  0  0  0  0  0  0  0
    7.0415    6.3117    7.2640 O   0  0  0  0  0  0  0  0  0  0  0  0
    6.1567    8.6367    6.1224 H   0  0  0  0  0  0  0  0  0  0  0  0
    4.5000    8.0623    5.7818 H   0  0  0  0  0  0  0  0  0  0  0  0
    5.0537    8.2363    7.4634 H   0  0  0  0  0  0  0  0  0  0  0  0
    5.0500    5.8345    6.7576 H   0  0  0  0  0  0  0  0  0  0  0  0
    6.1199    5.1892    4.6197 H   0  0  0  0  0  0  0  0  0  0  0  0
    6.9117    6.7894    4.5000 H   0  0  0  0  0  0  0  0  0  0  0  0
    7.7348    4.5000    6.4049 H   0  0  0  0  0  0  0  0  0  0  0  0
    8.7159    5.9496    6.0088 H   0  0  0  0  0  0  0  0  0  0  0  0
  1  8  1  0  0  0  0
  2  1  1  0  0  0  0
  2  9  1  1  0  0  0
  2  5  1  0  0  0  0
  3  4  1  0  0  0  0
  3  2  1  0  0  0  0
  4 12  1  0  0  0  0
  4  5  1  0  0  0  0
  6  1  1  0  0  0  0
  7  1  1  0  0  0  0
 10  3  1  0  0  0  0
 11  3  1  0  0  0  0
 13  4  1  0  0  0  0
M  END
