Lattice="14.413240009999999 0.0 0.0 0.0 15.65438549 0.0 0.0 0.0 12.27697682" Properties=species:S:1:pos:R:3:GW_charged:R:1:dKS_charged:R:1:dKS_neutral:R:1 pbc="T T T"
 OpenBabel12102409263D
Lattice="14.413240009999999 0.0 0.0 0.0 15.65438549 0.0 0.0 0.0 12.27697682" Properties=species:S:1:pos:R:3:GW_charged:R:1:dKS_charged:R:1:dKS_neutral:R:1 pbc="T T T"
 21 20  0  0  0  0  0  0  0  0999 V2000
    8.8727   10.7158    5.5077 C   0  0  0  0  0  0  0  0  0  0  0  0
    8.8574    9.3018    5.4679 O   0  0  0  0  0  0  0  0  0  0  0  0
    7.5473    8.7724    5.6347 C   0  0  0  0  0  0  0  0  0  0  0  0
    7.6311    7.2538    5.6120 C   0  0  0  0  0  0  0  0  0  0  0  0
    6.2706    6.5349    5.6103 C   0  0  0  0  0  0  0  0  0  0  0  0
    6.4688    5.0259    5.4223 C   0  0  0  0  0  0  0  0  0  0  0  0
    5.4479    6.8201    6.8745 C   0  0  0  0  0  0  0  0  0  0  0  0
    9.9132   11.0344    5.3747 H   0  0  0  0  0  0  0  0  0  0  0  0
    8.2569   11.1544    4.6998 H   0  0  0  0  0  0  0  0  0  0  0  0
    8.4998   11.1015    6.4754 H   0  0  0  0  0  0  0  0  0  0  0  0
    7.1182    9.1395    6.5876 H   0  0  0  0  0  0  0  0  0  0  0  0
    6.8863    9.1350    4.8198 H   0  0  0  0  0  0  0  0  0  0  0  0
    8.1950    6.9638    4.7117 H   0  0  0  0  0  0  0  0  0  0  0  0
    8.2282    6.9152    6.4751 H   0  0  0  0  0  0  0  0  0  0  0  0
    5.6969    6.9081    4.7425 H   0  0  0  0  0  0  0  0  0  0  0  0
    7.0356    4.5965    6.2626 H   0  0  0  0  0  0  0  0  0  0  0  0
    5.5052    4.5000    5.3696 H   0  0  0  0  0  0  0  0  0  0  0  0
    7.0242    4.8050    4.5000 H   0  0  0  0  0  0  0  0  0  0  0  0
    5.2015    7.8850    6.9813 H   0  0  0  0  0  0  0  0  0  0  0  0
    4.5000    6.2640    6.8603 H   0  0  0  0  0  0  0  0  0  0  0  0
    5.9991    6.5132    7.7770 H   0  0  0  0  0  0  0  0  0  0  0  0
  1 10  1  0  0  0  0
  2  1  1  0  0  0  0
  2  3  1  0  0  0  0
  3 11  1  0  0  0  0
  4  3  1  0  0  0  0
  4 14  1  0  0  0  0
  5  4  1  0  0  0  0
  5  7  1  0  0  0  0
  6  5  1  0  0  0  0
  6 16  1  0  0  0  0
  7 19  1  0  0  0  0
  7 21  1  0  0  0  0
  8  1  1  0  0  0  0
  9  1  1  0  0  0  0
 12  3  1  0  0  0  0
 13  4  1  0  0  0  0
 15  5  1  0  0  0  0
 17  6  1  0  0  0  0
 18  6  1  0  0  0  0
 20  7  1  0  0  0  0
M  END
