Lattice="12.60142915 0.0 0.0 0.0 12.92151627 0.0 0.0 0.0 14.99821386" Properties=species:S:1:pos:R:3:GW_charged:R:1:dKS_charged:R:1:dKS_neutral:R:1 pbc="T T T"
 OpenBabel12102411053D
Lattice="12.60142915 0.0 0.0 0.0 12.92151627 0.0 0.0 0.0 14.99821386" Properties=species:S:1:pos:R:3:GW_charged:R:1:dKS_charged:R:1:dKS_neutral:R:1 pbc="T T T"
 21 23  0  0  1  0  0  0  0  0999 V2000
    5.3410    7.3553    8.6635 C   0  0  0  0  0  0  0  0  0  0  0  0
    6.8864    7.1858    8.5994 C   0  0  1  0  0  0  0  0  0  0  0  0
    6.6643    5.8916    9.4398 C   0  0  0  0  0  0  0  0  0  0  0  0
    5.3573    5.8045    8.5929 C   0  0  2  0  0  0  0  0  0  0  0  0
    5.9412    5.5459    7.1976 C   0  0  1  0  0  0  0  0  0  0  0  0
    5.0609    5.9198    6.1347 O   0  0  0  0  0  0  0  0  0  0  0  0
    5.8426    6.6221    5.1621 C   0  0  0  0  0  0  0  0  0  0  0  0
    6.8500    7.4593    5.9631 C   0  0  0  0  0  0  0  0  0  0  0  0
    7.1192    6.5824    7.1991 C   0  0  1  0  0  0  0  0  0  0  0  0
    5.0115    7.7166    9.6451 H   0  0  0  0  0  0  0  0  0  0  0  0
    4.8248    7.9032    7.8652 H   0  0  0  0  0  0  0  0  0  0  0  0
    7.5692    7.9802    8.9237 H   0  0  0  0  0  0  0  0  0  0  0  0
    7.4026    5.0812    9.3456 H   0  0  0  0  0  0  0  0  0  0  0  0
    6.4610    6.0965   10.4982 H   0  0  0  0  0  0  0  0  0  0  0  0
    4.5000    5.1951    8.8984 H   0  0  0  0  0  0  0  0  0  0  0  0
    6.2695    4.5000    7.0628 H   0  0  0  0  0  0  0  0  0  0  0  0
    6.3665    5.9049    4.5000 H   0  0  0  0  0  0  0  0  0  0  0  0
    5.1512    7.2148    4.5490 H   0  0  0  0  0  0  0  0  0  0  0  0
    7.7615    7.6724    5.3908 H   0  0  0  0  0  0  0  0  0  0  0  0
    6.4036    8.4215    6.2514 H   0  0  0  0  0  0  0  0  0  0  0  0
    8.1014    6.0944    7.1372 H   0  0  0  0  0  0  0  0  0  0  0  0
  1 10  1  0  0  0  0
  2  1  1  0  0  0  0
  2 12  1  1  0  0  0
  2  3  1  0  0  0  0
  3 14  1  0  0  0  0
  4  1  1  0  0  0  0
  4 15  1  1  0  0  0
  4  3  1  0  0  0  0
  5 16  1  6  0  0  0
  5  9  1  0  0  0  0
  5  4  1  0  0  0  0
  6  5  1  0  0  0  0
  7  8  1  0  0  0  0
  7  6  1  0  0  0  0
  8 20  1  0  0  0  0
  8  9  1  0  0  0  0
  9 21  1  6  0  0  0
  9  2  1  0  0  0  0
 11  1  1  0  0  0  0
 13  3  1  0  0  0  0
 17  7  1  0  0  0  0
 18  7  1  0  0  0  0
 19  8  1  0  0  0  0
M  END
