Lattice="15.504375660000001 0.0 0.0 0.0 15.79632574 0.0 0.0 0.0 14.132139819999999" Properties=species:S:1:pos:R:3:GW_charged:R:1:dKS_charged:R:1:dKS_neutral:R:1 pbc="T T T"
 OpenBabel12102411073D
Lattice="15.504375660000001 0.0 0.0 0.0 15.79632574 0.0 0.0 0.0 14.132139819999999" Properties=species:S:1:pos:R:3:GW_charged:R:1:dKS_charged:R:1:dKS_neutral:R:1 pbc="T T T"
 23 23  0  0  0  0  0  0  0  0999 V2000
    4.5000    4.6589    9.6321 O   0  0  0  0  0  0  0  0  0  0  0  0
    5.1566    4.8639    8.6329 C   0  0  0  0  0  0  0  0  0  0  0  0
    6.4627    5.6129    8.5886 C   0  0  0  0  0  0  0  0  0  0  0  0
    6.3712    6.8577    7.6875 C   0  0  0  0  0  0  0  0  0  0  0  0
    7.7121    7.5782    7.5249 C   0  0  0  0  0  0  0  0  0  0  0  0
    7.6247    8.8300    6.6450 C   0  0  0  0  0  0  0  0  0  0  0  0
    8.9533    9.5349    6.4810 C   0  0  0  0  0  0  0  0  0  0  0  0
    9.9435    9.0585    5.4452 C   0  0  0  0  0  0  0  0  0  0  0  0
    9.2323   10.3793    5.2636 C   0  0  0  0  0  0  0  0  0  0  0  0
    4.7925    4.5000    7.6343 H   0  0  0  0  0  0  0  0  0  0  0  0
    6.7588    5.8769    9.6130 H   0  0  0  0  0  0  0  0  0  0  0  0
    7.2241    4.9270    8.1753 H   0  0  0  0  0  0  0  0  0  0  0  0
    5.9897    6.5654    6.6945 H   0  0  0  0  0  0  0  0  0  0  0  0
    5.6263    7.5514    8.1097 H   0  0  0  0  0  0  0  0  0  0  0  0
    8.0997    7.8576    8.5188 H   0  0  0  0  0  0  0  0  0  0  0  0
    8.4534    6.8846    7.0947 H   0  0  0  0  0  0  0  0  0  0  0  0
    7.2380    8.5516    5.6494 H   0  0  0  0  0  0  0  0  0  0  0  0
    6.8862    9.5302    7.0714 H   0  0  0  0  0  0  0  0  0  0  0  0
    9.3890    9.8979    7.4153 H   0  0  0  0  0  0  0  0  0  0  0  0
   11.0044    9.0707    5.6897 H   0  0  0  0  0  0  0  0  0  0  0  0
    9.6428    8.2290    4.8047 H   0  0  0  0  0  0  0  0  0  0  0  0
    8.4567   10.4378    4.5000 H   0  0  0  0  0  0  0  0  0  0  0  0
    9.8063   11.2963    5.3866 H   0  0  0  0  0  0  0  0  0  0  0  0
  2  1  2  0  0  0  0
  3  2  1  0  0  0  0
  3 11  1  0  0  0  0
  4 14  1  0  0  0  0
  4  3  1  0  0  0  0
  5  4  1  0  0  0  0
  5 15  1  0  0  0  0
  6 18  1  0  0  0  0
  6  5  1  0  0  0  0
  7  6  1  0  0  0  0
  7 19  1  0  0  0  0
  8 20  1  0  0  0  0
  8  7  1  0  0  0  0
  9 23  1  0  0  0  0
  9  8  1  0  0  0  0
  9  7  1  0  0  0  0
 10  2  1  0  0  0  0
 12  3  1  0  0  0  0
 13  4  1  0  0  0  0
 16  5  1  0  0  0  0
 17  6  1  0  0  0  0
 21  8  1  0  0  0  0
 22  9  1  0  0  0  0
M  END
