Lattice="10.96747704 0.0 0.0 0.0 15.9662006 0.0 0.0 0.0 13.30019452" Properties=species:S:1:pos:R:3:GW_charged:R:1:dKS_charged:R:1:dKS_neutral:R:1 pbc="T T T"
 OpenBabel12102409413D
Lattice="10.96747704 0.0 0.0 0.0 15.9662006 0.0 0.0 0.0 13.30019452" Properties=species:S:1:pos:R:3:GW_charged:R:1:dKS_charged:R:1:dKS_neutral:R:1 pbc="T T T"
 18 17  0  0  0  0  0  0  0  0999 V2000
    5.3161   10.9820    7.8600 C   0  0  0  0  0  0  0  0  0  0  0  0
    5.0416    9.4926    7.8573 C   0  0  0  0  0  0  0  0  0  0  0  0
    4.5000    8.9388    8.8002 O   0  0  0  0  0  0  0  0  0  0  0  0
    5.4665    8.7351    6.6089 C   0  0  0  0  0  0  0  0  0  0  0  0
    5.4509    7.2238    6.7663 C   0  0  0  0  0  0  0  0  0  0  0  0
    5.1260    6.4707    5.4856 C   0  0  0  0  0  0  0  0  0  0  0  0
    5.3822    4.9782    5.5058 C   0  0  0  0  0  0  0  0  0  0  0  0
    4.6739    7.0303    4.5000 O   0  0  0  0  0  0  0  0  0  0  0  0
    6.3953   11.1489    8.0008 H   0  0  0  0  0  0  0  0  0  0  0  0
    5.0482   11.4402    6.8977 H   0  0  0  0  0  0  0  0  0  0  0  0
    4.7726   11.4662    8.6772 H   0  0  0  0  0  0  0  0  0  0  0  0
    4.7655    9.0164    5.8014 H   0  0  0  0  0  0  0  0  0  0  0  0
    6.4444    9.1083    6.2681 H   0  0  0  0  0  0  0  0  0  0  0  0
    6.3915    6.8394    7.1896 H   0  0  0  0  0  0  0  0  0  0  0  0
    4.6799    6.9511    7.5105 H   0  0  0  0  0  0  0  0  0  0  0  0
    5.0272    4.5237    6.4413 H   0  0  0  0  0  0  0  0  0  0  0  0
    4.9053    4.5000    4.6447 H   0  0  0  0  0  0  0  0  0  0  0  0
    6.4675    4.7985    5.4582 H   0  0  0  0  0  0  0  0  0  0  0  0
  1  9  1  0  0  0  0
  1 11  1  0  0  0  0
  2  1  1  0  0  0  0
  2  3  2  0  0  0  0
  4  5  1  0  0  0  0
  4  2  1  0  0  0  0
  5 14  1  0  0  0  0
  5 15  1  0  0  0  0
  6  7  1  0  0  0  0
  6  5  1  0  0  0  0
  7 16  1  0  0  0  0
  8  6  2  0  0  0  0
 10  1  1  0  0  0  0
 12  4  1  0  0  0  0
 13  4  1  0  0  0  0
 17  7  1  0  0  0  0
 18  7  1  0  0  0  0
M  END
