Lattice="13.02231926 0.0 0.0 0.0 12.62016412 0.0 0.0 0.0 12.94900289" Properties=species:S:1:pos:R:3:GW_charged:R:1:dKS_charged:R:1:dKS_neutral:R:1 pbc="T T T"
 OpenBabel12102409273D
Lattice="13.02231926 0.0 0.0 0.0 12.62016412 0.0 0.0 0.0 12.94900289" Properties=species:S:1:pos:R:3:GW_charged:R:1:dKS_charged:R:1:dKS_neutral:R:1 pbc="T T T"
 15 15  0  0  1  0  0  0  0  0999 V2000
    5.7316    7.6717    5.8681 C   0  0  0  0  0  0  0  0  0  0  0  0
    5.7894    6.1663    5.8647 C   0  0  1  0  0  0  0  0  0  0  0  0
    4.5981    5.5148    5.4566 O   0  0  0  0  0  0  0  0  0  0  0  0
    7.0864    5.4166    5.5659 C   0  0  1  0  0  0  0  0  0  0  0  0
    8.2947    6.0980    5.3751 O   0  0  0  0  0  0  0  0  0  0  0  0
    6.4787    5.4014    6.9644 C   0  0  1  0  0  0  0  0  0  0  0  0
    7.1507    6.1669    7.9443 O   0  0  0  0  0  0  0  0  0  0  0  0
    6.6504    8.1202    6.2621 H   0  0  0  0  0  0  0  0  0  0  0  0
    5.5885    8.0487    4.8446 H   0  0  0  0  0  0  0  0  0  0  0  0
    4.8911    8.0104    6.4880 H   0  0  0  0  0  0  0  0  0  0  0  0
    4.5000    5.6544    4.5000 H   0  0  0  0  0  0  0  0  0  0  0  0
    7.0116    4.5134    4.9580 H   0  0  0  0  0  0  0  0  0  0  0  0
    8.5223    6.5035    6.2326 H   0  0  0  0  0  0  0  0  0  0  0  0
    5.9771    4.5000    7.3230 H   0  0  0  0  0  0  0  0  0  0  0  0
    7.7183    5.5632    8.4490 H   0  0  0  0  0  0  0  0  0  0  0  0
  1  8  1  0  0  0  0
  1 10  1  0  0  0  0
  2  3  1  6  0  0  0
  2  1  1  0  0  0  0
  2  6  1  0  0  0  0
  4 12  1  6  0  0  0
  4  2  1  0  0  0  0
  4  6  1  0  0  0  0
  5  4  1  0  0  0  0
  5 13  1  0  0  0  0
  6 14  1  1  0  0  0
  6  7  1  0  0  0  0
  7 15  1  0  0  0  0
  9  1  1  0  0  0  0
 11  3  1  0  0  0  0
M  END
