Lattice="13.0110472 0.0 0.0 0.0 12.71867468 0.0 0.0 0.0 14.63943444" Properties=species:S:1:pos:R:3:GW_charged:R:1:dKS_charged:R:1:dKS_neutral:R:1 pbc="T T T"
 OpenBabel12102409333D
Lattice="13.0110472 0.0 0.0 0.0 12.71867468 0.0 0.0 0.0 14.63943444" Properties=species:S:1:pos:R:3:GW_charged:R:1:dKS_charged:R:1:dKS_neutral:R:1 pbc="T T T"
 19 19  0  0  1  0  0  0  0  0999 V2000
    6.4643    7.7564    8.0043 C   0  0  0  0  0  0  0  0  0  0  0  0
    6.5722    6.2239    8.0233 C   0  0  0  0  0  0  0  0  0  0  0  0
    7.5083    5.7885    9.1678 C   0  0  0  0  0  0  0  0  0  0  0  0
    5.1790    5.5982    8.2157 C   0  0  0  0  0  0  0  0  0  0  0  0
    7.1459    5.6659    6.7216 C   0  0  1  0  0  0  0  0  0  0  0  0
    7.0806    6.3237    5.4086 C   0  0  0  0  0  0  0  0  0  0  0  0
    8.3124    6.2899    6.1538 O   0  0  0  0  0  0  0  0  0  0  0  0
    7.4269    8.2187    7.7479 H   0  0  0  0  0  0  0  0  0  0  0  0
    5.7096    8.1051    7.2859 H   0  0  0  0  0  0  0  0  0  0  0  0
    6.1659    8.1238    8.9958 H   0  0  0  0  0  0  0  0  0  0  0  0
    7.1173    6.1218   10.1394 H   0  0  0  0  0  0  0  0  0  0  0  0
    7.6109    4.6941    9.2046 H   0  0  0  0  0  0  0  0  0  0  0  0
    8.5110    6.2175    9.0375 H   0  0  0  0  0  0  0  0  0  0  0  0
    4.5000    5.8828    7.3994 H   0  0  0  0  0  0  0  0  0  0  0  0
    5.2315    4.5000    8.2448 H   0  0  0  0  0  0  0  0  0  0  0  0
    4.7308    5.9346    9.1612 H   0  0  0  0  0  0  0  0  0  0  0  0
    7.2054    4.5686    6.7141 H   0  0  0  0  0  0  0  0  0  0  0  0
    7.0701    5.7141    4.5000 H   0  0  0  0  0  0  0  0  0  0  0  0
    6.6267    7.3133    5.3120 H   0  0  0  0  0  0  0  0  0  0  0  0
  1  2  1  0  0  0  0
  1 10  1  0  0  0  0
  2  4  1  0  0  0  0
  2  3  1  0  0  0  0
  3 12  1  0  0  0  0
  3 11  1  0  0  0  0
  4 15  1  0  0  0  0
  4 16  1  0  0  0  0
  5 17  1  6  0  0  0
  5  2  1  0  0  0  0
  6  7  1  0  0  0  0
  6  5  1  0  0  0  0
  7  5  1  0  0  0  0
  8  1  1  0  0  0  0
  9  1  1  0  0  0  0
 13  3  1  0  0  0  0
 14  4  1  0  0  0  0
 18  6  1  0  0  0  0
 19  6  1  0  0  0  0
M  END
