Lattice="12.21660787 0.0 0.0 0.0 13.28620875 0.0 0.0 0.0 14.67291228" Properties=species:S:1:pos:R:3:GW_charged:R:1:dKS_charged:R:1:dKS_neutral:R:1 pbc="T T T"
 OpenBabel12102409383D
Lattice="12.21660787 0.0 0.0 0.0 13.28620875 0.0 0.0 0.0 14.67291228" Properties=species:S:1:pos:R:3:GW_charged:R:1:dKS_charged:R:1:dKS_neutral:R:1 pbc="T T T"
 19 19  0  0  1  0  0  0  0  0999 V2000
    5.6882    6.8111    5.0342 C   0  0  0  0  0  0  0  0  0  0  0  0
    5.5569    6.5734    6.5441 C   0  0  0  0  0  0  0  0  0  0  0  0
    5.3744    5.0878    6.8813 C   0  0  0  0  0  0  0  0  0  0  0  0
    6.7712    7.1165    7.2679 C   0  0  1  0  0  0  0  0  0  0  0  0
    6.8757    8.5446    7.4481 O   0  0  0  0  0  0  0  0  0  0  0  0
    6.7566    7.7070    8.6198 C   0  0  1  0  0  0  0  0  0  0  0  0
    5.5292    7.8670    9.4761 C   0  0  0  0  0  0  0  0  0  0  0  0
    6.5565    6.2733    4.6238 H   0  0  0  0  0  0  0  0  0  0  0  0
    4.7953    6.4581    4.5000 H   0  0  0  0  0  0  0  0  0  0  0  0
    5.8177    7.8789    4.8140 H   0  0  0  0  0  0  0  0  0  0  0  0
    4.6733    7.1264    6.8981 H   0  0  0  0  0  0  0  0  0  0  0  0
    6.2519    4.5000    6.5720 H   0  0  0  0  0  0  0  0  0  0  0  0
    5.2334    4.9362    7.9604 H   0  0  0  0  0  0  0  0  0  0  0  0
    4.5000    4.6715    6.3627 H   0  0  0  0  0  0  0  0  0  0  0  0
    7.7166    6.6536    6.9477 H   0  0  0  0  0  0  0  0  0  0  0  0
    7.6937    7.6374    9.1874 H   0  0  0  0  0  0  0  0  0  0  0  0
    5.6001    8.7862   10.0743 H   0  0  0  0  0  0  0  0  0  0  0  0
    4.6114    7.9222    8.8798 H   0  0  0  0  0  0  0  0  0  0  0  0
    5.4425    7.0206   10.1729 H   0  0  0  0  0  0  0  0  0  0  0  0
  1  2  1  0  0  0  0
  2  3  1  0  0  0  0
  2 11  1  0  0  0  0
  2  4  1  0  0  0  0
  3 13  1  0  0  0  0
  4 15  1  6  0  0  0
  4  5  1  0  0  0  0
  4  6  1  0  0  0  0
  5  6  1  0  0  0  0
  6 16  1  1  0  0  0
  6  7  1  0  0  0  0
  7 17  1  0  0  0  0
  7 19  1  0  0  0  0
  8  1  1  0  0  0  0
  9  1  1  0  0  0  0
 10  1  1  0  0  0  0
 12  3  1  0  0  0  0
 14  3  1  0  0  0  0
 18  7  1  0  0  0  0
M  END
