Lattice="12.27349807 0.0 0.0 0.0 13.79959433 0.0 0.0 0.0 12.69839254" Properties=species:S:1:pos:R:3:GW_charged:R:1:dKS_charged:R:1:dKS_neutral:R:1 pbc="T T T"
 OpenBabel12102409263D
Lattice="12.27349807 0.0 0.0 0.0 13.79959433 0.0 0.0 0.0 12.69839254" Properties=species:S:1:pos:R:3:GW_charged:R:1:dKS_charged:R:1:dKS_neutral:R:1 pbc="T T T"
 14 13  0  0  1  0  0  0  0  0999 V2000
    6.5060    8.5919    5.8077 C   0  0  0  0  0  0  0  0  0  0  0  0
    6.7298    7.6204    6.9605 C   0  0  1  0  0  0  0  0  0  0  0  0
    7.0452    8.3009    8.1849 O   0  0  0  0  0  0  0  0  0  0  0  0
    5.4815    6.7803    7.2888 C   0  0  0  0  0  0  0  0  0  0  0  0
    5.0871    5.8886    6.2102 C   0  0  0  0  0  0  0  0  0  0  0  0
    4.7807    5.1551    5.2972 C   0  0  0  0  0  0  0  0  0  0  0  0
    7.4204    9.1657    5.5967 H   0  0  0  0  0  0  0  0  0  0  0  0
    6.2324    8.0513    4.8917 H   0  0  0  0  0  0  0  0  0  0  0  0
    5.7013    9.2996    6.0515 H   0  0  0  0  0  0  0  0  0  0  0  0
    7.5480    6.9237    6.6986 H   0  0  0  0  0  0  0  0  0  0  0  0
    7.7735    8.9152    8.0063 H   0  0  0  0  0  0  0  0  0  0  0  0
    5.6934    6.1975    8.1984 H   0  0  0  0  0  0  0  0  0  0  0  0
    4.6535    7.4635    7.5395 H   0  0  0  0  0  0  0  0  0  0  0  0
    4.5000    4.5000    4.5000 H   0  0  0  0  0  0  0  0  0  0  0  0
  1  9  1  0  0  0  0
  1  2  1  0  0  0  0
  2 10  1  6  0  0  0
  2  4  1  0  0  0  0
  2  3  1  0  0  0  0
  4 13  1  0  0  0  0
  4 12  1  0  0  0  0
  5  4  1  0  0  0  0
  6  5  3  0  0  0  0
  7  1  1  0  0  0  0
  8  1  1  0  0  0  0
 11  3  1  0  0  0  0
 14  6  1  0  0  0  0
M  END
