Lattice="13.67315014 0.0 0.0 0.0 13.7847031 0.0 0.0 0.0 14.899190149999999" Properties=species:S:1:pos:R:3:GW_charged:R:1:dKS_charged:R:1:dKS_neutral:R:1 pbc="T T T"
 OpenBabel12102411083D
Lattice="13.67315014 0.0 0.0 0.0 13.7847031 0.0 0.0 0.0 14.899190149999999" Properties=species:S:1:pos:R:3:GW_charged:R:1:dKS_charged:R:1:dKS_neutral:R:1 pbc="T T T"
 27 27  0  0  0  0  0  0  0  0999 V2000
    6.8243    8.7116    8.3461 C   0  0  0  0  0  0  0  0  0  0  0  0
    6.5140    7.2029    8.2445 C   0  0  0  0  0  0  0  0  0  0  0  0
    7.1308    6.5125    9.4775 C   0  0  0  0  0  0  0  0  0  0  0  0
    4.9820    7.0345    8.2907 C   0  0  0  0  0  0  0  0  0  0  0  0
    7.0913    6.5770    6.9240 C   0  0  0  0  0  0  0  0  0  0  0  0
    6.7951    5.0797    6.8019 C   0  0  0  0  0  0  0  0  0  0  0  0
    6.7267    7.3617    5.6120 C   0  0  0  0  0  0  0  0  0  0  0  0
    8.2003    7.8187    5.4620 C   0  0  0  0  0  0  0  0  0  0  0  0
    8.6032    6.9059    6.6484 C   0  0  0  0  0  0  0  0  0  0  0  0
    7.9033    8.9152    8.3607 H   0  0  0  0  0  0  0  0  0  0  0  0
    6.3820    9.2847    7.5204 H   0  0  0  0  0  0  0  0  0  0  0  0
    6.4061    9.1129    9.2799 H   0  0  0  0  0  0  0  0  0  0  0  0
    6.7967    7.0099   10.3992 H   0  0  0  0  0  0  0  0  0  0  0  0
    6.8369    5.4575    9.5513 H   0  0  0  0  0  0  0  0  0  0  0  0
    8.2292    6.5562    9.4595 H   0  0  0  0  0  0  0  0  0  0  0  0
    4.5000    7.4622    7.4000 H   0  0  0  0  0  0  0  0  0  0  0  0
    4.6835    5.9806    8.3619 H   0  0  0  0  0  0  0  0  0  0  0  0
    4.5686    7.5511    9.1687 H   0  0  0  0  0  0  0  0  0  0  0  0
    5.7167    4.8698    6.7818 H   0  0  0  0  0  0  0  0  0  0  0  0
    7.2183    4.6914    5.8648 H   0  0  0  0  0  0  0  0  0  0  0  0
    7.2395    4.5000    7.6228 H   0  0  0  0  0  0  0  0  0  0  0  0
    6.3882    6.6935    4.8092 H   0  0  0  0  0  0  0  0  0  0  0  0
    5.9829    8.1626    5.7084 H   0  0  0  0  0  0  0  0  0  0  0  0
    8.6769    7.5934    4.5000 H   0  0  0  0  0  0  0  0  0  0  0  0
    8.3459    8.8868    5.6682 H   0  0  0  0  0  0  0  0  0  0  0  0
    9.1571    7.3916    7.4615 H   0  0  0  0  0  0  0  0  0  0  0  0
    9.1732    6.0171    6.3473 H   0  0  0  0  0  0  0  0  0  0  0  0
  1 10  1  0  0  0  0
  1 12  1  0  0  0  0
  2  4  1  0  0  0  0
  2  1  1  0  0  0  0
  2  3  1  0  0  0  0
  3 14  1  0  0  0  0
  3 13  1  0  0  0  0
  4 17  1  0  0  0  0
  4 18  1  0  0  0  0
  5  2  1  0  0  0  0
  6  5  1  0  0  0  0
  6 21  1  0  0  0  0
  7 23  1  0  0  0  0
  7  5  1  0  0  0  0
  8  7  1  0  0  0  0
  8 25  1  0  0  0  0
  8  9  1  0  0  0  0
  9  5  1  0  0  0  0
  9 26  1  0  0  0  0
 11  1  1  0  0  0  0
 15  3  1  0  0  0  0
 16  4  1  0  0  0  0
 19  6  1  0  0  0  0
 20  6  1  0  0  0  0
 22  7  1  0  0  0  0
 24  8  1  0  0  0  0
 27  9  1  0  0  0  0
M  END
