Lattice="12.27647789 0.0 0.0 0.0 12.6836888 0.0 0.0 0.0 14.29602938" Properties=species:S:1:pos:R:3:GW_charged:R:1:dKS_charged:R:1:dKS_neutral:R:1 pbc="T T T"
 OpenBabel12102409383D
Lattice="12.27647789 0.0 0.0 0.0 12.6836888 0.0 0.0 0.0 14.29602938" Properties=species:S:1:pos:R:3:GW_charged:R:1:dKS_charged:R:1:dKS_neutral:R:1 pbc="T T T"
 17 17  0  0  1  0  0  0  0  0999 V2000
    5.3199    7.6596    5.5188 C   0  0  0  0  0  0  0  0  0  0  0  0
    5.5030    6.1616    5.5422 C   0  0  1  0  0  0  0  0  0  0  0  0
    6.7991    5.5149    5.1876 C   0  0  0  0  0  0  0  0  0  0  0  0
    6.3326    5.4436    6.6304 C   0  0  1  0  0  0  0  0  0  0  0  0
    7.0421    6.2366    7.6737 C   0  0  0  0  0  0  0  0  0  0  0  0
    6.7874    5.8149    9.1076 C   0  0  0  0  0  0  0  0  0  0  0  0
    7.7765    7.1799    7.4058 O   0  0  0  0  0  0  0  0  0  0  0  0
    6.2304    8.1837    5.8325 H   0  0  0  0  0  0  0  0  0  0  0  0
    5.0705    7.9889    4.5000 H   0  0  0  0  0  0  0  0  0  0  0  0
    4.5000    7.9709    6.1813 H   0  0  0  0  0  0  0  0  0  0  0  0
    4.6081    5.5951    5.2754 H   0  0  0  0  0  0  0  0  0  0  0  0
    6.7992    4.5877    4.6170 H   0  0  0  0  0  0  0  0  0  0  0  0
    7.6505    6.1745    5.0186 H   0  0  0  0  0  0  0  0  0  0  0  0
    5.9091    4.5000    6.9746 H   0  0  0  0  0  0  0  0  0  0  0  0
    7.1362    4.7832    9.2666 H   0  0  0  0  0  0  0  0  0  0  0  0
    7.3083    6.4873    9.7960 H   0  0  0  0  0  0  0  0  0  0  0  0
    5.7085    5.8201    9.3227 H   0  0  0  0  0  0  0  0  0  0  0  0
  1  2  1  0  0  0  0
  1  8  1  0  0  0  0
  1 10  1  0  0  0  0
  2 11  1  6  0  0  0
  2  4  1  0  0  0  0
  3  2  1  0  0  0  0
  3  4  1  0  0  0  0
  4 14  1  1  0  0  0
  4  5  1  0  0  0  0
  5  6  1  0  0  0  0
  6 15  1  0  0  0  0
  6 17  1  0  0  0  0
  6 16  1  0  0  0  0
  7  5  2  0  0  0  0
  9  1  1  0  0  0  0
 12  3  1  0  0  0  0
 13  3  1  0  0  0  0
M  END
