Lattice="14.39743665 0.0 0.0 0.0 12.907302829999999 0.0 0.0 0.0 14.12586179" Properties=species:S:1:pos:R:3:GW_charged:R:1:dKS_charged:R:1:dKS_neutral:R:1 pbc="T T T"
 OpenBabel12102409403D
Lattice="14.39743665 0.0 0.0 0.0 12.907302829999999 0.0 0.0 0.0 14.12586179" Properties=species:S:1:pos:R:3:GW_charged:R:1:dKS_charged:R:1:dKS_neutral:R:1 pbc="T T T"
 18 17  0  0  0  0  0  0  0  0999 V2000
    8.1644    7.8561    6.9666 C   0  0  0  0  0  0  0  0  0  0  0  0
    8.0514    6.3323    6.7611 C   0  0  0  0  0  0  0  0  0  0  0  0
    8.7479    5.5893    7.9188 C   0  0  0  0  0  0  0  0  0  0  0  0
    6.5753    5.8882    6.6084 C   0  0  0  0  0  0  0  0  0  0  0  0
    5.7594    6.1699    7.7794 C   0  0  0  0  0  0  0  0  0  0  0  0
    5.0991    6.4137    8.7647 C   0  0  0  0  0  0  0  0  0  0  0  0
    8.8145    5.9932    5.4864 C   0  0  0  0  0  0  0  0  0  0  0  0
    8.3554    5.4604    4.5000 O   0  0  0  0  0  0  0  0  0  0  0  0
    9.2157    8.1724    7.0152 H   0  0  0  0  0  0  0  0  0  0  0  0
    7.6773    8.4073    6.1505 H   0  0  0  0  0  0  0  0  0  0  0  0
    7.6792    8.1416    7.9091 H   0  0  0  0  0  0  0  0  0  0  0  0
    8.2687    5.8516    8.8711 H   0  0  0  0  0  0  0  0  0  0  0  0
    8.6831    4.5000    7.7919 H   0  0  0  0  0  0  0  0  0  0  0  0
    9.8097    5.8650    7.9844 H   0  0  0  0  0  0  0  0  0  0  0  0
    6.1405    6.3827    5.7259 H   0  0  0  0  0  0  0  0  0  0  0  0
    6.5453    4.8100    6.3864 H   0  0  0  0  0  0  0  0  0  0  0  0
    4.5000    6.6213    9.6259 H   0  0  0  0  0  0  0  0  0  0  0  0
    9.8974    6.2878    5.5240 H   0  0  0  0  0  0  0  0  0  0  0  0
  1  9  1  0  0  0  0
  1 11  1  0  0  0  0
  2  1  1  0  0  0  0
  2  3  1  0  0  0  0
  3 14  1  0  0  0  0
  3 12  1  0  0  0  0
  4  2  1  0  0  0  0
  4  5  1  0  0  0  0
  5  6  3  0  0  0  0
  6 17  1  0  0  0  0
  7 18  1  0  0  0  0
  7  2  1  0  0  0  0
  8  7  2  0  0  0  0
 10  1  1  0  0  0  0
 13  3  1  0  0  0  0
 15  4  1  0  0  0  0
 16  4  1  0  0  0  0
M  END
