Lattice="14.96914451 0.0 0.0 0.0 16.86756999 0.0 0.0 0.0 11.41044383" Properties=species:S:1:pos:R:3:GW_charged:R:1:dKS_charged:R:1:dKS_neutral:R:1 pbc="T T T"
 OpenBabel12102410123D
Lattice="14.96914451 0.0 0.0 0.0 16.86756999 0.0 0.0 0.0 11.41044383" Properties=species:S:1:pos:R:3:GW_charged:R:1:dKS_charged:R:1:dKS_neutral:R:1 pbc="T T T"
 21 22  0  0  1  0  0  0  0  0999 V2000
    7.1245    8.5087    5.6964 C   0  0  0  0  0  0  0  0  0  0  0  0
    7.1042    6.9891    5.4975 C   0  0  0  0  0  0  0  0  0  0  0  0
    5.7090    6.4404    5.3438 C   0  0  1  0  0  0  0  0  0  0  0  0
    5.3162    5.1177    5.8495 C   0  0  0  0  0  0  0  0  0  0  0  0
    4.9248    6.3114    6.5495 O   0  0  0  0  0  0  0  0  0  0  0  0
    8.5395    9.0704    5.8737 C   0  0  0  0  0  0  0  0  0  0  0  0
    8.5544   10.5671    6.0489 C   0  0  1  0  0  0  0  0  0  0  0  0
    9.6371   11.4159    5.5323 C   0  0  0  0  0  0  0  0  0  0  0  0
    8.3679   11.3628    4.8583 O   0  0  0  0  0  0  0  0  0  0  0  0
    6.6495    9.0015    4.8332 H   0  0  0  0  0  0  0  0  0  0  0  0
    6.5123    8.7626    6.5764 H   0  0  0  0  0  0  0  0  0  0  0  0
    7.6853    6.7215    4.5982 H   0  0  0  0  0  0  0  0  0  0  0  0
    7.5907    6.4892    6.3504 H   0  0  0  0  0  0  0  0  0  0  0  0
    5.1347    6.8441    4.5000 H   0  0  0  0  0  0  0  0  0  0  0  0
    4.5000    4.5692    5.3701 H   0  0  0  0  0  0  0  0  0  0  0  0
    6.0592    4.5000    6.3639 H   0  0  0  0  0  0  0  0  0  0  0  0
    9.0166    8.6112    6.7566 H   0  0  0  0  0  0  0  0  0  0  0  0
    9.1626    8.8082    5.0036 H   0  0  0  0  0  0  0  0  0  0  0  0
    7.9896   10.9460    6.9104 H   0  0  0  0  0  0  0  0  0  0  0  0
    9.8664   12.3676    6.0208 H   0  0  0  0  0  0  0  0  0  0  0  0
   10.4691   10.9518    4.9934 H   0  0  0  0  0  0  0  0  0  0  0  0
  1  6  1  0  0  0  0
  1 11  1  0  0  0  0
  2  1  1  0  0  0  0
  2 13  1  0  0  0  0
  3 14  1  6  0  0  0
  3  2  1  0  0  0  0
  3  4  1  0  0  0  0
  3  5  1  0  0  0  0
  4 16  1  0  0  0  0
  4  5  1  0  0  0  0
  6  7  1  0  0  0  0
  6 17  1  0  0  0  0
  7 19  1  1  0  0  0
  8 20  1  0  0  0  0
  8  7  1  0  0  0  0
  9  8  1  0  0  0  0
  9  7  1  0  0  0  0
 10  1  1  0  0  0  0
 12  2  1  0  0  0  0
 15  4  1  0  0  0  0
 18  6  1  0  0  0  0
 21  8  1  0  0  0  0
M  END
