Lattice="14.92128449 0.0 0.0 0.0 15.95628125 0.0 0.0 0.0 12.07533256" Properties=species:S:1:pos:R:3:GW_charged:R:1:dKS_charged:R:1:dKS_neutral:R:1 pbc="T T T"
 OpenBabel12102410123D
Lattice="14.92128449 0.0 0.0 0.0 15.95628125 0.0 0.0 0.0 12.07533256" Properties=species:S:1:pos:R:3:GW_charged:R:1:dKS_charged:R:1:dKS_neutral:R:1 pbc="T T T"
 21 22  0  0  0  0  0  0  0  0999 V2000
    7.0528    8.7011    6.4845 C   0  0  0  0  0  0  0  0  0  0  0  0
    7.1537    7.3205    6.8309 O   0  0  0  0  0  0  0  0  0  0  0  0
    5.9408    6.6328    6.6808 C   0  0  0  0  0  0  0  0  0  0  0  0
    5.5527    6.1129    5.3174 C   0  0  0  0  0  0  0  0  0  0  0  0
    6.0403    5.1697    6.4022 C   0  0  0  0  0  0  0  0  0  0  0  0
    8.4339    9.3142    6.5676 C   0  0  0  0  0  0  0  0  0  0  0  0
    9.3976    8.9505    5.4196 C   0  0  0  0  0  0  0  0  0  0  0  0
    9.3348   10.3006    4.8761 O   0  0  0  0  0  0  0  0  0  0  0  0
    8.5433   10.7484    6.0091 C   0  0  0  0  0  0  0  0  0  0  0  0
    6.6439    8.8089    5.4614 H   0  0  0  0  0  0  0  0  0  0  0  0
    6.3587    9.2192    7.1761 H   0  0  0  0  0  0  0  0  0  0  0  0
    5.1401    6.9843    7.3422 H   0  0  0  0  0  0  0  0  0  0  0  0
    4.5000    6.1014    5.0388 H   0  0  0  0  0  0  0  0  0  0  0  0
    6.2423    6.3191    4.5000 H   0  0  0  0  0  0  0  0  0  0  0  0
    7.0460    4.7680    6.2915 H   0  0  0  0  0  0  0  0  0  0  0  0
    5.3286    4.5000    6.8815 H   0  0  0  0  0  0  0  0  0  0  0  0
    8.8439    9.1724    7.5753 H   0  0  0  0  0  0  0  0  0  0  0  0
   10.4213    8.6873    5.7303 H   0  0  0  0  0  0  0  0  0  0  0  0
    9.0316    8.1991    4.7023 H   0  0  0  0  0  0  0  0  0  0  0  0
    7.5999   11.2213    5.6890 H   0  0  0  0  0  0  0  0  0  0  0  0
    9.1022   11.4563    6.6427 H   0  0  0  0  0  0  0  0  0  0  0  0
  1  6  1  0  0  0  0
  1  2  1  0  0  0  0
  1 11  1  0  0  0  0
  3  2  1  0  0  0  0
  3 12  1  0  0  0  0
  4  5  1  0  0  0  0
  4  3  1  0  0  0  0
  5  3  1  0  0  0  0
  5 16  1  0  0  0  0
  6 17  1  0  0  0  0
  7 18  1  0  0  0  0
  7  6  1  0  0  0  0
  8  7  1  0  0  0  0
  8  9  1  0  0  0  0
  9  6  1  0  0  0  0
  9 21  1  0  0  0  0
 10  1  1  0  0  0  0
 13  4  1  0  0  0  0
 14  4  1  0  0  0  0
 15  5  1  0  0  0  0
 19  7  1  0  0  0  0
 20  9  1  0  0  0  0
M  END
