Lattice="13.77598791 0.0 0.0 0.0 16.48044577 0.0 0.0 0.0 12.44514674" Properties=species:S:1:pos:R:3:GW_charged:R:1:dKS_charged:R:1:dKS_neutral:R:1 pbc="T T T"
 OpenBabel12102410123D
Lattice="13.77598791 0.0 0.0 0.0 16.48044577 0.0 0.0 0.0 12.44514674" Properties=species:S:1:pos:R:3:GW_charged:R:1:dKS_charged:R:1:dKS_neutral:R:1 pbc="T T T"
 21 21  0  0  0  0  0  0  0  0999 V2000
    5.0111    5.5689    6.8098 C   0  0  0  0  0  0  0  0  0  0  0  0
    5.0224    6.7795    6.8307 C   0  0  0  0  0  0  0  0  0  0  0  0
    5.0789    8.2341    6.8586 C   0  0  0  0  0  0  0  0  0  0  0  0
    6.5156    8.7990    6.8087 C   0  0  0  0  0  0  0  0  0  0  0  0
    7.2526    8.4204    5.5170 C   0  0  0  0  0  0  0  0  0  0  0  0
    8.6246    9.0888    5.4618 C   0  0  0  0  0  0  0  0  0  0  0  0
    8.5391   10.5083    5.5895 O   0  0  0  0  0  0  0  0  0  0  0  0
    7.9347   10.8827    6.8248 C   0  0  0  0  0  0  0  0  0  0  0  0
    6.5179   10.3258    6.9663 C   0  0  0  0  0  0  0  0  0  0  0  0
    4.9861    4.5000    6.7925 H   0  0  0  0  0  0  0  0  0  0  0  0
    4.5000    8.6375    6.0100 H   0  0  0  0  0  0  0  0  0  0  0  0
    4.5773    8.5971    7.7711 H   0  0  0  0  0  0  0  0  0  0  0  0
    7.0709    8.3634    7.6586 H   0  0  0  0  0  0  0  0  0  0  0  0
    7.3658    7.3285    5.4437 H   0  0  0  0  0  0  0  0  0  0  0  0
    6.6602    8.7457    4.6455 H   0  0  0  0  0  0  0  0  0  0  0  0
    9.2760    8.6834    6.2636 H   0  0  0  0  0  0  0  0  0  0  0  0
    9.1203    8.9040    4.5000 H   0  0  0  0  0  0  0  0  0  0  0  0
    8.5636   10.5310    7.6688 H   0  0  0  0  0  0  0  0  0  0  0  0
    7.9347   11.9804    6.8398 H   0  0  0  0  0  0  0  0  0  0  0  0
    5.8762   10.7804    6.1933 H   0  0  0  0  0  0  0  0  0  0  0  0
    6.1048   10.6177    7.9451 H   0  0  0  0  0  0  0  0  0  0  0  0
  1  2  3  0  0  0  0
  2  3  1  0  0  0  0
  3 12  1  0  0  0  0
  4  3  1  0  0  0  0
  4  9  1  0  0  0  0
  4 13  1  0  0  0  0
  5  4  1  0  0  0  0
  6  5  1  0  0  0  0
  6  7  1  0  0  0  0
  6 16  1  0  0  0  0
  7  8  1  0  0  0  0
  8 19  1  0  0  0  0
  8  9  1  0  0  0  0
  8 18  1  0  0  0  0
  9 21  1  0  0  0  0
 10  1  1  0  0  0  0
 11  3  1  0  0  0  0
 14  5  1  0  0  0  0
 15  5  1  0  0  0  0
 17  6  1  0  0  0  0
 20  9  1  0  0  0  0
M  END
