Lattice="14.1789293 0.0 0.0 0.0 12.6992411 0.0 0.0 0.0 14.63199987" Properties=species:S:1:pos:R:3:GW_charged:R:1:dKS_charged:R:1:dKS_neutral:R:1 pbc="T T T"
 OpenBabel12102409423D
Lattice="14.1789293 0.0 0.0 0.0 12.6992411 0.0 0.0 0.0 14.63199987" Properties=species:S:1:pos:R:3:GW_charged:R:1:dKS_charged:R:1:dKS_neutral:R:1 pbc="T T T"
 21 21  0  0  0  0  0  0  0  0999 V2000
    6.5096    7.7856    7.9722 C   0  0  0  0  0  0  0  0  0  0  0  0
    6.5261    6.2414    7.9652 C   0  0  0  0  0  0  0  0  0  0  0  0
    7.2765    5.7302    9.2144 C   0  0  0  0  0  0  0  0  0  0  0  0
    5.0777    5.7246    8.0044 C   0  0  0  0  0  0  0  0  0  0  0  0
    7.2390    5.7548    6.7197 C   0  0  0  0  0  0  0  0  0  0  0  0
    6.7484    4.9666    5.7148 C   0  0  0  0  0  0  0  0  0  0  0  0
    7.6985    4.7398    4.7534 O   0  0  0  0  0  0  0  0  0  0  0  0
    8.8222    5.4012    5.1581 C   0  0  0  0  0  0  0  0  0  0  0  0
    8.6018    6.0342    6.3434 C   0  0  0  0  0  0  0  0  0  0  0  0
    7.5271    8.1992    7.9664 H   0  0  0  0  0  0  0  0  0  0  0  0
    5.9846    8.1750    7.0894 H   0  0  0  0  0  0  0  0  0  0  0  0
    5.9990    8.1621    8.8705 H   0  0  0  0  0  0  0  0  0  0  0  0
    6.7777    6.0744   10.1320 H   0  0  0  0  0  0  0  0  0  0  0  0
    7.3068    4.6324    9.2304 H   0  0  0  0  0  0  0  0  0  0  0  0
    8.3125    6.0944    9.2390 H   0  0  0  0  0  0  0  0  0  0  0  0
    4.5000    6.0787    7.1390 H   0  0  0  0  0  0  0  0  0  0  0  0
    5.0421    4.6261    8.0166 H   0  0  0  0  0  0  0  0  0  0  0  0
    4.5714    6.0835    8.9112 H   0  0  0  0  0  0  0  0  0  0  0  0
    5.7888    4.5000    5.5322 H   0  0  0  0  0  0  0  0  0  0  0  0
    9.6789    5.3226    4.5000 H   0  0  0  0  0  0  0  0  0  0  0  0
    9.3253    6.6314    6.8882 H   0  0  0  0  0  0  0  0  0  0  0  0
  1 12  1  0  0  0  0
  2  1  1  0  0  0  0
  2  4  1  0  0  0  0
  2  3  1  0  0  0  0
  3 14  1  0  0  0  0
  3 15  1  0  0  0  0
  3 13  1  0  0  0  0
  4 17  1  0  0  0  0
  4 18  1  0  0  0  0
  5  2  1  0  0  0  0
  6  5  2  0  0  0  0
  7  8  1  0  0  0  0
  7  6  1  0  0  0  0
  8  9  2  0  0  0  0
  9  5  1  0  0  0  0
  9 21  1  0  0  0  0
 10  1  1  0  0  0  0
 11  1  1  0  0  0  0
 16  4  1  0  0  0  0
 19  6  1  0  0  0  0
 20  8  1  0  0  0  0
M  END
