Lattice="12.91948101 0.0 0.0 0.0 14.71619153 0.0 0.0 0.0 14.41510644" Properties=species:S:1:pos:R:3:GW_charged:R:1:dKS_charged:R:1:dKS_neutral:R:1 pbc="T T T"
 OpenBabel12102411073D
Lattice="12.91948101 0.0 0.0 0.0 14.71619153 0.0 0.0 0.0 14.41510644" Properties=species:S:1:pos:R:3:GW_charged:R:1:dKS_charged:R:1:dKS_neutral:R:1 pbc="T T T"
 23 24  0  0  0  0  0  0  0  0999 V2000
    5.2402    9.2204    5.5934 C   0  0  0  0  0  0  0  0  0  0  0  0
    6.6800    9.3971    6.0990 C   0  0  0  0  0  0  0  0  0  0  0  0
    6.5005    8.0024    6.7446 C   0  0  0  0  0  0  0  0  0  0  0  0
    7.3683    6.8844    6.1684 C   0  0  0  0  0  0  0  0  0  0  0  0
    6.9619    5.5073    6.7074 C   0  0  0  0  0  0  0  0  0  0  0  0
    6.9691    5.4804    8.2404 C   0  0  0  0  0  0  0  0  0  0  0  0
    6.0882    6.5956    8.8161 C   0  0  0  0  0  0  0  0  0  0  0  0
    6.4965    7.9704    8.2723 C   0  0  0  0  0  0  0  0  0  0  0  0
    5.1187    7.9157    6.2168 O   0  0  0  0  0  0  0  0  0  0  0  0
    4.5000    9.9314    5.9937 H   0  0  0  0  0  0  0  0  0  0  0  0
    5.1194    9.1599    4.5000 H   0  0  0  0  0  0  0  0  0  0  0  0
    7.4517    9.4470    5.3216 H   0  0  0  0  0  0  0  0  0  0  0  0
    6.8339   10.2162    6.8117 H   0  0  0  0  0  0  0  0  0  0  0  0
    7.3016    6.9077    5.0702 H   0  0  0  0  0  0  0  0  0  0  0  0
    8.4195    7.0980    6.4310 H   0  0  0  0  0  0  0  0  0  0  0  0
    5.9502    5.2690    6.3419 H   0  0  0  0  0  0  0  0  0  0  0  0
    7.6317    4.7338    6.3033 H   0  0  0  0  0  0  0  0  0  0  0  0
    6.6284    4.5000    8.6053 H   0  0  0  0  0  0  0  0  0  0  0  0
    8.0041    5.6055    8.6047 H   0  0  0  0  0  0  0  0  0  0  0  0
    5.0366    6.4071    8.5470 H   0  0  0  0  0  0  0  0  0  0  0  0
    6.1353    6.5980    9.9151 H   0  0  0  0  0  0  0  0  0  0  0  0
    7.5116    8.2290    8.6221 H   0  0  0  0  0  0  0  0  0  0  0  0
    5.8199    8.7534    8.6462 H   0  0  0  0  0  0  0  0  0  0  0  0
  1 10  1  0  0  0  0
  1  2  1  0  0  0  0
  1  9  1  0  0  0  0
  2  3  1  0  0  0  0
  2 13  1  0  0  0  0
  3  8  1  0  0  0  0
  4 15  1  0  0  0  0
  4  5  1  0  0  0  0
  4  3  1  0  0  0  0
  5  6  1  0  0  0  0
  6 19  1  0  0  0  0
  6 18  1  0  0  0  0
  6  7  1  0  0  0  0
  7 21  1  0  0  0  0
  8 22  1  0  0  0  0
  8 23  1  0  0  0  0
  8  7  1  0  0  0  0
  9  3  1  0  0  0  0
 11  1  1  0  0  0  0
 12  2  1  0  0  0  0
 14  4  1  0  0  0  0
 16  5  1  0  0  0  0
 17  5  1  0  0  0  0
 20  7  1  0  0  0  0
M  END
