Lattice="14.92953771 0.0 0.0 0.0 14.29487054 0.0 0.0 0.0 13.42189081" Properties=species:S:1:pos:R:3:GW_charged:R:1:dKS_charged:R:1:dKS_neutral:R:1 pbc="T T T"
 OpenBabel12102409423D
Lattice="14.92953771 0.0 0.0 0.0 14.29487054 0.0 0.0 0.0 13.42189081" Properties=species:S:1:pos:R:3:GW_charged:R:1:dKS_charged:R:1:dKS_neutral:R:1 pbc="T T T"
 21 21  0  0  0  0  0  0  0  0999 V2000
    8.4990    9.1296    7.6036 C   0  0  0  0  0  0  0  0  0  0  0  0
    8.4418    7.6921    7.0721 C   0  0  0  0  0  0  0  0  0  0  0  0
    9.3968    6.7787    7.8648 C   0  0  0  0  0  0  0  0  0  0  0  0
    7.0438    7.1303    7.0583 C   0  0  0  0  0  0  0  0  0  0  0  0
    5.9660    7.5322    7.7978 C   0  0  0  0  0  0  0  0  0  0  0  0
    4.8686    6.7599    7.5311 O   0  0  0  0  0  0  0  0  0  0  0  0
    5.2627    5.8458    6.5942 C   0  0  0  0  0  0  0  0  0  0  0  0
    6.5761    6.0155    6.2626 C   0  0  0  0  0  0  0  0  0  0  0  0
    7.3580    5.2240    5.2633 C   0  0  0  0  0  0  0  0  0  0  0  0
    9.5205    9.5277    7.5336 H   0  0  0  0  0  0  0  0  0  0  0  0
    7.8338    9.7949    7.0373 H   0  0  0  0  0  0  0  0  0  0  0  0
    8.2043    9.1759    8.6626 H   0  0  0  0  0  0  0  0  0  0  0  0
    8.7957    7.7099    6.0260 H   0  0  0  0  0  0  0  0  0  0  0  0
    9.3910    5.7506    7.4807 H   0  0  0  0  0  0  0  0  0  0  0  0
   10.4295    7.1524    7.8144 H   0  0  0  0  0  0  0  0  0  0  0  0
    9.0975    6.7396    8.9219 H   0  0  0  0  0  0  0  0  0  0  0  0
    5.8123    8.3217    8.5229 H   0  0  0  0  0  0  0  0  0  0  0  0
    4.5000    5.1518    6.2603 H   0  0  0  0  0  0  0  0  0  0  0  0
    7.8110    5.8740    4.5000 H   0  0  0  0  0  0  0  0  0  0  0  0
    8.1791    4.6639    5.7343 H   0  0  0  0  0  0  0  0  0  0  0  0
    6.7169    4.5000    4.7452 H   0  0  0  0  0  0  0  0  0  0  0  0
  1 12  1  0  0  0  0
  2  1  1  0  0  0  0
  2  3  1  0  0  0  0
  3 16  1  0  0  0  0
  4  2  1  0  0  0  0
  4  5  2  0  0  0  0
  5 17  1  0  0  0  0
  6  5  1  0  0  0  0
  7  6  1  0  0  0  0
  8  7  2  0  0  0  0
  8  4  1  0  0  0  0
  9 20  1  0  0  0  0
  9  8  1  0  0  0  0
 10  1  1  0  0  0  0
 11  1  1  0  0  0  0
 13  2  1  0  0  0  0
 14  3  1  0  0  0  0
 15  3  1  0  0  0  0
 18  7  1  0  0  0  0
 19  9  1  0  0  0  0
 21  9  1  0  0  0  0
M  END
