Lattice="13.269311550000001 0.0 0.0 0.0 15.355258580000001 0.0 0.0 0.0 12.21783944" Properties=species:S:1:pos:R:3:GW_charged:R:1:dKS_charged:R:1:dKS_neutral:R:1 pbc="T T T"
 OpenBabel12102409273D
Lattice="13.269311550000001 0.0 0.0 0.0 15.355258580000001 0.0 0.0 0.0 12.21783944" Properties=species:S:1:pos:R:3:GW_charged:R:1:dKS_charged:R:1:dKS_neutral:R:1 pbc="T T T"
 19 18  0  0  1  0  0  0  0  0999 V2000
    7.7329   10.4593    5.4731 C   0  0  0  0  0  0  0  0  0  0  0  0
    7.7753    9.0455    5.4776 O   0  0  0  0  0  0  0  0  0  0  0  0
    6.4777    8.4686    5.5043 C   0  0  0  0  0  0  0  0  0  0  0  0
    6.6031    6.9471    5.5503 C   0  0  1  0  0  0  0  0  0  0  0  0
    7.3076    6.4675    6.8223 C   0  0  0  0  0  0  0  0  0  0  0  0
    5.2203    6.3170    5.3881 C   0  0  0  0  0  0  0  0  0  0  0  0
    5.3801    4.9014    5.2414 O   0  0  0  0  0  0  0  0  0  0  0  0
    8.7693   10.8156    5.4520 H   0  0  0  0  0  0  0  0  0  0  0  0
    7.2006   10.8496    4.5851 H   0  0  0  0  0  0  0  0  0  0  0  0
    7.2347   10.8553    6.3780 H   0  0  0  0  0  0  0  0  0  0  0  0
    5.9201    8.8375    6.3913 H   0  0  0  0  0  0  0  0  0  0  0  0
    5.9085    8.7829    4.6056 H   0  0  0  0  0  0  0  0  0  0  0  0
    7.2009    6.6427    4.6744 H   0  0  0  0  0  0  0  0  0  0  0  0
    6.7385    6.7631    7.7178 H   0  0  0  0  0  0  0  0  0  0  0  0
    7.4007    5.3750    6.8263 H   0  0  0  0  0  0  0  0  0  0  0  0
    8.3097    6.9056    6.8998 H   0  0  0  0  0  0  0  0  0  0  0  0
    4.5966    6.5486    6.2730 H   0  0  0  0  0  0  0  0  0  0  0  0
    4.7176    6.7435    4.5000 H   0  0  0  0  0  0  0  0  0  0  0  0
    4.5000    4.5000    5.2042 H   0  0  0  0  0  0  0  0  0  0  0  0
  1  2  1  0  0  0  0
  1 10  1  0  0  0  0
  2  3  1  0  0  0  0
  3  4  1  0  0  0  0
  3 11  1  0  0  0  0
  4 13  1  6  0  0  0
  4  5  1  0  0  0  0
  5 15  1  0  0  0  0
  5 16  1  0  0  0  0
  5 14  1  0  0  0  0
  6  4  1  0  0  0  0
  6 17  1  0  0  0  0
  7  6  1  0  0  0  0
  8  1  1  0  0  0  0
  9  1  1  0  0  0  0
 12  3  1  0  0  0  0
 18  6  1  0  0  0  0
 19  7  1  0  0  0  0
M  END
