Lattice="12.11084451 0.0 0.0 0.0 14.27296906 0.0 0.0 0.0 13.52229443" Properties=species:S:1:pos:R:3:GW_charged:R:1:dKS_charged:R:1:dKS_neutral:R:1 pbc="T T T"
 OpenBabel12102409393D
Lattice="12.11084451 0.0 0.0 0.0 14.27296906 0.0 0.0 0.0 13.52229443" Properties=species:S:1:pos:R:3:GW_charged:R:1:dKS_charged:R:1:dKS_neutral:R:1 pbc="T T T"
 19 19  0  0  1  0  0  0  0  0999 V2000
    5.7869    9.3521    8.0588 C   0  0  0  0  0  0  0  0  0  0  0  0
    5.8141    7.8220    8.0111 C   0  0  0  0  0  0  0  0  0  0  0  0
    6.3934    7.2501    6.7162 C   0  0  1  0  0  0  0  0  0  0  0  0
    6.4436    5.7146    6.6541 C   0  0  0  0  0  0  0  0  0  0  0  0
    6.5558    5.4502    5.1547 C   0  0  0  0  0  0  0  0  0  0  0  0
    5.8583    6.5262    4.5000 O   0  0  0  0  0  0  0  0  0  0  0  0
    5.5841    7.5671    5.4500 C   0  0  0  0  0  0  0  0  0  0  0  0
    6.7941    9.7726    7.9240 H   0  0  0  0  0  0  0  0  0  0  0  0
    5.1455    9.7730    7.2717 H   0  0  0  0  0  0  0  0  0  0  0  0
    5.4033    9.7137    9.0223 H   0  0  0  0  0  0  0  0  0  0  0  0
    6.4013    7.4403    8.8615 H   0  0  0  0  0  0  0  0  0  0  0  0
    4.7923    7.4280    8.1456 H   0  0  0  0  0  0  0  0  0  0  0  0
    7.4184    7.6390    6.5820 H   0  0  0  0  0  0  0  0  0  0  0  0
    7.2783    5.2888    7.2259 H   0  0  0  0  0  0  0  0  0  0  0  0
    5.5079    5.2935    7.0545 H   0  0  0  0  0  0  0  0  0  0  0  0
    7.6108    5.4474    4.8250 H   0  0  0  0  0  0  0  0  0  0  0  0
    6.0983    4.5000    4.8429 H   0  0  0  0  0  0  0  0  0  0  0  0
    4.5000    7.5832    5.6773 H   0  0  0  0  0  0  0  0  0  0  0  0
    5.8507    8.5316    4.9936 H   0  0  0  0  0  0  0  0  0  0  0  0
  1 10  1  0  0  0  0
  2  1  1  0  0  0  0
  2 12  1  0  0  0  0
  2 11  1  0  0  0  0
  3 13  1  6  0  0  0
  3  2  1  0  0  0  0
  4  3  1  0  0  0  0
  4 15  1  0  0  0  0
  4 14  1  0  0  0  0
  5  4  1  0  0  0  0
  6  5  1  0  0  0  0
  6  7  1  0  0  0  0
  7 18  1  0  0  0  0
  7  3  1  0  0  0  0
  8  1  1  0  0  0  0
  9  1  1  0  0  0  0
 16  5  1  0  0  0  0
 17  5  1  0  0  0  0
 19  7  1  0  0  0  0
M  END
