Lattice="15.22852058 0.0 0.0 0.0 15.02493574 0.0 0.0 0.0 12.17392478" Properties=species:S:1:pos:R:3:GW_charged:R:1:dKS_charged:R:1:dKS_neutral:R:1 pbc="T T T"
 OpenBabel12102411063D
Lattice="15.22852058 0.0 0.0 0.0 15.02493574 0.0 0.0 0.0 12.17392478" Properties=species:S:1:pos:R:3:GW_charged:R:1:dKS_charged:R:1:dKS_neutral:R:1 pbc="T T T"
 25 26  0  0  0  0  0  0  0  0999 V2000
    5.1633    9.6737    5.5340 C   0  0  0  0  0  0  0  0  0  0  0  0
    6.7142    9.6854    5.5207 C   0  0  0  0  0  0  0  0  0  0  0  0
    6.6924    8.3176    6.2616 C   0  0  0  0  0  0  0  0  0  0  0  0
    5.2206    8.1447    5.7877 C   0  0  0  0  0  0  0  0  0  0  0  0
    7.7220    7.2590    5.9133 C   0  0  0  0  0  0  0  0  0  0  0  0
    9.1672    7.6081    6.3092 C   0  0  0  0  0  0  0  0  0  0  0  0
    9.9290    6.2683    6.2357 C   0  0  0  0  0  0  0  0  0  0  0  0
    8.8540    5.1588    6.4351 C   0  0  0  0  0  0  0  0  0  0  0  0
    7.5113    5.9009    6.6053 C   0  0  0  0  0  0  0  0  0  0  0  0
    4.7627   10.2128    6.4032 H   0  0  0  0  0  0  0  0  0  0  0  0
    4.6390   10.0265    4.6369 H   0  0  0  0  0  0  0  0  0  0  0  0
    7.1089    9.5703    4.5000 H   0  0  0  0  0  0  0  0  0  0  0  0
    7.2335   10.5249    6.0006 H   0  0  0  0  0  0  0  0  0  0  0  0
    6.7079    8.4914    7.3519 H   0  0  0  0  0  0  0  0  0  0  0  0
    4.5000    7.7052    6.4892 H   0  0  0  0  0  0  0  0  0  0  0  0
    5.1779    7.5784    4.8452 H   0  0  0  0  0  0  0  0  0  0  0  0
    7.6935    7.0971    4.8181 H   0  0  0  0  0  0  0  0  0  0  0  0
    9.6097    8.3880    5.6748 H   0  0  0  0  0  0  0  0  0  0  0  0
    9.1690    7.9954    7.3420 H   0  0  0  0  0  0  0  0  0  0  0  0
   10.4129    6.1573    5.2553 H   0  0  0  0  0  0  0  0  0  0  0  0
   10.7285    6.2116    6.9859 H   0  0  0  0  0  0  0  0  0  0  0  0
    8.8190    4.5000    5.5563 H   0  0  0  0  0  0  0  0  0  0  0  0
    9.0760    4.5164    7.2972 H   0  0  0  0  0  0  0  0  0  0  0  0
    7.3015    6.0757    7.6739 H   0  0  0  0  0  0  0  0  0  0  0  0
    6.6578    5.3407    6.2000 H   0  0  0  0  0  0  0  0  0  0  0  0
  1  4  1  0  0  0  0
  1 10  1  0  0  0  0
  2  1  1  0  0  0  0
  2 13  1  0  0  0  0
  2  3  1  0  0  0  0
  3 14  1  0  0  0  0
  4  3  1  0  0  0  0
  4 15  1  0  0  0  0
  5  3  1  0  0  0  0
  5  6  1  0  0  0  0
  5  9  1  0  0  0  0
  6 19  1  0  0  0  0
  7  6  1  0  0  0  0
  7  8  1  0  0  0  0
  7 21  1  0  0  0  0
  8  9  1  0  0  0  0
  8 23  1  0  0  0  0
  9 24  1  0  0  0  0
 11  1  1  0  0  0  0
 12  2  1  0  0  0  0
 16  4  1  0  0  0  0
 17  5  1  0  0  0  0
 18  6  1  0  0  0  0
 20  7  1  0  0  0  0
 22  8  1  0  0  0  0
 25  9  1  0  0  0  0
M  END
