Lattice="13.30162173 0.0 0.0 0.0 13.77569448 0.0 0.0 0.0 13.10072897" Properties=species:S:1:pos:R:3:GW_charged:R:1:dKS_charged:R:1:dKS_neutral:R:1 pbc="T T T"
 OpenBabel12102409313D
Lattice="13.30162173 0.0 0.0 0.0 13.77569448 0.0 0.0 0.0 13.10072897" Properties=species:S:1:pos:R:3:GW_charged:R:1:dKS_charged:R:1:dKS_neutral:R:1 pbc="T T T"
 17 16  0  0  1  0  0  0  0  0999 V2000
    7.7604    8.8014    6.7852 C   0  0  0  0  0  0  0  0  0  0  0  0
    7.7196    7.2787    6.6974 C   0  0  1  0  0  0  0  0  0  0  0  0
    8.4830    6.6715    7.7538 O   0  0  0  0  0  0  0  0  0  0  0  0
    6.2916    6.6969    6.6745 C   0  0  1  0  0  0  0  0  0  0  0  0
    5.5010    7.0667    5.4065 C   0  0  0  0  0  0  0  0  0  0  0  0
    6.3733    5.1828    6.7642 C   0  0  0  0  0  0  0  0  0  0  0  0
    5.7332    4.5000    7.5337 O   0  0  0  0  0  0  0  0  0  0  0  0
    8.8016    9.1399    6.8551 H   0  0  0  0  0  0  0  0  0  0  0  0
    7.3073    9.2757    5.9043 H   0  0  0  0  0  0  0  0  0  0  0  0
    7.2205    9.1585    7.6756 H   0  0  0  0  0  0  0  0  0  0  0  0
    8.2426    6.9562    5.7816 H   0  0  0  0  0  0  0  0  0  0  0  0
    8.0636    6.8968    8.6007 H   0  0  0  0  0  0  0  0  0  0  0  0
    5.7403    7.0441    7.5647 H   0  0  0  0  0  0  0  0  0  0  0  0
    4.5000    6.6173    5.4284 H   0  0  0  0  0  0  0  0  0  0  0  0
    5.3782    8.1536    5.3197 H   0  0  0  0  0  0  0  0  0  0  0  0
    6.0131    6.7117    4.5000 H   0  0  0  0  0  0  0  0  0  0  0  0
    7.0645    4.7089    6.0179 H   0  0  0  0  0  0  0  0  0  0  0  0
  1  8  1  0  0  0  0
  1 10  1  0  0  0  0
  2 11  1  6  0  0  0
  2  1  1  0  0  0  0
  2  3  1  0  0  0  0
  3 12  1  0  0  0  0
  4  2  1  0  0  0  0
  4  6  1  0  0  0  0
  4 13  1  1  0  0  0
  5 14  1  0  0  0  0
  5  4  1  0  0  0  0
  6  7  2  0  0  0  0
  9  1  1  0  0  0  0
 15  5  1  0  0  0  0
 16  5  1  0  0  0  0
 17  6  1  0  0  0  0
M  END
