Lattice="14.682177339999999 0.0 0.0 0.0 15.00292069 0.0 0.0 0.0 14.59279038" Properties=species:S:1:pos:R:3:GW_charged:R:1:dKS_charged:R:1:dKS_neutral:R:1 pbc="T T T"
 OpenBabel12102409393D
Lattice="14.682177339999999 0.0 0.0 0.0 15.00292069 0.0 0.0 0.0 14.59279038" Properties=species:S:1:pos:R:3:GW_charged:R:1:dKS_charged:R:1:dKS_neutral:R:1 pbc="T T T"
 19 18  0  0  0  0  0  0  0  0999 V2000
    5.2854    9.6414    9.1275 C   0  0  0  0  0  0  0  0  0  0  0  0
    6.1204    8.3794    9.2197 C   0  0  0  0  0  0  0  0  0  0  0  0
    6.7258    8.1378    7.9542 O   0  0  0  0  0  0  0  0  0  0  0  0
    7.5292    6.9700    7.9506 C   0  0  0  0  0  0  0  0  0  0  0  0
    8.1181    6.8168    6.5581 C   0  0  0  0  0  0  0  0  0  0  0  0
    8.9221    5.6479    6.5529 O   0  0  0  0  0  0  0  0  0  0  0  0
    9.5205    5.4149    5.2912 C   0  0  0  0  0  0  0  0  0  0  0  0
    5.9100   10.5029    8.8577 H   0  0  0  0  0  0  0  0  0  0  0  0
    4.5000    9.5342    8.3680 H   0  0  0  0  0  0  0  0  0  0  0  0
    4.8057    9.8517   10.0928 H   0  0  0  0  0  0  0  0  0  0  0  0
    6.9043    8.4827    9.9959 H   0  0  0  0  0  0  0  0  0  0  0  0
    5.4923    7.5126    9.5056 H   0  0  0  0  0  0  0  0  0  0  0  0
    8.3442    7.0471    8.6960 H   0  0  0  0  0  0  0  0  0  0  0  0
    6.9290    6.0750    8.2043 H   0  0  0  0  0  0  0  0  0  0  0  0
    7.3037    6.7392    5.8120 H   0  0  0  0  0  0  0  0  0  0  0  0
    8.7196    7.7109    6.3039 H   0  0  0  0  0  0  0  0  0  0  0  0
    8.7608    5.2742    4.5000 H   0  0  0  0  0  0  0  0  0  0  0  0
   10.1822    6.2497    4.9939 H   0  0  0  0  0  0  0  0  0  0  0  0
   10.1177    4.5000    5.3795 H   0  0  0  0  0  0  0  0  0  0  0  0
  1  2  1  0  0  0  0
  1 10  1  0  0  0  0
  2 12  1  0  0  0  0
  2 11  1  0  0  0  0
  3  2  1  0  0  0  0
  4  3  1  0  0  0  0
  4 14  1  0  0  0  0
  4 13  1  0  0  0  0
  5  4  1  0  0  0  0
  6  5  1  0  0  0  0
  7 19  1  0  0  0  0
  7  6  1  0  0  0  0
  8  1  1  0  0  0  0
  9  1  1  0  0  0  0
 15  5  1  0  0  0  0
 16  5  1  0  0  0  0
 17  7  1  0  0  0  0
 18  7  1  0  0  0  0
M  END
