Lattice="13.84907223 0.0 0.0 0.0 12.83735356 0.0 0.0 0.0 13.252586749999999" Properties=species:S:1:pos:R:3:GW_charged:R:1:dKS_charged:R:1:dKS_neutral:R:1 pbc="T T T"
 OpenBabel12102409273D
Lattice="13.84907223 0.0 0.0 0.0 12.83735356 0.0 0.0 0.0 13.252586749999999" Properties=species:S:1:pos:R:3:GW_charged:R:1:dKS_charged:R:1:dKS_neutral:R:1 pbc="T T T"
 21 21  0  0  0  0  0  0  0  0999 V2000
    6.7689    7.8075    6.7259 C   0  0  0  0  0  0  0  0  0  0  0  0
    6.5221    6.2915    6.6132 C   0  0  0  0  0  0  0  0  0  0  0  0
    5.0164    6.0217    6.5407 C   0  0  0  0  0  0  0  0  0  0  0  0
    7.2834    5.7022    5.4015 C   0  0  0  0  0  0  0  0  0  0  0  0
    8.7480    5.5445    5.8613 C   0  0  0  0  0  0  0  0  0  0  0  0
    8.6921    5.4365    7.4131 C   0  0  0  0  0  0  0  0  0  0  0  0
    7.1978    5.5392    7.7848 C   0  0  0  0  0  0  0  0  0  0  0  0
    7.8385    8.0533    6.7816 H   0  0  0  0  0  0  0  0  0  0  0  0
    6.3532    8.3374    5.8564 H   0  0  0  0  0  0  0  0  0  0  0  0
    6.2889    8.2162    7.6270 H   0  0  0  0  0  0  0  0  0  0  0  0
    4.5634    6.5167    5.6689 H   0  0  0  0  0  0  0  0  0  0  0  0
    4.8106    4.9444    6.4594 H   0  0  0  0  0  0  0  0  0  0  0  0
    4.5000    6.3953    7.4374 H   0  0  0  0  0  0  0  0  0  0  0  0
    6.8547    4.7165    5.1604 H   0  0  0  0  0  0  0  0  0  0  0  0
    7.1813    6.3234    4.5000 H   0  0  0  0  0  0  0  0  0  0  0  0
    9.2208    4.6663    5.4030 H   0  0  0  0  0  0  0  0  0  0  0  0
    9.3491    6.4122    5.5571 H   0  0  0  0  0  0  0  0  0  0  0  0
    9.1334    4.5000    7.7778 H   0  0  0  0  0  0  0  0  0  0  0  0
    9.2675    6.2495    7.8766 H   0  0  0  0  0  0  0  0  0  0  0  0
    7.0295    6.0332    8.7526 H   0  0  0  0  0  0  0  0  0  0  0  0
    6.7569    4.5324    7.8592 H   0  0  0  0  0  0  0  0  0  0  0  0
  1  8  1  0  0  0  0
  1 10  1  0  0  0  0
  2  1  1  0  0  0  0
  2  7  1  0  0  0  0
  3  2  1  0  0  0  0
  3 13  1  0  0  0  0
  4  5  1  0  0  0  0
  4  2  1  0  0  0  0
  5  6  1  0  0  0  0
  6 18  1  0  0  0  0
  6  7  1  0  0  0  0
  6 19  1  0  0  0  0
  7 21  1  0  0  0  0
  7 20  1  0  0  0  0
  9  1  1  0  0  0  0
 11  3  1  0  0  0  0
 12  3  1  0  0  0  0
 14  4  1  0  0  0  0
 15  4  1  0  0  0  0
 16  5  1  0  0  0  0
 17  5  1  0  0  0  0
M  END
