Lattice="13.23895937 0.0 0.0 0.0 13.65407765 0.0 0.0 0.0 13.48767018" Properties=species:S:1:pos:R:3:GW_charged:R:1:dKS_charged:R:1:dKS_neutral:R:1 pbc="T T T"
 OpenBabel12102409333D
Lattice="13.23895937 0.0 0.0 0.0 13.65407765 0.0 0.0 0.0 13.48767018" Properties=species:S:1:pos:R:3:GW_charged:R:1:dKS_charged:R:1:dKS_neutral:R:1 pbc="T T T"
 19 19  0  0  0  0  0  0  0  0999 V2000
    6.1423    8.7126    6.8039 C   0  0  0  0  0  0  0  0  0  0  0  0
    6.0266    7.1874    6.8358 C   0  0  0  0  0  0  0  0  0  0  0  0
    6.6012    6.6370    8.1484 C   0  0  0  0  0  0  0  0  0  0  0  0
    4.6026    6.9168    6.7920 O   0  0  0  0  0  0  0  0  0  0  0  0
    6.6612    6.6018    5.5764 C   0  0  0  0  0  0  0  0  0  0  0  0
    8.1140    6.2196    5.4611 C   0  0  0  0  0  0  0  0  0  0  0  0
    7.0510    5.1466    5.4416 C   0  0  0  0  0  0  0  0  0  0  0  0
    7.1956    9.0197    6.8337 H   0  0  0  0  0  0  0  0  0  0  0  0
    5.6876    9.1092    5.8870 H   0  0  0  0  0  0  0  0  0  0  0  0
    5.6218    9.1541    7.6638 H   0  0  0  0  0  0  0  0  0  0  0  0
    6.0451    7.0721    8.9877 H   0  0  0  0  0  0  0  0  0  0  0  0
    6.4990    5.5446    8.2123 H   0  0  0  0  0  0  0  0  0  0  0  0
    7.6628    6.8893    8.2750 H   0  0  0  0  0  0  0  0  0  0  0  0
    4.5000    5.9652    6.6281 H   0  0  0  0  0  0  0  0  0  0  0  0
    6.2258    7.0415    4.6764 H   0  0  0  0  0  0  0  0  0  0  0  0
    8.6337    6.4562    4.5341 H   0  0  0  0  0  0  0  0  0  0  0  0
    8.7390    6.2855    6.3505 H   0  0  0  0  0  0  0  0  0  0  0  0
    6.9807    4.5000    6.3157 H   0  0  0  0  0  0  0  0  0  0  0  0
    6.8334    4.6453    4.5000 H   0  0  0  0  0  0  0  0  0  0  0  0
  1  8  1  0  0  0  0
  1  2  1  0  0  0  0
  1 10  1  0  0  0  0
  2  3  1  0  0  0  0
  3 12  1  0  0  0  0
  3 13  1  0  0  0  0
  3 11  1  0  0  0  0
  4  2  1  0  0  0  0
  5  2  1  0  0  0  0
  6  5  1  0  0  0  0
  6 17  1  0  0  0  0
  7  6  1  0  0  0  0
  7  5  1  0  0  0  0
  7 18  1  0  0  0  0
  9  1  1  0  0  0  0
 14  4  1  0  0  0  0
 15  5  1  0  0  0  0
 16  6  1  0  0  0  0
 19  7  1  0  0  0  0
M  END
