Lattice="13.976955360000002 0.0 0.0 0.0 15.62038222 0.0 0.0 0.0 13.67341878" Properties=species:S:1:pos:R:3:GW_charged:R:1:dKS_charged:R:1:dKS_neutral:R:1 pbc="T T T"
 OpenBabel12102409463D
Lattice="13.976955360000002 0.0 0.0 0.0 15.62038222 0.0 0.0 0.0 13.67341878" Properties=species:S:1:pos:R:3:GW_charged:R:1:dKS_charged:R:1:dKS_neutral:R:1 pbc="T T T"
 21 22  0  0  1  0  0  0  0  0999 V2000
    5.2883    5.5650    6.7752 C   0  0  0  0  0  0  0  0  0  0  0  0
    5.2558    6.7729    6.8838 C   0  0  0  0  0  0  0  0  0  0  0  0
    5.2419    8.1971    7.0008 C   0  0  1  0  0  0  0  0  0  0  0  0
    5.5413    8.8711    8.3387 C   0  0  0  0  0  0  0  0  0  0  0  0
    6.5389    8.9906    7.2338 C   0  0  0  0  0  0  0  0  0  0  0  0
    7.8724    8.2643    7.2282 C   0  0  0  0  0  0  0  0  0  0  0  0
    8.3979    8.5584    5.8162 C   0  0  0  0  0  0  0  0  0  0  0  0
    7.9986   10.0297    5.5614 C   0  0  0  0  0  0  0  0  0  0  0  0
    6.7511   10.2889    6.4535 C   0  0  0  0  0  0  0  0  0  0  0  0
    5.3035    4.5000    6.6835 H   0  0  0  0  0  0  0  0  0  0  0  0
    4.5000    8.6977    6.3750 H   0  0  0  0  0  0  0  0  0  0  0  0
    4.9379    9.7415    8.5967 H   0  0  0  0  0  0  0  0  0  0  0  0
    5.7739    8.2110    9.1734 H   0  0  0  0  0  0  0  0  0  0  0  0
    8.5360    8.7066    7.9903 H   0  0  0  0  0  0  0  0  0  0  0  0
    7.7780    7.1927    7.4454 H   0  0  0  0  0  0  0  0  0  0  0  0
    9.4770    8.3871    5.7093 H   0  0  0  0  0  0  0  0  0  0  0  0
    7.8881    7.8951    5.1013 H   0  0  0  0  0  0  0  0  0  0  0  0
    8.8170   10.7016    5.8552 H   0  0  0  0  0  0  0  0  0  0  0  0
    7.7980   10.2229    4.5000 H   0  0  0  0  0  0  0  0  0  0  0  0
    5.8632   10.5604    5.8662 H   0  0  0  0  0  0  0  0  0  0  0  0
    6.9363   11.1204    7.1500 H   0  0  0  0  0  0  0  0  0  0  0  0
  1  2  3  0  0  0  0
  2  3  1  0  0  0  0
  3 11  1  6  0  0  0
  3  5  1  0  0  0  0
  3  4  1  0  0  0  0
  4 12  1  0  0  0  0
  4 13  1  0  0  0  0
  5  4  1  0  0  0  0
  6  5  1  0  0  0  0
  6 15  1  0  0  0  0
  6 14  1  0  0  0  0
  7  6  1  0  0  0  0
  8  7  1  0  0  0  0
  8 18  1  0  0  0  0
  8  9  1  0  0  0  0
  9 21  1  0  0  0  0
  9  5  1  0  0  0  0
 10  1  1  0  0  0  0
 16  7  1  0  0  0  0
 17  7  1  0  0  0  0
 19  8  1  0  0  0  0
 20  9  1  0  0  0  0
M  END
