Lattice="14.47103653 0.0 0.0 0.0 13.25704138 0.0 0.0 0.0 14.325320869999999" Properties=species:S:1:pos:R:3:GW_charged:R:1:dKS_charged:R:1:dKS_neutral:R:1 pbc="T T T"
 OpenBabel12102411053D
Lattice="14.47103653 0.0 0.0 0.0 13.25704138 0.0 0.0 0.0 14.325320869999999" Properties=species:S:1:pos:R:3:GW_charged:R:1:dKS_charged:R:1:dKS_neutral:R:1 pbc="T T T"
 21 23  0  0  1  0  0  0  0  0999 V2000
    6.8161    8.0625    5.8506 C   0  0  0  0  0  0  0  0  0  0  0  0
    7.9802    7.1402    5.5033 C   0  0  1  0  0  0  0  0  0  0  0  0
    8.9541    6.8063    6.5652 C   0  0  0  0  0  0  0  0  0  0  0  0
    8.6443    6.0939    7.6614 C   0  0  0  0  0  0  0  0  0  0  0  0
    7.2854    5.5359    7.9057 C   0  0  1  0  0  0  0  0  0  0  0  0
    6.2708    6.3118    8.8122 C   0  0  0  0  0  0  0  0  0  0  0  0
    5.1592    6.0390    7.7630 C   0  0  0  0  0  0  0  0  0  0  0  0
    6.2472    5.6084    6.7349 C   0  0  1  0  0  0  0  0  0  0  0  0
    6.5710    6.5922    5.6271 C   0  0  1  0  0  0  0  0  0  0  0  0
    6.7988    8.4591    6.8648 H   0  0  0  0  0  0  0  0  0  0  0  0
    6.4664    8.7570    5.0875 H   0  0  0  0  0  0  0  0  0  0  0  0
    8.3937    7.2490    4.5000 H   0  0  0  0  0  0  0  0  0  0  0  0
    9.9710    7.1838    6.4369 H   0  0  0  0  0  0  0  0  0  0  0  0
    9.4149    5.9020    8.4121 H   0  0  0  0  0  0  0  0  0  0  0  0
    7.3716    4.5000    8.2690 H   0  0  0  0  0  0  0  0  0  0  0  0
    6.1164    5.9189    9.8253 H   0  0  0  0  0  0  0  0  0  0  0  0
    6.5292    7.3756    8.8902 H   0  0  0  0  0  0  0  0  0  0  0  0
    4.5000    5.2092    8.0494 H   0  0  0  0  0  0  0  0  0  0  0  0
    4.5341    6.8936    7.4741 H   0  0  0  0  0  0  0  0  0  0  0  0
    6.0658    4.6318    6.2659 H   0  0  0  0  0  0  0  0  0  0  0  0
    6.0823    6.3603    4.6794 H   0  0  0  0  0  0  0  0  0  0  0  0
  1 10  1  0  0  0  0
  2 12  1  6  0  0  0
  2  9  1  0  0  0  0
  2  1  1  0  0  0  0
  2  3  1  0  0  0  0
  3  4  2  0  0  0  0
  4  5  1  0  0  0  0
  4 14  1  0  0  0  0
  5 15  1  1  0  0  0
  5  6  1  0  0  0  0
  6 17  1  0  0  0  0
  6 16  1  0  0  0  0
  7 18  1  0  0  0  0
  7  6  1  0  0  0  0
  8 20  1  6  0  0  0
  8  7  1  0  0  0  0
  8  5  1  0  0  0  0
  9 21  1  6  0  0  0
  9  1  1  0  0  0  0
  9  8  1  0  0  0  0
 11  1  1  0  0  0  0
 13  3  1  0  0  0  0
 19  7  1  0  0  0  0
M  END
