Lattice="13.87943481 0.0 0.0 0.0 13.204168 0.0 0.0 0.0 13.59919848" Properties=species:S:1:pos:R:3:GW_charged:R:1:dKS_charged:R:1:dKS_neutral:R:1 pbc="T T T"
 OpenBabel12102411063D
Lattice="13.87943481 0.0 0.0 0.0 13.204168 0.0 0.0 0.0 13.59919848" Properties=species:S:1:pos:R:3:GW_charged:R:1:dKS_charged:R:1:dKS_neutral:R:1 pbc="T T T"
 23 25  0  0  1  0  0  0  0  0999 V2000
    5.9562    7.6577    5.5109 C   0  0  0  0  0  0  0  0  0  0  0  0
    7.5006    7.6651    5.6491 C   0  0  1  0  0  0  0  0  0  0  0  0
    8.0292    7.8949    7.0784 C   0  0  0  0  0  0  0  0  0  0  0  0
    7.8933    6.5313    7.7962 C   0  0  2  0  0  0  0  0  0  0  0  0
    8.2978    5.5483    6.6785 C   0  0  0  0  0  0  0  0  0  0  0  0
    7.5041    6.1018    5.4945 C   0  0  1  0  0  0  0  0  0  0  0  0
    5.9488    6.1180    5.7214 C   0  0  1  0  0  0  0  0  0  0  0  0
    5.5620    5.6425    7.1242 C   0  0  0  0  0  0  0  0  0  0  0  0
    6.4382    6.2454    8.2469 C   0  0  0  0  0  0  0  0  0  0  0  0
    5.3886    8.2657    6.2317 H   0  0  0  0  0  0  0  0  0  0  0  0
    5.6302    7.9360    4.5000 H   0  0  0  0  0  0  0  0  0  0  0  0
    8.0446    8.2599    4.9044 H   0  0  0  0  0  0  0  0  0  0  0  0
    9.0923    8.1771    7.0358 H   0  0  0  0  0  0  0  0  0  0  0  0
    7.5001    8.7042    7.6038 H   0  0  0  0  0  0  0  0  0  0  0  0
    8.5619    6.4807    8.6673 H   0  0  0  0  0  0  0  0  0  0  0  0
    9.3794    5.6024    6.4793 H   0  0  0  0  0  0  0  0  0  0  0  0
    8.0609    4.5000    6.9146 H   0  0  0  0  0  0  0  0  0  0  0  0
    7.8067    5.7126    4.5147 H   0  0  0  0  0  0  0  0  0  0  0  0
    5.3690    5.5603    4.9727 H   0  0  0  0  0  0  0  0  0  0  0  0
    4.5000    5.8622    7.3140 H   0  0  0  0  0  0  0  0  0  0  0  0
    5.6481    4.5447    7.1479 H   0  0  0  0  0  0  0  0  0  0  0  0
    6.4466    5.5501    9.0992 H   0  0  0  0  0  0  0  0  0  0  0  0
    5.9917    7.1787    8.6228 H   0  0  0  0  0  0  0  0  0  0  0  0
  1  2  1  0  0  0  0
  1  7  1  0  0  0  0
  1 10  1  0  0  0  0
  2 12  1  6  0  0  0
  2  3  1  0  0  0  0
  3 14  1  0  0  0  0
  3  4  1  0  0  0  0
  4  9  1  0  0  0  0
  4 15  1  1  0  0  0
  5 17  1  0  0  0  0
  5  4  1  0  0  0  0
  6 18  1  6  0  0  0
  6  2  1  0  0  0  0
  6  7  1  0  0  0  0
  6  5  1  0  0  0  0
  7 19  1  6  0  0  0
  7  8  1  0  0  0  0
  8 21  1  0  0  0  0
  8 20  1  0  0  0  0
  8  9  1  0  0  0  0
  9 23  1  0  0  0  0
  9 22  1  0  0  0  0
 11  1  1  0  0  0  0
 13  3  1  0  0  0  0
 16  5  1  0  0  0  0
M  END
