Lattice="13.61380282 0.0 0.0 0.0 16.08377549 0.0 0.0 0.0 13.7166134" Properties=species:S:1:pos:R:3:GW_charged:R:1:dKS_charged:R:1:dKS_neutral:R:1 pbc="T T T"
 OpenBabel12102409453D
Lattice="13.61380282 0.0 0.0 0.0 16.08377549 0.0 0.0 0.0 13.7166134" Properties=species:S:1:pos:R:3:GW_charged:R:1:dKS_charged:R:1:dKS_neutral:R:1 pbc="T T T"
 21 22  0  0  1  0  0  0  0  0999 V2000
    6.6227    5.5688    6.6328 C   0  0  0  0  0  0  0  0  0  0  0  0
    6.6162    6.7814    6.6071 C   0  0  0  0  0  0  0  0  0  0  0  0
    6.5923    8.2175    6.5897 C   0  0  2  0  0  0  0  0  0  0  0  0
    7.0958    8.8948    5.3236 C   0  0  0  0  0  0  0  0  0  0  0  0
    7.9515    8.9370    6.5604 C   0  0  1  0  0  0  0  0  0  0  0  0
    8.1538   10.2380    7.3326 C   0  0  0  0  0  0  0  0  0  0  0  0
    7.0302   10.5492    8.3319 C   0  0  0  0  0  0  0  0  0  0  0  0
    5.6482   10.3237    7.7152 C   0  0  0  0  0  0  0  0  0  0  0  0
    5.4386    8.8427    7.3779 C   0  0  0  0  0  0  0  0  0  0  0  0
    6.6322    4.5000    6.6521 H   0  0  0  0  0  0  0  0  0  0  0  0
    7.3951    8.2497    4.5000 H   0  0  0  0  0  0  0  0  0  0  0  0
    6.5941    9.8158    5.0241 H   0  0  0  0  0  0  0  0  0  0  0  0
    8.8065    8.2618    6.5522 H   0  0  0  0  0  0  0  0  0  0  0  0
    9.1138   10.1883    7.8648 H   0  0  0  0  0  0  0  0  0  0  0  0
    8.2448   11.0728    6.6184 H   0  0  0  0  0  0  0  0  0  0  0  0
    7.1334    9.8990    9.2166 H   0  0  0  0  0  0  0  0  0  0  0  0
    7.1329   11.5838    8.6900 H   0  0  0  0  0  0  0  0  0  0  0  0
    4.8584   10.6427    8.4104 H   0  0  0  0  0  0  0  0  0  0  0  0
    5.5325   10.9513    6.8154 H   0  0  0  0  0  0  0  0  0  0  0  0
    4.5000    8.6934    6.8229 H   0  0  0  0  0  0  0  0  0  0  0  0
    5.3388    8.2790    8.3184 H   0  0  0  0  0  0  0  0  0  0  0  0
  1 10  1  0  0  0  0
  2  1  3  0  0  0  0
  3  2  1  1  0  0  0
  3  9  1  0  0  0  0
  4  5  1  0  0  0  0
  4  3  1  0  0  0  0
  5 13  1  6  0  0  0
  5  3  1  0  0  0  0
  5  6  1  0  0  0  0
  6 14  1  0  0  0  0
  6  7  1  0  0  0  0
  7 17  1  0  0  0  0
  7 16  1  0  0  0  0
  8  7  1  0  0  0  0
  8 18  1  0  0  0  0
  9  8  1  0  0  0  0
  9 21  1  0  0  0  0
 11  4  1  0  0  0  0
 12  4  1  0  0  0  0
 15  6  1  0  0  0  0
 19  8  1  0  0  0  0
 20  9  1  0  0  0  0
M  END
