Lattice="12.11306407 0.0 0.0 0.0 13.48576639 0.0 0.0 0.0 13.20709637" Properties=species:S:1:pos:R:3:GW_charged:R:1:dKS_charged:R:1:dKS_neutral:R:1 pbc="T T T"
 OpenBabel12102409263D
Lattice="12.11306407 0.0 0.0 0.0 13.48576639 0.0 0.0 0.0 13.20709637" Properties=species:S:1:pos:R:3:GW_charged:R:1:dKS_charged:R:1:dKS_neutral:R:1 pbc="T T T"
 16 16  0  0  1  0  0  0  0  0999 V2000
    5.3125    8.4775    5.5450 C   0  0  0  0  0  0  0  0  0  0  0  0
    5.4120    6.9777    5.6892 C   0  0  1  0  0  0  0  0  0  0  0  0
    6.7161    6.2310    5.4473 C   0  0  0  0  0  0  0  0  0  0  0  0
    6.1086    6.2946    6.8329 C   0  0  1  0  0  0  0  0  0  0  0  0
    6.7848    7.0604    7.9451 C   0  0  0  0  0  0  0  0  0  0  0  0
    5.4176    5.1371    7.2807 O   0  0  0  0  0  0  0  0  0  0  0  0
    6.2410    8.9858    5.8382 H   0  0  0  0  0  0  0  0  0  0  0  0
    5.1095    8.7520    4.5000 H   0  0  0  0  0  0  0  0  0  0  0  0
    4.5000    8.8871    6.1623 H   0  0  0  0  0  0  0  0  0  0  0  0
    4.5250    6.4308    5.3634 H   0  0  0  0  0  0  0  0  0  0  0  0
    6.6669    5.2795    4.9199 H   0  0  0  0  0  0  0  0  0  0  0  0
    7.6131    6.8207    5.2523 H   0  0  0  0  0  0  0  0  0  0  0  0
    7.2879    7.9640    7.5787 H   0  0  0  0  0  0  0  0  0  0  0  0
    6.0507    7.3573    8.7071 H   0  0  0  0  0  0  0  0  0  0  0  0
    7.5496    6.4363    8.4328 H   0  0  0  0  0  0  0  0  0  0  0  0
    6.0805    4.5000    7.5941 H   0  0  0  0  0  0  0  0  0  0  0  0
  1  2  1  0  0  0  0
  1  7  1  0  0  0  0
  1  9  1  0  0  0  0
  2 10  1  6  0  0  0
  2  4  1  0  0  0  0
  3  2  1  0  0  0  0
  3  4  1  0  0  0  0
  4  6  1  1  0  0  0
  4  5  1  0  0  0  0
  5 15  1  0  0  0  0
  5 14  1  0  0  0  0
  6 16  1  0  0  0  0
  8  1  1  0  0  0  0
 11  3  1  0  0  0  0
 12  3  1  0  0  0  0
 13  5  1  0  0  0  0
M  END
