Lattice="13.965298749999999 0.0 0.0 0.0 13.73272504 0.0 0.0 0.0 13.844740439999999" Properties=species:S:1:pos:R:3:GW_charged:R:1:dKS_charged:R:1:dKS_neutral:R:1 pbc="T T T"
 OpenBabel12102411053D
Lattice="13.965298749999999 0.0 0.0 0.0 13.73272504 0.0 0.0 0.0 13.844740439999999" Properties=species:S:1:pos:R:3:GW_charged:R:1:dKS_charged:R:1:dKS_neutral:R:1 pbc="T T T"
 21 23  0  0  1  0  0  0  0  0999 V2000
    6.2429    7.9738    5.4741 C   0  0  0  0  0  0  0  0  0  0  0  0
    7.8012    7.9881    5.6019 C   0  0  1  0  0  0  0  0  0  0  0  0
    8.3653    8.3404    7.0157 C   0  0  0  0  0  0  0  0  0  0  0  0
    7.8233    6.9921    7.4403 C   0  0  1  0  0  3  0  0  0  0  0  0
    7.0102    6.5589    8.4095 C   0  0  0  0  0  3  0  0  0  0  0  0
    6.0979    5.4151    8.0457 C   0  0  0  0  0  0  0  0  0  0  0  0
    5.2992    5.7879    6.7587 C   0  0  0  0  0  0  0  0  0  0  0  0
    6.1960    6.4147    5.6707 C   0  0  2  0  0  0  0  0  0  0  0  0
    7.7082    6.4798    6.0141 C   0  0  1  0  0  0  0  0  0  0  0  0
    5.7235    8.5467    6.2556 H   0  0  0  0  0  0  0  0  0  0  0  0
    5.8699    8.3131    4.5000 H   0  0  0  0  0  0  0  0  0  0  0  0
    8.3588    8.3402    4.7258 H   0  0  0  0  0  0  0  0  0  0  0  0
    9.4653    8.3846    6.9795 H   0  0  0  0  0  0  0  0  0  0  0  0
    7.9863    9.2327    7.5349 H   0  0  0  0  0  0  0  0  0  0  0  0
    6.8727    7.1059    9.3447 H   0  0  0  0  0  0  0  0  0  0  0  0
    6.6787    4.5000    7.8445 H   0  0  0  0  0  0  0  0  0  0  0  0
    5.4069    5.1693    8.8624 H   0  0  0  0  0  0  0  0  0  0  0  0
    4.7984    4.8873    6.3739 H   0  0  0  0  0  0  0  0  0  0  0  0
    4.5000    6.4949    7.0297 H   0  0  0  0  0  0  0  0  0  0  0  0
    6.0231    5.9218    4.7037 H   0  0  0  0  0  0  0  0  0  0  0  0
    8.3981    5.6988    5.6693 H   0  0  0  0  0  0  0  0  0  0  0  0
  1  2  1  0  0  0  0
  1  8  1  0  0  0  0
  1 10  1  0  0  0  0
  2 12  1  6  0  0  0
  2  9  1  0  0  0  0
  2  3  1  0  0  0  0
  3  4  1  0  0  0  0
  3 14  1  0  0  0  0
  4  5  1  6  0  0  0
  5 15  1  0  0  0  0
  6  5  1  0  0  0  0
  6 17  1  0  0  0  0
  7 19  1  0  0  0  0
  7  6  1  0  0  0  0
  8 20  1  6  0  0  0
  8  9  1  0  0  0  0
  8  7  1  0  0  0  0
  9 21  1  6  0  0  0
  9  4  1  0  0  0  0
 11  1  1  0  0  0  0
 13  3  1  0  0  0  0
 16  6  1  0  0  0  0
 18  7  1  0  0  0  0
M  END
