Lattice="11.97046225 0.0 0.0 0.0 14.04514792 0.0 0.0 0.0 15.94025942" Properties=species:S:1:pos:R:3:GW_charged:R:1:dKS_charged:R:1:dKS_neutral:R:1 pbc="T T T"
 OpenBabel12102409443D
Lattice="11.97046225 0.0 0.0 0.0 14.04514792 0.0 0.0 0.0 15.94025942" Properties=species:S:1:pos:R:3:GW_charged:R:1:dKS_charged:R:1:dKS_neutral:R:1 pbc="T T T"
 19 19  0  0  0  0  0  0  0  0999 V2000
    6.6234    9.1204    6.6716 C   0  0  0  0  0  0  0  0  0  0  0  0
    6.6717    7.6260    6.6606 C   0  0  0  0  0  0  0  0  0  0  0  0
    6.6954    6.8090    5.5666 C   0  0  0  0  0  0  0  0  0  0  0  0
    6.7589    5.4927    5.9350 O   0  0  0  0  0  0  0  0  0  0  0  0
    6.7765    5.4786    7.3011 C   0  0  0  0  0  0  0  0  0  0  0  0
    6.7270    6.7469    7.8073 C   0  0  0  0  0  0  0  0  0  0  0  0
    6.7038    7.1420    9.2521 C   0  0  0  0  0  0  0  0  0  0  0  0
    5.2937    7.4609    9.7476 C   0  0  0  0  0  0  0  0  0  0  0  0
    5.3924    7.8766   11.1141 O   0  0  0  0  0  0  0  0  0  0  0  0
    7.4705    9.5451    7.2303 H   0  0  0  0  0  0  0  0  0  0  0  0
    6.6598    9.5251    5.6526 H   0  0  0  0  0  0  0  0  0  0  0  0
    5.7059    9.4967    7.1474 H   0  0  0  0  0  0  0  0  0  0  0  0
    6.6802    7.0005    4.5000 H   0  0  0  0  0  0  0  0  0  0  0  0
    6.8361    4.5000    7.7633 H   0  0  0  0  0  0  0  0  0  0  0  0
    7.1191    6.3371    9.8755 H   0  0  0  0  0  0  0  0  0  0  0  0
    7.3367    8.0273    9.4200 H   0  0  0  0  0  0  0  0  0  0  0  0
    4.8449    8.2560    9.1251 H   0  0  0  0  0  0  0  0  0  0  0  0
    4.6596    6.5617    9.6482 H   0  0  0  0  0  0  0  0  0  0  0  0
    4.5000    8.0636   11.4403 H   0  0  0  0  0  0  0  0  0  0  0  0
  1 12  1  0  0  0  0
  1 10  1  0  0  0  0
  2  1  1  0  0  0  0
  2  6  1  0  0  0  0
  3  4  1  0  0  0  0
  3  2  2  0  0  0  0
  4  5  1  0  0  0  0
  5 14  1  0  0  0  0
  5  6  2  0  0  0  0
  6  7  1  0  0  0  0
  7 16  1  0  0  0  0
  7  8  1  0  0  0  0
  7 15  1  0  0  0  0
  8  9  1  0  0  0  0
  9 19  1  0  0  0  0
 11  1  1  0  0  0  0
 13  3  1  0  0  0  0
 17  8  1  0  0  0  0
 18  8  1  0  0  0  0
M  END
