Lattice="13.55794349 0.0 0.0 0.0 14.15508414 0.0 0.0 0.0 13.17730397" Properties=species:S:1:pos:R:3:GW_charged:R:1:dKS_charged:R:1:dKS_neutral:R:1 pbc="T T T"
 OpenBabel12102411073D
Lattice="13.55794349 0.0 0.0 0.0 14.15508414 0.0 0.0 0.0 13.17730397" Properties=species:S:1:pos:R:3:GW_charged:R:1:dKS_charged:R:1:dKS_neutral:R:1 pbc="T T T"
 23 25  0  0  1  0  0  0  0  0999 V2000
    5.4383    8.5931    6.4664 C   0  0  0  0  0  0  0  0  0  0  0  0
    6.9554    8.9543    6.4805 C   0  0  0  0  0  0  0  0  0  0  0  0
    7.6451    7.5938    6.2751 C   0  0  1  0  0  0  0  0  0  0  0  0
    7.6288    6.6955    7.5414 C   0  0  2  0  0  0  0  0  0  0  0  0
    7.9857    5.3192    6.9577 C   0  0  0  0  0  0  0  0  0  0  0  0
    7.1234    5.2749    5.6589 C   0  0  0  0  0  0  0  0  0  0  0  0
    6.6048    6.7180    5.5289 C   0  0  1  0  0  0  0  0  0  0  0  0
    5.4661    7.0576    6.5282 C   0  0  1  0  0  0  0  0  0  0  0  0
    6.1121    6.6660    7.8888 C   0  0  0  0  0  0  0  0  0  0  0  0
    4.8840    9.0336    7.3066 H   0  0  0  0  0  0  0  0  0  0  0  0
    4.9606    8.9405    5.5384 H   0  0  0  0  0  0  0  0  0  0  0  0
    7.2097    9.6551    5.6742 H   0  0  0  0  0  0  0  0  0  0  0  0
    7.2652    9.4296    7.4224 H   0  0  0  0  0  0  0  0  0  0  0  0
    8.6375    7.6537    5.8079 H   0  0  0  0  0  0  0  0  0  0  0  0
    8.2761    7.0234    8.3652 H   0  0  0  0  0  0  0  0  0  0  0  0
    9.0579    5.2594    6.7194 H   0  0  0  0  0  0  0  0  0  0  0  0
    7.7570    4.5000    7.6533 H   0  0  0  0  0  0  0  0  0  0  0  0
    7.7251    4.9880    4.7862 H   0  0  0  0  0  0  0  0  0  0  0  0
    6.2990    4.5505    5.7268 H   0  0  0  0  0  0  0  0  0  0  0  0
    6.3750    7.0270    4.5000 H   0  0  0  0  0  0  0  0  0  0  0  0
    4.5000    6.5756    6.3299 H   0  0  0  0  0  0  0  0  0  0  0  0
    5.8055    5.6698    8.2383 H   0  0  0  0  0  0  0  0  0  0  0  0
    5.8386    7.3815    8.6773 H   0  0  0  0  0  0  0  0  0  0  0  0
  1  2  1  0  0  0  0
  1  8  1  0  0  0  0
  1 10  1  0  0  0  0
  2 13  1  0  0  0  0
  3 14  1  6  0  0  0
  3  2  1  0  0  0  0
  3  4  1  0  0  0  0
  4  9  1  0  0  0  0
  4 15  1  1  0  0  0
  5  4  1  0  0  0  0
  5 17  1  0  0  0  0
  6 19  1  0  0  0  0
  6  5  1  0  0  0  0
  7 20  1  6  0  0  0
  7  6  1  0  0  0  0
  7  3  1  0  0  0  0
  7  8  1  0  0  0  0
  8 21  1  6  0  0  0
  8  9  1  0  0  0  0
  9 22  1  0  0  0  0
  9 23  1  0  0  0  0
 11  1  1  0  0  0  0
 12  2  1  0  0  0  0
 16  5  1  0  0  0  0
 18  6  1  0  0  0  0
M  END
