Lattice="13.91874069 0.0 0.0 0.0 15.48324935 0.0 0.0 0.0 13.47755212" Properties=species:S:1:pos:R:3:GW_charged:R:1:dKS_charged:R:1:dKS_neutral:R:1 pbc="T T T"
 OpenBabel12102409463D
Lattice="13.91874069 0.0 0.0 0.0 15.48324935 0.0 0.0 0.0 13.47755212" Properties=species:S:1:pos:R:3:GW_charged:R:1:dKS_charged:R:1:dKS_neutral:R:1 pbc="T T T"
 19 21  0  0  1  0  0  0  0  0999 V2000
    5.3331    5.5686    6.8228 C   0  0  0  0  0  0  0  0  0  0  0  0
    5.3158    6.7810    6.8538 C   0  0  0  0  0  0  0  0  0  0  0  0
    5.3283    8.2116    6.8860 C   0  0  1  0  0  0  0  0  0  0  0  0
    5.8351    8.9480    8.1501 C   0  0  0  0  0  0  0  0  0  0  0  0
    6.6389    8.9580    6.9063 C   0  0  1  0  0  0  0  0  0  0  0  0
    8.0698    8.4992    6.5773 C   0  0  1  0  0  0  0  0  0  0  0  0
    7.7738    8.9346    5.1085 C   0  0  0  0  0  0  0  0  0  0  0  0
    7.1904   10.0748    6.0006 C   0  0  2  0  0  0  0  0  0  0  0  0
    8.4980    9.9767    6.8461 C   0  0  0  0  0  0  0  0  0  0  0  0
    5.3380    4.5000    6.7962 H   0  0  0  0  0  0  0  0  0  0  0  0
    4.5000    8.6963    6.3641 H   0  0  0  0  0  0  0  0  0  0  0  0
    5.2863    9.8445    8.4389 H   0  0  0  0  0  0  0  0  0  0  0  0
    6.1577    8.3172    8.9776 H   0  0  0  0  0  0  0  0  0  0  0  0
    8.5625    7.5818    6.9179 H   0  0  0  0  0  0  0  0  0  0  0  0
    8.6485    9.2008    4.5000 H   0  0  0  0  0  0  0  0  0  0  0  0
    7.0516    8.3233    4.5536 H   0  0  0  0  0  0  0  0  0  0  0  0
    6.6694   10.9832    5.6745 H   0  0  0  0  0  0  0  0  0  0  0  0
    8.4410   10.3255    7.8851 H   0  0  0  0  0  0  0  0  0  0  0  0
    9.4187   10.3079    6.3473 H   0  0  0  0  0  0  0  0  0  0  0  0
  1  2  3  0  0  0  0
  2  3  1  0  0  0  0
  3 11  1  6  0  0  0
  3  5  1  0  0  0  0
  3  4  1  0  0  0  0
  4 12  1  0  0  0  0
  4 13  1  0  0  0  0
  5  4  1  1  0  0  0
  6  9  1  0  0  0  0
  6  5  1  0  0  0  0
  6 14  1  1  0  0  0
  7  8  1  0  0  0  0
  7  6  1  0  0  0  0
  8 17  1  6  0  0  0
  8  9  1  0  0  0  0
  8  5  1  0  0  0  0
  9 18  1  0  0  0  0
 10  1  1  0  0  0  0
 15  7  1  0  0  0  0
 16  7  1  0  0  0  0
 19  9  1  0  0  0  0
M  END
