Lattice="13.03757232 0.0 0.0 0.0 15.17278236 0.0 0.0 0.0 14.07315779" Properties=species:S:1:pos:R:3:GW_charged:R:1:dKS_charged:R:1:dKS_neutral:R:1 pbc="T T T"
 OpenBabel12102409403D
Lattice="13.03757232 0.0 0.0 0.0 15.17278236 0.0 0.0 0.0 14.07315779" Properties=species:S:1:pos:R:3:GW_charged:R:1:dKS_charged:R:1:dKS_neutral:R:1 pbc="T T T"
 18 17  0  0  0  0  0  0  0  0999 V2000
    6.4875   10.2675    6.6699 C   0  0  0  0  0  0  0  0  0  0  0  0
    6.5095    8.8140    6.6736 C   0  0  0  0  0  0  0  0  0  0  0  0
    6.5362    7.6023    6.6891 C   0  0  0  0  0  0  0  0  0  0  0  0
    6.5475    6.1301    6.6767 C   0  0  0  0  0  0  0  0  0  0  0  0
    5.0929    5.5975    6.7895 C   0  0  0  0  0  0  0  0  0  0  0  0
    7.1949    5.6257    5.3580 C   0  0  0  0  0  0  0  0  0  0  0  0
    7.3327    5.6347    7.8200 C   0  0  0  0  0  0  0  0  0  0  0  0
    7.9710    5.1935    8.7486 C   0  0  0  0  0  0  0  0  0  0  0  0
    7.0591   10.6728    7.5172 H   0  0  0  0  0  0  0  0  0  0  0  0
    6.9276   10.6708    5.7466 H   0  0  0  0  0  0  0  0  0  0  0  0
    5.4599   10.6512    6.7462 H   0  0  0  0  0  0  0  0  0  0  0  0
    4.5000    5.9614    5.9408 H   0  0  0  0  0  0  0  0  0  0  0  0
    5.0944    4.5000    6.7848 H   0  0  0  0  0  0  0  0  0  0  0  0
    4.6284    5.9457    7.7189 H   0  0  0  0  0  0  0  0  0  0  0  0
    8.2232    5.9939    5.2708 H   0  0  0  0  0  0  0  0  0  0  0  0
    7.2100    4.5283    5.3441 H   0  0  0  0  0  0  0  0  0  0  0  0
    6.6156    5.9897    4.5000 H   0  0  0  0  0  0  0  0  0  0  0  0
    8.5376    4.8162    9.5732 H   0  0  0  0  0  0  0  0  0  0  0  0
  1  2  1  0  0  0  0
  1 11  1  0  0  0  0
  1  9  1  0  0  0  0
  2  3  3  0  0  0  0
  4  3  1  0  0  0  0
  4  5  1  0  0  0  0
  4  7  1  0  0  0  0
  5 14  1  0  0  0  0
  6  4  1  0  0  0  0
  7  8  3  0  0  0  0
  8 18  1  0  0  0  0
 10  1  1  0  0  0  0
 12  5  1  0  0  0  0
 13  5  1  0  0  0  0
 15  6  1  0  0  0  0
 16  6  1  0  0  0  0
 17  6  1  0  0  0  0
M  END
