Lattice="13.33538772 0.0 0.0 0.0 14.22568755 0.0 0.0 0.0 13.10309209" Properties=species:S:1:pos:R:3:GW_charged:R:1:dKS_charged:R:1:dKS_neutral:R:1 pbc="T T T"
 OpenBabel12102409273D
Lattice="13.33538772 0.0 0.0 0.0 14.22568755 0.0 0.0 0.0 13.10309209" Properties=species:S:1:pos:R:3:GW_charged:R:1:dKS_charged:R:1:dKS_neutral:R:1 pbc="T T T"
 17 17  0  0  1  0  0  0  0  0999 V2000
    6.1376    8.9629    7.6285 C   0  0  0  0  0  0  0  0  0  0  0  0
    7.0672    7.9063    7.8532 O   0  0  0  0  0  0  0  0  0  0  0  0
    7.4182    7.2523    6.6682 C   0  0  1  0  0  0  0  0  0  0  0  0
    7.9993    5.8721    6.8026 C   0  0  0  0  0  0  0  0  0  0  0  0
    6.6284    6.0642    6.1714 C   0  0  1  0  0  0  0  0  0  0  0  0
    5.3945    5.5901    6.8987 C   0  0  0  0  0  0  0  0  0  0  0  0
    6.5547    5.9977    4.7583 O   0  0  0  0  0  0  0  0  0  0  0  0
    6.5564    9.7257    6.9485 H   0  0  0  0  0  0  0  0  0  0  0  0
    5.1928    8.5906    7.1987 H   0  0  0  0  0  0  0  0  0  0  0  0
    5.9373    9.4222    8.6031 H   0  0  0  0  0  0  0  0  0  0  0  0
    7.8339    7.9001    5.8870 H   0  0  0  0  0  0  0  0  0  0  0  0
    8.8354    5.6118    6.1557 H   0  0  0  0  0  0  0  0  0  0  0  0
    8.0313    5.4511    7.8073 H   0  0  0  0  0  0  0  0  0  0  0  0
    5.4499    5.8324    7.9674 H   0  0  0  0  0  0  0  0  0  0  0  0
    4.5000    6.0688    6.4774 H   0  0  0  0  0  0  0  0  0  0  0  0
    5.2763    4.5000    6.8027 H   0  0  0  0  0  0  0  0  0  0  0  0
    6.6143    5.0632    4.5000 H   0  0  0  0  0  0  0  0  0  0  0  0
  1  2  1  0  0  0  0
  1 10  1  0  0  0  0
  3 11  1  6  0  0  0
  3  4  1  0  0  0  0
  3  2  1  0  0  0  0
  4 13  1  0  0  0  0
  5  7  1  6  0  0  0
  5  3  1  0  0  0  0
  5  4  1  0  0  0  0
  5  6  1  0  0  0  0
  6 14  1  0  0  0  0
  8  1  1  0  0  0  0
  9  1  1  0  0  0  0
 12  4  1  0  0  0  0
 15  6  1  0  0  0  0
 16  6  1  0  0  0  0
 17  7  1  0  0  0  0
M  END
