Lattice="13.42442166 0.0 0.0 0.0 12.59024269 0.0 0.0 0.0 12.85377128" Properties=species:S:1:pos:R:3:GW_charged:R:1:dKS_charged:R:1:dKS_neutral:R:1 pbc="T T T"
 OpenBabel12102409263D
Lattice="13.42442166 0.0 0.0 0.0 12.59024269 0.0 0.0 0.0 12.85377128" Properties=species:S:1:pos:R:3:GW_charged:R:1:dKS_charged:R:1:dKS_neutral:R:1 pbc="T T T"
 16 16  0  0  0  0  0  0  0  0999 V2000
    6.1478    7.6280    6.1976 C   0  0  0  0  0  0  0  0  0  0  0  0
    6.2364    6.1065    6.2043 C   0  0  0  0  0  0  0  0  0  0  0  0
    4.9470    5.5184    6.0244 O   0  0  0  0  0  0  0  0  0  0  0  0
    7.3943    5.5449    5.3174 C   0  0  0  0  0  0  0  0  0  0  0  0
    8.2597    5.4147    6.5985 C   0  0  0  0  0  0  0  0  0  0  0  0
    6.9616    5.5220    7.4423 C   0  0  0  0  0  0  0  0  0  0  0  0
    7.1291    8.0902    6.3741 H   0  0  0  0  0  0  0  0  0  0  0  0
    5.7855    7.9927    5.2231 H   0  0  0  0  0  0  0  0  0  0  0  0
    5.4575    7.9742    6.9792 H   0  0  0  0  0  0  0  0  0  0  0  0
    4.5000    5.9816    5.2977 H   0  0  0  0  0  0  0  0  0  0  0  0
    7.1115    4.5638    4.9153 H   0  0  0  0  0  0  0  0  0  0  0  0
    7.7639    6.1792    4.5000 H   0  0  0  0  0  0  0  0  0  0  0  0
    8.8529    4.5000    6.7105 H   0  0  0  0  0  0  0  0  0  0  0  0
    8.9244    6.2763    6.7427 H   0  0  0  0  0  0  0  0  0  0  0  0
    6.9747    6.1338    8.3538 H   0  0  0  0  0  0  0  0  0  0  0  0
    6.5461    4.5344    7.6788 H   0  0  0  0  0  0  0  0  0  0  0  0
  1  2  1  0  0  0  0
  1  7  1  0  0  0  0
  1  9  1  0  0  0  0
  2  6  1  0  0  0  0
  3  2  1  0  0  0  0
  4  2  1  0  0  0  0
  4  5  1  0  0  0  0
  5 13  1  0  0  0  0
  5 14  1  0  0  0  0
  5  6  1  0  0  0  0
  6 16  1  0  0  0  0
  6 15  1  0  0  0  0
  8  1  1  0  0  0  0
 10  3  1  0  0  0  0
 11  4  1  0  0  0  0
 12  4  1  0  0  0  0
M  END
