Lattice="13.330647240000001 0.0 0.0 0.0 13.3849548 0.0 0.0 0.0 14.77367515" Properties=species:S:1:pos:R:3:GW_charged:R:1:dKS_charged:R:1:dKS_neutral:R:1 pbc="T T T"
 OpenBabel12102409393D
Lattice="13.330647240000001 0.0 0.0 0.0 13.3849548 0.0 0.0 0.0 14.77367515" Properties=species:S:1:pos:R:3:GW_charged:R:1:dKS_charged:R:1:dKS_neutral:R:1 pbc="T T T"
 19 19  0  0  1  0  0  0  0  0999 V2000
    5.4353    8.0966    6.1043 C   0  0  0  0  0  0  0  0  0  0  0  0
    6.0901    6.7244    6.1566 C   0  0  1  0  0  0  0  0  0  0  0  0
    7.4953    6.5202    5.5262 C   0  0  0  0  0  0  0  0  0  0  0  0
    7.8381    5.5493    6.6860 C   0  0  0  0  0  0  0  0  0  0  0  0
    6.6470    6.1338    7.4987 C   0  0  1  0  0  0  0  0  0  0  0  0
    7.0564    7.1575    8.5417 C   0  0  0  0  0  0  0  0  0  0  0  0
    7.6841    6.4516    9.6224 O   0  0  0  0  0  0  0  0  0  0  0  0
    6.0943    8.8850    6.4958 H   0  0  0  0  0  0  0  0  0  0  0  0
    5.1886    8.3654    5.0667 H   0  0  0  0  0  0  0  0  0  0  0  0
    4.5000    8.1237    6.6823 H   0  0  0  0  0  0  0  0  0  0  0  0
    5.3982    5.9822    5.7292 H   0  0  0  0  0  0  0  0  0  0  0  0
    7.5385    6.1329    4.5000 H   0  0  0  0  0  0  0  0  0  0  0  0
    8.0944    7.4415    5.5684 H   0  0  0  0  0  0  0  0  0  0  0  0
    7.6689    4.5000    6.4121 H   0  0  0  0  0  0  0  0  0  0  0  0
    8.8306    5.6292    7.1467 H   0  0  0  0  0  0  0  0  0  0  0  0
    5.9971    5.3949    7.9898 H   0  0  0  0  0  0  0  0  0  0  0  0
    7.7541    7.9009    8.1116 H   0  0  0  0  0  0  0  0  0  0  0  0
    6.1660    7.7050    8.9024 H   0  0  0  0  0  0  0  0  0  0  0  0
    7.9844    7.1023   10.2737 H   0  0  0  0  0  0  0  0  0  0  0  0
  1  2  1  0  0  0  0
  1  8  1  0  0  0  0
  1 10  1  0  0  0  0
  2 11  1  6  0  0  0
  2  5  1  0  0  0  0
  3 13  1  0  0  0  0
  3  2  1  0  0  0  0
  3  4  1  0  0  0  0
  4 15  1  0  0  0  0
  4  5  1  0  0  0  0
  5 16  1  1  0  0  0
  5  6  1  0  0  0  0
  6 18  1  0  0  0  0
  6  7  1  0  0  0  0
  7 19  1  0  0  0  0
  9  1  1  0  0  0  0
 12  3  1  0  0  0  0
 14  4  1  0  0  0  0
 17  6  1  0  0  0  0
M  END
