Lattice="13.93619974 0.0 0.0 0.0 16.6302314 0.0 0.0 0.0 13.17144104" Properties=species:S:1:pos:R:3:GW_charged:R:1:dKS_charged:R:1:dKS_neutral:R:1 pbc="T T T"
 OpenBabel12102410113D
Lattice="13.93619974 0.0 0.0 0.0 16.6302314 0.0 0.0 0.0 13.17144104" Properties=species:S:1:pos:R:3:GW_charged:R:1:dKS_charged:R:1:dKS_neutral:R:1 pbc="T T T"
 19 20  0  0  1  0  0  0  0  0999 V2000
    6.2937    5.5625    5.9663 C   0  0  0  0  0  0  0  0  0  0  0  0
    6.2247    6.7648    5.8379 C   0  0  0  0  0  0  0  0  0  0  0  0
    6.1422    8.2093    5.7172 C   0  0  1  0  0  0  0  0  0  0  0  0
    5.5911    8.9073    6.9940 C   0  0  0  0  0  0  0  0  0  0  0  0
    6.1605   10.2128    6.9694 O   0  0  0  0  0  0  0  0  0  0  0  0
    7.5115   10.0060    6.5849 C   0  0  0  0  0  0  0  0  0  0  0  0
    8.4086   11.1922    6.6263 C   0  0  0  0  0  0  0  0  0  0  0  0
    8.5686   10.0851    7.6603 C   0  0  0  0  0  0  0  0  0  0  0  0
    7.5143    8.9290    5.5052 C   0  0  0  0  0  0  0  0  0  0  0  0
    6.3546    4.5000    6.0709 H   0  0  0  0  0  0  0  0  0  0  0  0
    5.4787    8.4551    4.8746 H   0  0  0  0  0  0  0  0  0  0  0  0
    4.5000    9.0079    6.9971 H   0  0  0  0  0  0  0  0  0  0  0  0
    5.9122    8.3512    7.8929 H   0  0  0  0  0  0  0  0  0  0  0  0
    9.1628   11.2929    5.8467 H   0  0  0  0  0  0  0  0  0  0  0  0
    7.9698   12.1302    6.9630 H   0  0  0  0  0  0  0  0  0  0  0  0
    8.2271   10.3005    8.6714 H   0  0  0  0  0  0  0  0  0  0  0  0
    9.4362    9.4292    7.5926 H   0  0  0  0  0  0  0  0  0  0  0  0
    8.3532    8.2331    5.6159 H   0  0  0  0  0  0  0  0  0  0  0  0
    7.5609    9.3674    4.5000 H   0  0  0  0  0  0  0  0  0  0  0  0
  1 10  1  0  0  0  0
  2  1  3  0  0  0  0
  3 11  1  6  0  0  0
  3  2  1  0  0  0  0
  3  4  1  0  0  0  0
  4 12  1  0  0  0  0
  4 13  1  0  0  0  0
  5  4  1  0  0  0  0
  6  7  1  0  0  0  0
  6  5  1  0  0  0  0
  6  8  1  0  0  0  0
  7 15  1  0  0  0  0
  7  8  1  0  0  0  0
  8 16  1  0  0  0  0
  9 18  1  0  0  0  0
  9  3  1  0  0  0  0
  9  6  1  0  0  0  0
 14  7  1  0  0  0  0
 17  8  1  0  0  0  0
 19  9  1  0  0  0  0
M  END
