Lattice="13.68680786 0.0 0.0 0.0 13.92317388 0.0 0.0 0.0 13.007418640000001" Properties=species:S:1:pos:R:3:GW_charged:R:1:dKS_charged:R:1:dKS_neutral:R:1 pbc="T T T"
 OpenBabel12102411053D
Lattice="13.68680786 0.0 0.0 0.0 13.92317388 0.0 0.0 0.0 13.007418640000001" Properties=species:S:1:pos:R:3:GW_charged:R:1:dKS_charged:R:1:dKS_neutral:R:1 pbc="T T T"
 21 22  0  0  1  0  0  0  0  0999 V2000
    5.6354    7.9404    5.6962 C   0  0  0  0  0  0  0  0  0  0  0  0
    7.1562    7.9669    5.4006 C   0  0  1  0  0  0  0  0  0  0  0  0
    8.2371    8.3233    6.4406 C   0  0  0  0  0  0  0  0  0  0  0  0
    8.1548    7.7227    7.8861 C   0  0  0  0  0  0  0  0  0  0  0  0
    7.5894    6.3507    7.7162 C   0  0  0  0  0  3  0  0  0  0  0  0
    6.2607    6.1551    7.7769 C   0  0  0  0  0  3  0  0  0  0  0  0
    5.5666    5.4504    6.6588 C   0  0  0  0  0  0  0  0  0  0  0  0
    5.7195    6.4150    5.4360 C   0  0  2  0  0  0  0  0  0  0  0  0
    7.1147    6.5441    5.0372 O   0  0  0  0  0  0  0  0  0  0  0  0
    5.3158    8.2586    6.6928 H   0  0  0  0  0  0  0  0  0  0  0  0
    5.0470    8.4782    4.9443 H   0  0  0  0  0  0  0  0  0  0  0  0
    7.3965    8.5578    4.5000 H   0  0  0  0  0  0  0  0  0  0  0  0
    9.1868    7.9995    5.9844 H   0  0  0  0  0  0  0  0  0  0  0  0
    8.2926    9.4232    6.5003 H   0  0  0  0  0  0  0  0  0  0  0  0
    9.1584    7.7635    8.3363 H   0  0  0  0  0  0  0  0  0  0  0  0
    7.4825    8.3331    8.5074 H   0  0  0  0  0  0  0  0  0  0  0  0
    8.1998    5.6418    7.1491 H   0  0  0  0  0  0  0  0  0  0  0  0
    5.6624    6.8883    8.3284 H   0  0  0  0  0  0  0  0  0  0  0  0
    6.0447    4.5000    6.3777 H   0  0  0  0  0  0  0  0  0  0  0  0
    4.5000    5.2546    6.8436 H   0  0  0  0  0  0  0  0  0  0  0  0
    5.1124    6.0480    4.5925 H   0  0  0  0  0  0  0  0  0  0  0  0
  1 10  1  0  0  0  0
  2 12  1  6  0  0  0
  2  1  1  0  0  0  0
  2  3  1  0  0  0  0
  3 14  1  0  0  0  0
  3  4  1  0  0  0  0
  4 15  1  0  0  0  0
  4 16  1  0  0  0  0
  5  6  1  0  0  0  0
  5  4  1  0  0  0  0
  6 18  1  0  0  0  0
  7 20  1  0  0  0  0
  7  6  1  0  0  0  0
  8 21  1  6  0  0  0
  8  1  1  0  0  0  0
  8  7  1  0  0  0  0
  9  2  1  0  0  0  0
  9  8  1  0  0  0  0
 11  1  1  0  0  0  0
 13  3  1  0  0  0  0
 17  5  1  0  0  0  0
 19  7  1  0  0  0  0
M  END
