Lattice="14.20866979 0.0 0.0 0.0 16.54765857 0.0 0.0 0.0 12.223283089999999" Properties=species:S:1:pos:R:3:GW_charged:R:1:dKS_charged:R:1:dKS_neutral:R:1 pbc="T T T"
 OpenBabel12102409453D
Lattice="14.20866979 0.0 0.0 0.0 16.54765857 0.0 0.0 0.0 12.223283089999999" Properties=species:S:1:pos:R:3:GW_charged:R:1:dKS_charged:R:1:dKS_neutral:R:1 pbc="T T T"
 19 20  0  0  1  0  0  0  0  0999 V2000
    6.8231    5.5659    5.3213 C   0  0  0  0  0  0  0  0  0  0  0  0
    6.7316    6.7757    5.3834 C   0  0  0  0  0  0  0  0  0  0  0  0
    6.6864    8.1954    5.4488 C   0  0  0  0  0  0  0  0  0  0  0  0
    5.5180    8.8785    5.4440 C   0  0  0  0  0  0  0  0  0  0  0  0
    5.4649   10.3774    5.5228 C   0  0  0  0  0  0  0  0  0  0  0  0
    6.6231   10.9540    6.3553 C   0  0  0  0  0  0  0  0  0  0  0  0
    7.9708   10.3615    5.9561 C   0  0  1  0  0  0  0  0  0  0  0  0
    8.6224    9.3029    6.8169 C   0  0  0  0  0  0  0  0  0  0  0  0
    7.9906    8.9230    5.4943 C   0  0  1  0  0  0  0  0  0  0  0  0
    6.8875    4.5000    5.2688 H   0  0  0  0  0  0  0  0  0  0  0  0
    4.5810    8.3232    5.3822 H   0  0  0  0  0  0  0  0  0  0  0  0
    5.4935   10.7968    4.5000 H   0  0  0  0  0  0  0  0  0  0  0  0
    4.5000   10.6946    5.9442 H   0  0  0  0  0  0  0  0  0  0  0  0
    6.6539   12.0477    6.2526 H   0  0  0  0  0  0  0  0  0  0  0  0
    6.4228   10.7488    7.4177 H   0  0  0  0  0  0  0  0  0  0  0  0
    8.6459   11.0377    5.4316 H   0  0  0  0  0  0  0  0  0  0  0  0
    9.7087    9.2774    6.8896 H   0  0  0  0  0  0  0  0  0  0  0  0
    8.0957    9.0042    7.7233 H   0  0  0  0  0  0  0  0  0  0  0  0
    8.6820    8.6556    4.6938 H   0  0  0  0  0  0  0  0  0  0  0  0
  1  2  3  0  0  0  0
  2  3  1  0  0  0  0
  3  9  1  0  0  0  0
  4  3  2  0  0  0  0
  4  5  1  0  0  0  0
  5 13  1  0  0  0  0
  5  6  1  0  0  0  0
  6 15  1  0  0  0  0
  7 16  1  6  0  0  0
  7  6  1  0  0  0  0
  7  8  1  0  0  0  0
  8 17  1  0  0  0  0
  8 18  1  0  0  0  0
  9 19  1  6  0  0  0
  9  7  1  0  0  0  0
  9  8  1  0  0  0  0
 10  1  1  0  0  0  0
 11  4  1  0  0  0  0
 12  5  1  0  0  0  0
 14  6  1  0  0  0  0
M  END
