Lattice="13.11100618 0.0 0.0 0.0 16.439029830000003 0.0 0.0 0.0 13.0459083" Properties=species:S:1:pos:R:3:GW_charged:R:1:dKS_charged:R:1:dKS_neutral:R:1 pbc="T T T"
 OpenBabel12102409453D
Lattice="13.11100618 0.0 0.0 0.0 16.439029830000003 0.0 0.0 0.0 13.0459083" Properties=species:S:1:pos:R:3:GW_charged:R:1:dKS_charged:R:1:dKS_neutral:R:1 pbc="T T T"
 19 20  0  0  1  0  0  0  0  0999 V2000
    6.7664    5.5670    6.5736 C   0  0  0  0  0  0  0  0  0  0  0  0
    6.6662    6.7781    6.5623 C   0  0  0  0  0  0  0  0  0  0  0  0
    6.6185    8.1942    6.5471 C   0  0  0  0  0  0  0  0  0  0  0  0
    5.4662    8.9024    6.5726 C   0  0  0  0  0  0  0  0  0  0  0  0
    5.5439   10.4048    6.5528 C   0  0  2  0  0  0  0  0  0  0  0  0
    6.5658   10.8296    5.4507 C   0  0  0  0  0  0  0  0  0  0  0  0
    7.6695   10.4780    6.4897 C   0  0  1  0  0  0  0  0  0  0  0  0
    6.6282   10.8544    7.5830 C   0  0  0  0  0  0  0  0  0  0  0  0
    7.9310    8.9656    6.4997 C   0  0  0  0  0  0  0  0  0  0  0  0
    6.8341    4.5000    6.5842 H   0  0  0  0  0  0  0  0  0  0  0  0
    4.5000    8.3988    6.6068 H   0  0  0  0  0  0  0  0  0  0  0  0
    4.5585   10.8833    6.5761 H   0  0  0  0  0  0  0  0  0  0  0  0
    6.5445   10.2807    4.5000 H   0  0  0  0  0  0  0  0  0  0  0  0
    6.5271   11.9100    5.2608 H   0  0  0  0  0  0  0  0  0  0  0  0
    8.6110   11.0417    6.4556 H   0  0  0  0  0  0  0  0  0  0  0  0
    6.6000   11.9390    7.7497 H   0  0  0  0  0  0  0  0  0  0  0  0
    6.6629   10.3279    8.5459 H   0  0  0  0  0  0  0  0  0  0  0  0
    8.5520    8.6842    7.3658 H   0  0  0  0  0  0  0  0  0  0  0  0
    8.5005    8.6637    5.6055 H   0  0  0  0  0  0  0  0  0  0  0  0
  1 10  1  0  0  0  0
  2  1  3  0  0  0  0
  3  2  1  0  0  0  0
  3  4  2  0  0  0  0
  4 11  1  0  0  0  0
  5  4  1  0  0  0  0
  5 12  1  1  0  0  0
  5  8  1  0  0  0  0
  6  7  1  0  0  0  0
  6  5  1  0  0  0  0
  7 15  1  6  0  0  0
  7  9  1  0  0  0  0
  7  8  1  0  0  0  0
  8 16  1  0  0  0  0
  8 17  1  0  0  0  0
  9  3  1  0  0  0  0
  9 18  1  0  0  0  0
 13  6  1  0  0  0  0
 14  6  1  0  0  0  0
 19  9  1  0  0  0  0
M  END
