Lattice="14.699160769999999 0.0 0.0 0.0 14.32563186 0.0 0.0 0.0 12.39911468" Properties=species:S:1:pos:R:3:GW_charged:R:1:dKS_charged:R:1:dKS_neutral:R:1 pbc="T T T"
 OpenBabel12102409263D
Lattice="14.699160769999999 0.0 0.0 0.0 14.32563186 0.0 0.0 0.0 12.39911468" Properties=species:S:1:pos:R:3:GW_charged:R:1:dKS_charged:R:1:dKS_neutral:R:1 pbc="T T T"
 19 18  0  0  1  0  0  0  0  0999 V2000
    9.1809    9.4052    5.5735 C   0  0  0  0  0  0  0  0  0  0  0  0
    9.2176    7.8912    5.6415 C   0  0  0  0  0  0  0  0  0  0  0  0
    7.8847    7.4051    5.7638 O   0  0  0  0  0  0  0  0  0  0  0  0
    7.8081    5.9845    5.8014 C   0  0  0  0  0  0  0  0  0  0  0  0
    6.3311    5.5962    5.7514 C   0  0  1  0  0  0  0  0  0  0  0  0
    5.5562    6.0288    6.9975 C   0  0  0  0  0  0  0  0  0  0  0  0
    5.7340    6.1083    4.5538 O   0  0  0  0  0  0  0  0  0  0  0  0
   10.1992    9.8062    5.4821 H   0  0  0  0  0  0  0  0  0  0  0  0
    8.5996    9.7433    4.7056 H   0  0  0  0  0  0  0  0  0  0  0  0
    8.7252    9.8256    6.4793 H   0  0  0  0  0  0  0  0  0  0  0  0
    9.6863    7.4663    4.7325 H   0  0  0  0  0  0  0  0  0  0  0  0
    9.8184    7.5519    6.5077 H   0  0  0  0  0  0  0  0  0  0  0  0
    8.3324    5.5544    4.9272 H   0  0  0  0  0  0  0  0  0  0  0  0
    8.2864    5.5916    6.7199 H   0  0  0  0  0  0  0  0  0  0  0  0
    6.2813    4.5000    5.6544 H   0  0  0  0  0  0  0  0  0  0  0  0
    5.6199    7.1157    7.1407 H   0  0  0  0  0  0  0  0  0  0  0  0
    4.5000    5.7521    6.8930 H   0  0  0  0  0  0  0  0  0  0  0  0
    5.9550    5.5413    7.8991 H   0  0  0  0  0  0  0  0  0  0  0  0
    6.0060    7.0410    4.5000 H   0  0  0  0  0  0  0  0  0  0  0  0
  1  2  1  0  0  0  0
  1 10  1  0  0  0  0
  2  3  1  0  0  0  0
  2 12  1  0  0  0  0
  3  4  1  0  0  0  0
  4 14  1  0  0  0  0
  5 15  1  6  0  0  0
  5  4  1  0  0  0  0
  5  6  1  0  0  0  0
  6 16  1  0  0  0  0
  6 18  1  0  0  0  0
  7  5  1  0  0  0  0
  8  1  1  0  0  0  0
  9  1  1  0  0  0  0
 11  2  1  0  0  0  0
 13  4  1  0  0  0  0
 17  6  1  0  0  0  0
 19  7  1  0  0  0  0
M  END
