Lattice="13.60878765 0.0 0.0 0.0 13.50631109 0.0 0.0 0.0 13.66226314" Properties=species:S:1:pos:R:3:GW_charged:R:1:dKS_charged:R:1:dKS_neutral:R:1 pbc="T T T"
 OpenBabel12102411063D
Lattice="13.60878765 0.0 0.0 0.0 13.50631109 0.0 0.0 0.0 13.66226314" Properties=species:S:1:pos:R:3:GW_charged:R:1:dKS_charged:R:1:dKS_neutral:R:1 pbc="T T T"
 23 25  0  0  1  0  0  0  0  0999 V2000
    5.3263    8.2566    6.4112 C   0  0  0  0  0  0  0  0  0  0  0  0
    6.8699    8.1978    6.2883 C   0  0  1  0  0  0  0  0  0  0  0  0
    7.4916    7.9395    7.6748 C   0  0  0  0  0  0  0  0  0  0  0  0
    7.1729    6.4883    8.0947 C   0  0  2  0  0  0  0  0  0  0  0  0
    8.0471    5.5411    7.2529 C   0  0  0  0  0  0  0  0  0  0  0  0
    7.7426    5.7500    5.7458 C   0  0  0  0  0  0  0  0  0  0  0  0
    6.6758    6.8246    5.5624 C   0  0  1  0  0  0  0  0  0  0  0  0
    5.3513    6.7073    6.3884 C   0  0  1  0  0  0  0  0  0  0  0  0
    5.6918    6.1730    7.7936 C   0  0  0  0  0  0  0  0  0  0  0  0
    4.9026    8.7480    7.3004 H   0  0  0  0  0  0  0  0  0  0  0  0
    4.8575    8.6736    5.5094 H   0  0  0  0  0  0  0  0  0  0  0  0
    7.3783    9.0063    5.7454 H   0  0  0  0  0  0  0  0  0  0  0  0
    8.5837    8.0796    7.6482 H   0  0  0  0  0  0  0  0  0  0  0  0
    7.0969    8.6667    8.4024 H   0  0  0  0  0  0  0  0  0  0  0  0
    7.3909    6.3379    9.1623 H   0  0  0  0  0  0  0  0  0  0  0  0
    9.1088    5.7339    7.4666 H   0  0  0  0  0  0  0  0  0  0  0  0
    7.8517    4.5000    7.5495 H   0  0  0  0  0  0  0  0  0  0  0  0
    8.6523    6.0417    5.1996 H   0  0  0  0  0  0  0  0  0  0  0  0
    7.4001    4.8127    5.2822 H   0  0  0  0  0  0  0  0  0  0  0  0
    6.4465    6.9868    4.5000 H   0  0  0  0  0  0  0  0  0  0  0  0
    4.5000    6.1812    5.9353 H   0  0  0  0  0  0  0  0  0  0  0  0
    5.5323    5.0846    7.8496 H   0  0  0  0  0  0  0  0  0  0  0  0
    5.0216    6.6299    8.5393 H   0  0  0  0  0  0  0  0  0  0  0  0
  1 10  1  0  0  0  0
  2 12  1  6  0  0  0
  2  1  1  0  0  0  0
  2  3  1  0  0  0  0
  3  4  1  0  0  0  0
  3 14  1  0  0  0  0
  4 15  1  1  0  0  0
  5 16  1  0  0  0  0
  5 17  1  0  0  0  0
  5  4  1  0  0  0  0
  6  5  1  0  0  0  0
  7 20  1  6  0  0  0
  7  6  1  0  0  0  0
  7  2  1  0  0  0  0
  7  8  1  0  0  0  0
  8 21  1  6  0  0  0
  8  1  1  0  0  0  0
  8  9  1  0  0  0  0
  9 22  1  0  0  0  0
  9  4  1  0  0  0  0
  9 23  1  0  0  0  0
 11  1  1  0  0  0  0
 13  3  1  0  0  0  0
 18  6  1  0  0  0  0
 19  6  1  0  0  0  0
M  END
