Lattice="13.03002876 0.0 0.0 0.0 13.710367609999999 0.0 0.0 0.0 13.03404738" Properties=species:S:1:pos:R:3:GW_charged:R:1:dKS_charged:R:1:dKS_neutral:R:1 pbc="T T T"
 OpenBabel12102409263D
Lattice="13.03002876 0.0 0.0 0.0 13.710367609999999 0.0 0.0 0.0 13.03404738" Properties=species:S:1:pos:R:3:GW_charged:R:1:dKS_charged:R:1:dKS_neutral:R:1 pbc="T T T"
 16 17  0  0  1  0  0  0  0  0999 V2000
    5.3027    8.6592    6.3422 C   0  0  0  0  0  0  0  0  0  0  0  0
    5.4759    7.1511    6.3692 C   0  0  1  0  0  0  0  0  0  0  0  0
    6.6279    6.4340    5.5869 C   0  0  1  0  0  0  0  0  0  0  0  0
    7.6222    6.9269    6.6792 C   0  0  0  0  0  0  0  0  0  0  0  0
    6.3594    6.4364    7.4471 C   0  0  2  0  0  0  0  0  0  0  0  0
    6.3673    5.2023    6.5004 C   0  0  0  0  0  0  0  0  0  0  0  0
    6.2422    9.2104    6.4771 H   0  0  0  0  0  0  0  0  0  0  0  0
    4.8672    8.9788    5.3844 H   0  0  0  0  0  0  0  0  0  0  0  0
    4.6144    8.9810    7.1371 H   0  0  0  0  0  0  0  0  0  0  0  0
    4.5000    6.6572    6.2289 H   0  0  0  0  0  0  0  0  0  0  0  0
    6.7850    6.4299    4.5000 H   0  0  0  0  0  0  0  0  0  0  0  0
    8.5300    6.3228    6.8111 H   0  0  0  0  0  0  0  0  0  0  0  0
    7.8560    7.9972    6.7116 H   0  0  0  0  0  0  0  0  0  0  0  0
    6.2027    6.4352    8.5340 H   0  0  0  0  0  0  0  0  0  0  0  0
    5.4088    4.6822    6.3627 H   0  0  0  0  0  0  0  0  0  0  0  0
    7.2028    4.5000    6.6219 H   0  0  0  0  0  0  0  0  0  0  0  0
  1  2  1  0  0  0  0
  1  7  1  0  0  0  0
  1  9  1  0  0  0  0
  2 10  1  6  0  0  0
  2  5  1  0  0  0  0
  3 11  1  6  0  0  0
  3  2  1  0  0  0  0
  3  6  1  0  0  0  0
  3  4  1  0  0  0  0
  4 13  1  0  0  0  0
  4 12  1  0  0  0  0
  4  5  1  0  0  0  0
  5 14  1  1  0  0  0
  6 16  1  0  0  0  0
  6  5  1  0  0  0  0
  8  1  1  0  0  0  0
 15  6  1  0  0  0  0
M  END
