Lattice="14.553295349999999 0.0 0.0 0.0 12.76342632 0.0 0.0 0.0 12.985398629999999" Properties=species:S:1:pos:R:3:GW_charged:R:1:dKS_charged:R:1:dKS_neutral:R:1 pbc="T T T"
 OpenBabel12102409373D
Lattice="14.553295349999999 0.0 0.0 0.0 12.76342632 0.0 0.0 0.0 12.985398629999999" Properties=species:S:1:pos:R:3:GW_charged:R:1:dKS_charged:R:1:dKS_neutral:R:1 pbc="T T T"
 19 20  0  0  1  0  0  0  0  0999 V2000
    6.5402    7.7790    6.1251 C   0  0  0  0  0  0  0  0  0  0  0  0
    6.6329    6.2654    6.1146 C   0  0  0  0  0  0  0  0  0  0  0  0
    5.3965    5.5949    5.5396 C   0  0  0  0  0  0  0  0  0  0  0  0
    7.9147    5.5221    5.8147 C   0  0  1  0  0  0  0  0  0  0  0  0
    9.1543    6.2210    6.3835 C   0  0  0  0  0  0  0  0  0  0  0  0
    8.5180    6.1720    7.8085 C   0  0  0  0  0  0  0  0  0  0  0  0
    7.2849    5.4737    7.2253 C   0  0  1  0  0  0  0  0  0  0  0  0
    7.4323    8.2634    6.5404 H   0  0  0  0  0  0  0  0  0  0  0  0
    6.4026    8.1641    5.1036 H   0  0  0  0  0  0  0  0  0  0  0  0
    5.6782    8.1085    6.7243 H   0  0  0  0  0  0  0  0  0  0  0  0
    5.2240    5.9115    4.5000 H   0  0  0  0  0  0  0  0  0  0  0  0
    5.4912    4.5000    5.5442 H   0  0  0  0  0  0  0  0  0  0  0  0
    4.5000    5.8557    6.1218 H   0  0  0  0  0  0  0  0  0  0  0  0
    7.9360    4.7400    5.0552 H   0  0  0  0  0  0  0  0  0  0  0  0
   10.0533    5.5966    6.3176 H   0  0  0  0  0  0  0  0  0  0  0  0
    9.3954    7.2111    5.9685 H   0  0  0  0  0  0  0  0  0  0  0  0
    9.0854    5.5221    8.4854 H   0  0  0  0  0  0  0  0  0  0  0  0
    8.3451    7.1303    8.3208 H   0  0  0  0  0  0  0  0  0  0  0  0
    6.7541    4.6492    7.7022 H   0  0  0  0  0  0  0  0  0  0  0  0
  1  8  1  0  0  0  0
  1 10  1  0  0  0  0
  2  1  1  0  0  0  0
  2  7  1  0  0  0  0
  3 12  1  0  0  0  0
  3  2  1  0  0  0  0
  3 13  1  0  0  0  0
  4 14  1  6  0  0  0
  4  2  1  0  0  0  0
  4  5  1  0  0  0  0
  4  7  1  0  0  0  0
  5  6  1  0  0  0  0
  6 18  1  0  0  0  0
  6 17  1  0  0  0  0
  7 19  1  1  0  0  0
  7  6  1  0  0  0  0
  9  1  1  0  0  0  0
 11  3  1  0  0  0  0
 15  5  1  0  0  0  0
 16  5  1  0  0  0  0
M  END
