Lattice="13.08260827 0.0 0.0 0.0 14.65738595 0.0 0.0 0.0 12.35001609" Properties=species:S:1:pos:R:3:GW_charged:R:1:dKS_charged:R:1:dKS_neutral:R:1 pbc="T T T"
 OpenBabel12102409273D
Lattice="13.08260827 0.0 0.0 0.0 14.65738595 0.0 0.0 0.0 12.35001609" Properties=species:S:1:pos:R:3:GW_charged:R:1:dKS_charged:R:1:dKS_neutral:R:1 pbc="T T T"
 17 16  0  0  1  0  0  0  0  0999 V2000
    7.6002    9.7079    5.9232 C   0  0  0  0  0  0  0  0  0  0  0  0
    7.6557    8.2045    6.1109 C   0  0  0  0  0  0  0  0  0  0  0  0
    6.3612    7.6689    5.8365 O   0  0  0  0  0  0  0  0  0  0  0  0
    6.3051    6.2491    5.7977 C   0  0  1  0  0  0  0  0  0  0  0  0
    6.3917    5.5686    7.1632 C   0  0  0  0  0  0  0  0  0  0  0  0
    5.0119    5.9063    5.0620 C   0  0  0  0  0  0  0  0  0  0  0  0
    4.5000    4.8093    5.0554 O   0  0  0  0  0  0  0  0  0  0  0  0
    8.5826   10.1526    6.1308 H   0  0  0  0  0  0  0  0  0  0  0  0
    7.3137    9.9633    4.8949 H   0  0  0  0  0  0  0  0  0  0  0  0
    6.8683   10.1574    6.6068 H   0  0  0  0  0  0  0  0  0  0  0  0
    8.3943    7.7470    5.4237 H   0  0  0  0  0  0  0  0  0  0  0  0
    7.9676    7.9567    7.1417 H   0  0  0  0  0  0  0  0  0  0  0  0
    7.1232    5.8658    5.1461 H   0  0  0  0  0  0  0  0  0  0  0  0
    6.1694    4.5000    7.0511 H   0  0  0  0  0  0  0  0  0  0  0  0
    7.3912    5.6705    7.6029 H   0  0  0  0  0  0  0  0  0  0  0  0
    5.6562    6.0075    7.8500 H   0  0  0  0  0  0  0  0  0  0  0  0
    4.5767    6.7705    4.5000 H   0  0  0  0  0  0  0  0  0  0  0  0
  1  2  1  0  0  0  0
  1  8  1  0  0  0  0
  1 10  1  0  0  0  0
  2 12  1  0  0  0  0
  3  2  1  0  0  0  0
  4 13  1  6  0  0  0
  4  3  1  0  0  0  0
  4  5  1  0  0  0  0
  5 15  1  0  0  0  0
  5 16  1  0  0  0  0
  6  4  1  0  0  0  0
  7  6  2  0  0  0  0
  9  1  1  0  0  0  0
 11  2  1  0  0  0  0
 14  5  1  0  0  0  0
 17  6  1  0  0  0  0
M  END
