Lattice="13.369020469999999 0.0 0.0 0.0 13.34165249 0.0 0.0 0.0 14.1479187" Properties=species:S:1:pos:R:3:GW_charged:R:1:dKS_charged:R:1:dKS_neutral:R:1 pbc="T T T"
 OpenBabel12102409393D
Lattice="13.369020469999999 0.0 0.0 0.0 13.34165249 0.0 0.0 0.0 14.1479187" Properties=species:S:1:pos:R:3:GW_charged:R:1:dKS_charged:R:1:dKS_neutral:R:1 pbc="T T T"
 17 17  0  0  1  0  0  0  0  0999 V2000
    5.3745    8.0519    6.2907 C   0  0  0  0  0  0  0  0  0  0  0  0
    6.0592    6.6965    6.2375 C   0  0  1  0  0  0  0  0  0  0  0  0
    7.4362    6.5427    5.5386 C   0  0  0  0  0  0  0  0  0  0  0  0
    7.8533    5.5450    6.6466 C   0  0  0  0  0  0  0  0  0  0  0  0
    6.6882    6.0635    7.5453 C   0  0  1  0  0  0  0  0  0  0  0  0
    7.1245    7.0919    8.5463 C   0  0  0  0  0  0  0  0  0  0  0  0
    6.6330    7.2361    9.6479 O   0  0  0  0  0  0  0  0  0  0  0  0
    6.0484    8.8417    6.6515 H   0  0  0  0  0  0  0  0  0  0  0  0
    5.0274    8.3462    5.2898 H   0  0  0  0  0  0  0  0  0  0  0  0
    4.5000    8.0323    6.9561 H   0  0  0  0  0  0  0  0  0  0  0  0
    5.3613    5.9486    5.8323 H   0  0  0  0  0  0  0  0  0  0  0  0
    7.4406    6.1889    4.5000 H   0  0  0  0  0  0  0  0  0  0  0  0
    8.0173    7.4748    5.5861 H   0  0  0  0  0  0  0  0  0  0  0  0
    7.6879    4.5000    6.3578 H   0  0  0  0  0  0  0  0  0  0  0  0
    8.8690    5.6338    7.0545 H   0  0  0  0  0  0  0  0  0  0  0  0
    6.0633    5.3230    8.0595 H   0  0  0  0  0  0  0  0  0  0  0  0
    7.9657    7.7606    8.2183 H   0  0  0  0  0  0  0  0  0  0  0  0
  1  8  1  0  0  0  0
  1 10  1  0  0  0  0
  2 11  1  6  0  0  0
  2  1  1  0  0  0  0
  2  5  1  0  0  0  0
  3 13  1  0  0  0  0
  3  2  1  0  0  0  0
  3  4  1  0  0  0  0
  4 15  1  0  0  0  0
  4  5  1  0  0  0  0
  5 16  1  1  0  0  0
  5  6  1  0  0  0  0
  6  7  2  0  0  0  0
  9  1  1  0  0  0  0
 12  3  1  0  0  0  0
 14  4  1  0  0  0  0
 17  6  1  0  0  0  0
M  END
