Lattice="15.06574813 0.0 0.0 0.0 12.59031054 0.0 0.0 0.0 12.10717696" Properties=species:S:1:pos:R:3:GW_charged:R:1:dKS_charged:R:1:dKS_neutral:R:1 pbc="T T T"
 OpenBabel12102409263D
Lattice="15.06574813 0.0 0.0 0.0 12.59031054 0.0 0.0 0.0 12.10717696" Properties=species:S:1:pos:R:3:GW_charged:R:1:dKS_charged:R:1:dKS_neutral:R:1 pbc="T T T"
 14 13  0  0  1  0  0  0  0  0999 V2000
    7.9719    7.6794    5.4118 C   0  0  0  0  0  0  0  0  0  0  0  0
    7.9774    6.1402    5.4615 C   0  0  1  0  0  0  0  0  0  0  0  0
    8.7300    5.6001    6.6898 C   0  0  0  0  0  0  0  0  0  0  0  0
   10.0934    6.0175    6.5848 O   0  0  0  0  0  0  0  0  0  0  0  0
    6.6235    5.5944    5.4414 C   0  0  0  0  0  0  0  0  0  0  0  0
    5.4954    5.1545    5.4531 C   0  0  0  0  0  0  0  0  0  0  0  0
    9.0005    8.0580    5.4283 H   0  0  0  0  0  0  0  0  0  0  0  0
    7.4770    8.0347    4.5000 H   0  0  0  0  0  0  0  0  0  0  0  0
    7.4311    8.0903    6.2750 H   0  0  0  0  0  0  0  0  0  0  0  0
    8.5134    5.7633    4.5726 H   0  0  0  0  0  0  0  0  0  0  0  0
    8.2577    5.9957    7.6072 H   0  0  0  0  0  0  0  0  0  0  0  0
    8.6493    4.5000    6.7084 H   0  0  0  0  0  0  0  0  0  0  0  0
   10.5657    5.7109    7.3722 H   0  0  0  0  0  0  0  0  0  0  0  0
    4.5000    4.7638    5.4494 H   0  0  0  0  0  0  0  0  0  0  0  0
  1  7  1  0  0  0  0
  1  2  1  0  0  0  0
  1  9  1  0  0  0  0
  2 10  1  6  0  0  0
  2  3  1  0  0  0  0
  3 12  1  0  0  0  0
  3 11  1  0  0  0  0
  4  3  1  0  0  0  0
  4 13  1  0  0  0  0
  5  6  3  0  0  0  0
  5  2  1  0  0  0  0
  8  1  1  0  0  0  0
 14  6  1  0  0  0  0
M  END
