Lattice="12.29565847 0.0 0.0 0.0 14.74373466 0.0 0.0 0.0 12.8301463" Properties=species:S:1:pos:R:3:GW_charged:R:1:dKS_charged:R:1:dKS_neutral:R:1 pbc="T T T"
 OpenBabel12102409383D
Lattice="12.29565847 0.0 0.0 0.0 14.74373466 0.0 0.0 0.0 12.8301463" Properties=species:S:1:pos:R:3:GW_charged:R:1:dKS_charged:R:1:dKS_neutral:R:1 pbc="T T T"
 17 18  0  0  1  0  0  0  0  0999 V2000
    5.6332    9.6875    6.6757 C   0  0  0  0  0  0  0  0  0  0  0  0
    5.6873    8.2040    6.3755 C   0  0  1  0  0  0  0  0  0  0  0  0
    6.8473    7.6375    5.5078 C   0  0  1  0  0  0  0  0  0  0  0  0
    7.7957    7.9145    6.6305 O   0  0  0  0  0  0  0  0  0  0  0  0
    6.5882    7.2774    7.2411 C   0  0  2  0  0  0  0  0  0  0  0  0
    6.6322    6.2172    6.1040 C   0  0  1  0  0  0  0  0  0  0  0  0
    5.4647    5.3160    5.7423 C   0  0  0  0  0  0  0  0  0  0  0  0
    6.6310   10.0792    6.9061 H   0  0  0  0  0  0  0  0  0  0  0  0
    5.2307   10.2437    5.8171 H   0  0  0  0  0  0  0  0  0  0  0  0
    4.9744    9.8873    7.5327 H   0  0  0  0  0  0  0  0  0  0  0  0
    4.6938    7.7962    6.1423 H   0  0  0  0  0  0  0  0  0  0  0  0
    7.1703    7.9312    4.5000 H   0  0  0  0  0  0  0  0  0  0  0  0
    6.5978    7.1355    8.3301 H   0  0  0  0  0  0  0  0  0  0  0  0
    7.5816    5.6648    6.1312 H   0  0  0  0  0  0  0  0  0  0  0  0
    4.5000    5.8371    5.7056 H   0  0  0  0  0  0  0  0  0  0  0  0
    5.6304    4.8553    4.7582 H   0  0  0  0  0  0  0  0  0  0  0  0
    5.3734    4.5000    6.4730 H   0  0  0  0  0  0  0  0  0  0  0  0
  1  8  1  0  0  0  0
  1 10  1  0  0  0  0
  2 11  1  6  0  0  0
  2  1  1  0  0  0  0
  2  5  1  0  0  0  0
  3 12  1  6  0  0  0
  3  6  1  0  0  0  0
  3  2  1  0  0  0  0
  3  4  1  0  0  0  0
  4  5  1  0  0  0  0
  5 13  1  1  0  0  0
  6 14  1  1  0  0  0
  6  5  1  0  0  0  0
  7  6  1  0  0  0  0
  7 17  1  0  0  0  0
  9  1  1  0  0  0  0
 15  7  1  0  0  0  0
 16  7  1  0  0  0  0
M  END
