Lattice="14.603689639999999 0.0 0.0 0.0 16.796656849999998 0.0 0.0 0.0 13.59312995" Properties=species:S:1:pos:R:3:GW_charged:R:1:dKS_charged:R:1:dKS_neutral:R:1 pbc="T T T"
 OpenBabel12102411073D
Lattice="14.603689639999999 0.0 0.0 0.0 16.796656849999998 0.0 0.0 0.0 13.59312995" Properties=species:S:1:pos:R:3:GW_charged:R:1:dKS_charged:R:1:dKS_neutral:R:1 pbc="T T T"
 23 23  0  0  0  0  0  0  0  0999 V2000
    5.0271    4.5000    8.0258 O   0  0  0  0  0  0  0  0  0  0  0  0
    5.3039    5.6625    8.2348 C   0  0  0  0  0  0  0  0  0  0  0  0
    6.6781    6.2660    8.1085 C   0  0  0  0  0  0  0  0  0  0  0  0
    6.7072    7.3897    7.0569 C   0  0  0  0  0  0  0  0  0  0  0  0
    8.0584    8.1081    6.9839 C   0  0  0  0  0  0  0  0  0  0  0  0
    8.0887    9.2225    5.9490 C   0  0  0  0  0  0  0  0  0  0  0  0
    7.2347   10.5044    6.1763 C   0  0  0  0  0  0  0  0  0  0  0  0
    8.3985   11.3360    5.5769 C   0  0  0  0  0  0  0  0  0  0  0  0
    9.3423   10.1365    5.8535 C   0  0  0  0  0  0  0  0  0  0  0  0
    4.5000    6.3892    8.5314 H   0  0  0  0  0  0  0  0  0  0  0  0
    6.9452    6.6905    9.0931 H   0  0  0  0  0  0  0  0  0  0  0  0
    7.3981    5.4711    7.8709 H   0  0  0  0  0  0  0  0  0  0  0  0
    6.4616    6.9648    6.0703 H   0  0  0  0  0  0  0  0  0  0  0  0
    5.9153    8.1235    7.2813 H   0  0  0  0  0  0  0  0  0  0  0  0
    8.3019    8.5287    7.9754 H   0  0  0  0  0  0  0  0  0  0  0  0
    8.8534    7.3770    6.7584 H   0  0  0  0  0  0  0  0  0  0  0  0
    7.8634    8.8079    4.9523 H   0  0  0  0  0  0  0  0  0  0  0  0
    6.2509   10.5652    5.6939 H   0  0  0  0  0  0  0  0  0  0  0  0
    7.1088   10.7057    7.2511 H   0  0  0  0  0  0  0  0  0  0  0  0
    8.2624   11.5034    4.5000 H   0  0  0  0  0  0  0  0  0  0  0  0
    8.6380   12.2967    6.0491 H   0  0  0  0  0  0  0  0  0  0  0  0
    9.8356   10.2302    6.8324 H   0  0  0  0  0  0  0  0  0  0  0  0
   10.1037    9.8887    5.1029 H   0  0  0  0  0  0  0  0  0  0  0  0
  1  2  2  0  0  0  0
  2 10  1  0  0  0  0
  3  2  1  0  0  0  0
  3 11  1  0  0  0  0
  4 14  1  0  0  0  0
  4  3  1  0  0  0  0
  5  4  1  0  0  0  0
  5 15  1  0  0  0  0
  6  7  1  0  0  0  0
  6  5  1  0  0  0  0
  7 19  1  0  0  0  0
  8  9  1  0  0  0  0
  8 21  1  0  0  0  0
  8  7  1  0  0  0  0
  9  6  1  0  0  0  0
  9 22  1  0  0  0  0
 12  3  1  0  0  0  0
 13  4  1  0  0  0  0
 16  5  1  0  0  0  0
 17  6  1  0  0  0  0
 18  7  1  0  0  0  0
 20  8  1  0  0  0  0
 23  9  1  0  0  0  0
M  END
