Lattice="14.22919077 0.0 0.0 0.0 12.74385939 0.0 0.0 0.0 13.28295143" Properties=species:S:1:pos:R:3:GW_charged:R:1:dKS_charged:R:1:dKS_neutral:R:1 pbc="T T T"
 OpenBabel12102409423D
Lattice="14.22919077 0.0 0.0 0.0 12.74385939 0.0 0.0 0.0 13.28295143" Properties=species:S:1:pos:R:3:GW_charged:R:1:dKS_charged:R:1:dKS_neutral:R:1 pbc="T T T"
 18 18  0  0  1  0  0  0  0  0999 V2000
    6.4701    7.7687    6.2552 C   0  0  0  0  0  0  0  0  0  0  0  0
    6.5824    6.2489    6.1491 C   0  0  0  0  0  0  0  0  0  0  0  0
    5.2455    5.5937    5.8268 C   0  0  0  0  0  0  0  0  0  0  0  0
    7.8068    5.8203    5.2649 C   0  0  0  0  0  0  0  0  0  0  0  0
    8.6081    5.7827    6.5670 C   0  0  0  0  0  0  0  0  0  0  0  0
    9.7292    6.1225    6.8715 O   0  0  0  0  0  0  0  0  0  0  0  0
    7.3451    5.6335    7.4086 C   0  0  1  0  0  0  0  0  0  0  0  0
    7.2841    6.2093    8.6814 O   0  0  0  0  0  0  0  0  0  0  0  0
    7.4413    8.2439    6.4568 H   0  0  0  0  0  0  0  0  0  0  0  0
    6.0833    8.1915    5.3174 H   0  0  0  0  0  0  0  0  0  0  0  0
    5.7876    8.0520    7.0674 H   0  0  0  0  0  0  0  0  0  0  0  0
    4.8515    5.9511    4.8642 H   0  0  0  0  0  0  0  0  0  0  0  0
    5.3391    4.5000    5.7660 H   0  0  0  0  0  0  0  0  0  0  0  0
    4.5000    5.8264    6.6007 H   0  0  0  0  0  0  0  0  0  0  0  0
    7.6805    4.8235    4.8190 H   0  0  0  0  0  0  0  0  0  0  0  0
    8.1638    6.5201    4.5000 H   0  0  0  0  0  0  0  0  0  0  0  0
    7.0556    4.5706    7.4834 H   0  0  0  0  0  0  0  0  0  0  0  0
    8.0643    6.7813    8.7830 H   0  0  0  0  0  0  0  0  0  0  0  0
  1  9  1  0  0  0  0
  1 11  1  0  0  0  0
  2  1  1  0  0  0  0
  2  7  1  0  0  0  0
  3  2  1  0  0  0  0
  3 14  1  0  0  0  0
  4  2  1  0  0  0  0
  4  5  1  0  0  0  0
  5  6  2  0  0  0  0
  5  7  1  0  0  0  0
  7 17  1  1  0  0  0
  7  8  1  0  0  0  0
  8 18  1  0  0  0  0
 10  1  1  0  0  0  0
 12  3  1  0  0  0  0
 13  3  1  0  0  0  0
 15  4  1  0  0  0  0
 16  4  1  0  0  0  0
M  END
