Lattice="13.218967020000001 0.0 0.0 0.0 13.97673512 0.0 0.0 0.0 13.61577171" Properties=species:S:1:pos:R:3:GW_charged:R:1:dKS_charged:R:1:dKS_neutral:R:1 pbc="T T T"
 OpenBabel12102411063D
Lattice="13.218967020000001 0.0 0.0 0.0 13.97673512 0.0 0.0 0.0 13.61577171" Properties=species:S:1:pos:R:3:GW_charged:R:1:dKS_charged:R:1:dKS_neutral:R:1 pbc="T T T"
 23 25  0  0  1  0  0  0  0  0999 V2000
    5.3881    8.1057    6.6090 C   0  0  0  0  0  0  0  0  0  0  0  0
    6.8957    8.4116    6.6161 C   0  0  2  0  0  0  0  0  0  0  0  0
    7.3374    7.5215    5.4417 C   0  0  0  0  0  0  0  0  0  0  0  0
    6.7305    6.1651    5.8653 C   0  0  1  0  0  0  0  0  0  0  0  0
    7.6556    5.5691    6.9501 C   0  0  0  0  0  0  0  0  0  0  0  0
    7.2248    6.3917    8.1766 C   0  0  2  0  0  0  0  0  0  0  0  0
    5.7062    6.1533    8.1173 C   0  0  0  0  0  0  0  0  0  0  0  0
    5.4083    6.5614    6.6571 C   0  0  1  0  0  0  0  0  0  0  0  0
    7.5299    7.8939    7.9344 C   0  0  0  0  0  0  0  0  0  0  0  0
    4.8394    8.5401    7.4567 H   0  0  0  0  0  0  0  0  0  0  0  0
    4.9276    8.4852    5.6842 H   0  0  0  0  0  0  0  0  0  0  0  0
    7.1274    9.4767    6.4700 H   0  0  0  0  0  0  0  0  0  0  0  0
    6.9053    7.8925    4.5000 H   0  0  0  0  0  0  0  0  0  0  0  0
    8.4272    7.4650    5.3085 H   0  0  0  0  0  0  0  0  0  0  0  0
    6.5500    5.4856    5.0238 H   0  0  0  0  0  0  0  0  0  0  0  0
    7.4580    4.5000    7.1209 H   0  0  0  0  0  0  0  0  0  0  0  0
    8.7190    5.6742    6.6920 H   0  0  0  0  0  0  0  0  0  0  0  0
    7.6853    6.0520    9.1158 H   0  0  0  0  0  0  0  0  0  0  0  0
    5.4803    5.0926    8.3052 H   0  0  0  0  0  0  0  0  0  0  0  0
    5.1312    6.7493    8.8402 H   0  0  0  0  0  0  0  0  0  0  0  0
    4.5000    6.0999    6.2513 H   0  0  0  0  0  0  0  0  0  0  0  0
    8.6205    8.0476    7.9034 H   0  0  0  0  0  0  0  0  0  0  0  0
    7.1525    8.4875    8.7824 H   0  0  0  0  0  0  0  0  0  0  0  0
  1  2  1  0  0  0  0
  1  8  1  0  0  0  0
  1 10  1  0  0  0  0
  2 12  1  6  0  0  0
  2  9  1  0  0  0  0
  3  4  1  0  0  0  0
  3  2  1  0  0  0  0
  4 15  1  6  0  0  0
  4  8  1  0  0  0  0
  4  5  1  0  0  0  0
  5 16  1  0  0  0  0
  5  6  1  0  0  0  0
  6 18  1  1  0  0  0
  7  6  1  0  0  0  0
  7 19  1  0  0  0  0
  7 20  1  0  0  0  0
  8 21  1  6  0  0  0
  8  7  1  0  0  0  0
  9  6  1  0  0  0  0
  9 23  1  0  0  0  0
 11  1  1  0  0  0  0
 13  3  1  0  0  0  0
 14  3  1  0  0  0  0
 17  5  1  0  0  0  0
 22  9  1  0  0  0  0
M  END
