Lattice="13.76677733 0.0 0.0 0.0 14.293131729999999 0.0 0.0 0.0 12.93535958" Properties=species:S:1:pos:R:3:GW_charged:R:1:dKS_charged:R:1:dKS_neutral:R:1 pbc="T T T"
 OpenBabel12102409463D
Lattice="13.76677733 0.0 0.0 0.0 14.293131729999999 0.0 0.0 0.0 12.93535958" Properties=species:S:1:pos:R:3:GW_charged:R:1:dKS_charged:R:1:dKS_neutral:R:1 pbc="T T T"
 19 20  0  0  1  0  0  0  0  0999 V2000
    4.9528    5.5595    4.9114 C   0  0  0  0  0  0  0  0  0  0  0  0
    5.1007    6.7626    4.9682 C   0  0  0  0  0  0  0  0  0  0  0  0
    5.2620    8.1768    5.0404 C   0  0  1  0  0  0  0  0  0  0  0  0
    5.8022    8.8537    6.3213 C   0  0  1  0  0  0  0  0  0  0  0  0
    6.2723    8.0145    7.5001 C   0  0  0  0  0  0  0  0  0  0  0  0
    7.7881    7.7841    7.4263 C   0  0  0  0  0  0  0  0  0  0  0  0
    8.1806    7.2539    6.0554 C   0  0  0  0  0  0  0  0  0  0  0  0
    7.8500    8.1646    4.9859 O   0  0  0  0  0  0  0  0  0  0  0  0
    6.6436    8.8531    5.0786 C   0  0  1  0  0  0  0  0  0  0  0  0
    4.8298    4.5000    4.8388 H   0  0  0  0  0  0  0  0  0  0  0  0
    4.5000    8.7436    4.5016 H   0  0  0  0  0  0  0  0  0  0  0  0
    5.3099    9.7931    6.5721 H   0  0  0  0  0  0  0  0  0  0  0  0
    6.0079    8.5245    8.4354 H   0  0  0  0  0  0  0  0  0  0  0  0
    5.7507    7.0446    7.5107 H   0  0  0  0  0  0  0  0  0  0  0  0
    8.3259    8.7253    7.6222 H   0  0  0  0  0  0  0  0  0  0  0  0
    8.1081    7.0611    8.1908 H   0  0  0  0  0  0  0  0  0  0  0  0
    9.2668    7.1207    5.9714 H   0  0  0  0  0  0  0  0  0  0  0  0
    7.6980    6.2801    5.8695 H   0  0  0  0  0  0  0  0  0  0  0  0
    6.7129    9.7745    4.5000 H   0  0  0  0  0  0  0  0  0  0  0  0
  1  2  3  0  0  0  0
  2  3  1  0  0  0  0
  3 11  1  6  0  0  0
  3  9  1  0  0  0  0
  3  4  1  0  0  0  0
  4 12  1  1  0  0  0
  4  5  1  0  0  0  0
  5 14  1  0  0  0  0
  5 13  1  0  0  0  0
  6  5  1  0  0  0  0
  6 15  1  0  0  0  0
  6 16  1  0  0  0  0
  7  6  1  0  0  0  0
  8  9  1  0  0  0  0
  8  7  1  0  0  0  0
  9 19  1  6  0  0  0
  9  4  1  0  0  0  0
 10  1  1  0  0  0  0
 17  7  1  0  0  0  0
 18  7  1  0  0  0  0
M  END
