Lattice="12.522920769999999 0.0 0.0 0.0 13.50432039 0.0 0.0 0.0 15.26916164" Properties=species:S:1:pos:R:3:GW_charged:R:1:dKS_charged:R:1:dKS_neutral:R:1 pbc="T T T"
 OpenBabel12102411053D
Lattice="12.522920769999999 0.0 0.0 0.0 13.50432039 0.0 0.0 0.0 15.26916164" Properties=species:S:1:pos:R:3:GW_charged:R:1:dKS_charged:R:1:dKS_neutral:R:1 pbc="T T T"
 21 23  0  0  1  0  0  0  0  0999 V2000
    5.3904    8.4366    8.7305 C   0  0  0  0  0  0  0  0  0  0  0  0
    6.8748    7.9855    8.6015 C   0  0  1  0  0  0  0  0  0  0  0  0
    6.6029    7.0558    9.8176 C   0  0  0  0  0  0  0  0  0  0  0  0
    5.3754    6.8871    8.8770 C   0  0  2  0  0  0  0  0  0  0  0  0
    6.3710    6.8188    7.6605 C   0  0  1  0  0  0  0  0  0  0  0  0
    5.8591    7.1454    6.2302 C   0  0  0  0  0  0  0  0  0  0  0  0
    6.7010    6.2897    5.2536 C   0  0  0  0  0  0  0  0  0  0  0  0
    7.4136    5.3220    6.1571 C   0  0  0  0  0  0  0  0  0  0  0  0
    7.2353    5.6094    7.4521 C   0  0  0  0  0  0  0  0  0  0  0  0
    5.1421    9.0043    9.6374 H   0  0  0  0  0  0  0  0  0  0  0  0
    4.9090    8.8680    7.8457 H   0  0  0  0  0  0  0  0  0  0  0  0
    7.7547    8.6214    8.4333 H   0  0  0  0  0  0  0  0  0  0  0  0
    7.2629    6.1939    9.9627 H   0  0  0  0  0  0  0  0  0  0  0  0
    6.4030    7.5664   10.7692 H   0  0  0  0  0  0  0  0  0  0  0  0
    4.5000    6.2412    9.0324 H   0  0  0  0  0  0  0  0  0  0  0  0
    4.7972    6.8705    6.1490 H   0  0  0  0  0  0  0  0  0  0  0  0
    5.9300    8.2143    5.9947 H   0  0  0  0  0  0  0  0  0  0  0  0
    6.0811    5.7804    4.5000 H   0  0  0  0  0  0  0  0  0  0  0  0
    7.4249    6.8991    4.6861 H   0  0  0  0  0  0  0  0  0  0  0  0
    8.0229    4.5000    5.7803 H   0  0  0  0  0  0  0  0  0  0  0  0
    7.6846    5.0409    8.2648 H   0  0  0  0  0  0  0  0  0  0  0  0
  1  4  1  0  0  0  0
  1 10  1  0  0  0  0
  2 12  1  6  0  0  0
  2  1  1  0  0  0  0
  2  3  1  0  0  0  0
  3 13  1  0  0  0  0
  3 14  1  0  0  0  0
  4 15  1  1  0  0  0
  4  3  1  0  0  0  0
  5  9  1  1  0  0  0
  5  2  1  0  0  0  0
  5  4  1  0  0  0  0
  6  5  1  0  0  0  0
  7  8  1  0  0  0  0
  7  6  1  0  0  0  0
  8  9  2  0  0  0  0
  9 21  1  0  0  0  0
 11  1  1  0  0  0  0
 16  6  1  0  0  0  0
 17  6  1  0  0  0  0
 18  7  1  0  0  0  0
 19  7  1  0  0  0  0
 20  8  1  0  0  0  0
M  END
