Lattice="14.84489058 0.0 0.0 0.0 12.689018350000001 0.0 0.0 0.0 15.67542568" Properties=species:S:1:pos:R:3:GW_charged:R:1:dKS_charged:R:1:dKS_neutral:R:1 pbc="T T T"
 OpenBabel12102409403D
Lattice="14.84489058 0.0 0.0 0.0 12.689018350000001 0.0 0.0 0.0 15.67542568" Properties=species:S:1:pos:R:3:GW_charged:R:1:dKS_charged:R:1:dKS_neutral:R:1 pbc="T T T"
 22 21  0  0  0  0  0  0  0  0999 V2000
    6.4320    7.7185    9.0512 C   0  0  0  0  0  0  0  0  0  0  0  0
    6.5243    6.1823    9.0072 C   0  0  0  0  0  0  0  0  0  0  0  0
    7.1991    5.6669   10.2915 C   0  0  0  0  0  0  0  0  0  0  0  0
    5.1017    5.5991    8.9223 C   0  0  0  0  0  0  0  0  0  0  0  0
    7.2930    5.7088    7.7485 C   0  0  0  0  0  0  0  0  0  0  0  0
    8.7565    6.1812    7.6234 C   0  0  0  0  0  0  0  0  0  0  0  0
    9.3930    5.6859    6.4112 C   0  0  0  0  0  0  0  0  0  0  0  0
    9.8938    5.2584    5.3950 C   0  0  0  0  0  0  0  0  0  0  0  0
    7.4172    8.1890    9.1765 H   0  0  0  0  0  0  0  0  0  0  0  0
    5.9828    8.1170    8.1298 H   0  0  0  0  0  0  0  0  0  0  0  0
    5.8074    8.0450    9.8950 H   0  0  0  0  0  0  0  0  0  0  0  0
    6.5995    5.9273   11.1754 H   0  0  0  0  0  0  0  0  0  0  0  0
    7.3078    4.5726   10.2726 H   0  0  0  0  0  0  0  0  0  0  0  0
    8.1976    6.1021   10.4378 H   0  0  0  0  0  0  0  0  0  0  0  0
    4.5821    5.9479    8.0181 H   0  0  0  0  0  0  0  0  0  0  0  0
    5.1235    4.5000    8.8931 H   0  0  0  0  0  0  0  0  0  0  0  0
    4.5000    5.8997    9.7921 H   0  0  0  0  0  0  0  0  0  0  0  0
    7.2831    4.6080    7.7198 H   0  0  0  0  0  0  0  0  0  0  0  0
    6.7462    6.0419    6.8525 H   0  0  0  0  0  0  0  0  0  0  0  0
    8.8051    7.2817    7.6252 H   0  0  0  0  0  0  0  0  0  0  0  0
    9.3426    5.8464    8.4939 H   0  0  0  0  0  0  0  0  0  0  0  0
   10.3449    4.8859    4.5000 H   0  0  0  0  0  0  0  0  0  0  0  0
  1  9  1  0  0  0  0
  1 11  1  0  0  0  0
  2  1  1  0  0  0  0
  2  3  1  0  0  0  0
  3 14  1  0  0  0  0
  3 12  1  0  0  0  0
  4  2  1  0  0  0  0
  4 17  1  0  0  0  0
  5  2  1  0  0  0  0
  6 20  1  0  0  0  0
  6  5  1  0  0  0  0
  6 21  1  0  0  0  0
  7  6  1  0  0  0  0
  8  7  3  0  0  0  0
 10  1  1  0  0  0  0
 13  3  1  0  0  0  0
 15  4  1  0  0  0  0
 16  4  1  0  0  0  0
 18  5  1  0  0  0  0
 19  5  1  0  0  0  0
 22  8  1  0  0  0  0
M  END
