Lattice="13.665689050000001 0.0 0.0 0.0 13.249038800000001 0.0 0.0 0.0 14.02932683" Properties=species:S:1:pos:R:3:GW_charged:R:1:dKS_charged:R:1:dKS_neutral:R:1 pbc="T T T"
 OpenBabel12102409393D
Lattice="13.665689050000001 0.0 0.0 0.0 13.249038800000001 0.0 0.0 0.0 14.02932683" Properties=species:S:1:pos:R:3:GW_charged:R:1:dKS_charged:R:1:dKS_neutral:R:1 pbc="T T T"
 19 19  0  0  1  0  0  0  0  0999 V2000
    5.5329    7.1878    5.5535 C   0  0  0  0  0  0  0  0  0  0  0  0
    5.7572    5.9904    6.4492 C   0  0  1  0  0  0  0  0  0  0  0  0
    7.1253    5.5796    6.9588 C   0  0  1  0  0  0  0  0  0  0  0  0
    8.3998    6.3137    6.6009 C   0  0  0  0  0  0  0  0  0  0  0  0
    6.0841    6.1196    7.9267 C   0  0  1  0  0  0  0  0  0  0  0  0
    6.2259    7.4526    8.6045 C   0  0  0  0  0  0  0  0  0  0  0  0
    4.9070    7.9360    8.9161 O   0  0  0  0  0  0  0  0  0  0  0  0
    6.1918    8.0326    5.7892 H   0  0  0  0  0  0  0  0  0  0  0  0
    5.7068    6.9250    4.5000 H   0  0  0  0  0  0  0  0  0  0  0  0
    4.5000    7.5499    5.6482 H   0  0  0  0  0  0  0  0  0  0  0  0
    5.0931    5.1556    6.2155 H   0  0  0  0  0  0  0  0  0  0  0  0
    7.2726    4.5000    7.0342 H   0  0  0  0  0  0  0  0  0  0  0  0
    8.2569    7.3933    6.4708 H   0  0  0  0  0  0  0  0  0  0  0  0
    9.1657    6.1764    7.3780 H   0  0  0  0  0  0  0  0  0  0  0  0
    8.8128    5.9277    5.6578 H   0  0  0  0  0  0  0  0  0  0  0  0
    5.6167    5.3754    8.5748 H   0  0  0  0  0  0  0  0  0  0  0  0
    6.8203    7.3331    9.5293 H   0  0  0  0  0  0  0  0  0  0  0  0
    6.7582    8.1781    7.9664 H   0  0  0  0  0  0  0  0  0  0  0  0
    5.0019    8.7490    9.4348 H   0  0  0  0  0  0  0  0  0  0  0  0
  1 10  1  0  0  0  0
  1  8  1  0  0  0  0
  1  2  1  0  0  0  0
  2 11  1  6  0  0  0
  2  3  1  0  0  0  0
  2  5  1  0  0  0  0
  3 12  1  1  0  0  0
  3  5  1  0  0  0  0
  4  3  1  0  0  0  0
  4 14  1  0  0  0  0
  5 16  1  1  0  0  0
  5  6  1  0  0  0  0
  6  7  1  0  0  0  0
  6 17  1  0  0  0  0
  7 19  1  0  0  0  0
  9  1  1  0  0  0  0
 13  4  1  0  0  0  0
 15  4  1  0  0  0  0
 18  6  1  0  0  0  0
M  END
