Lattice="10.84365461 0.0 0.0 0.0 11.592732080000001 0.0 0.0 0.0 10.61034415" Properties=species:S:1:pos:R:3:GW_charged:R:1:dKS_charged:R:1:dKS_neutral:R:1 pbc="T T T"
 OpenBabel12102409263D
Lattice="10.84365461 0.0 0.0 0.0 11.592732080000001 0.0 0.0 0.0 10.61034415" Properties=species:S:1:pos:R:3:GW_charged:R:1:dKS_charged:R:1:dKS_neutral:R:1 pbc="T T T"
  7  6  0  0  0  0  0  0  0  0999 V2000
    5.3995    6.6690    5.0721 C   0  0  0  0  0  0  0  0  0  0  0  0
    5.4230    5.1673    5.0285 C   0  0  0  0  0  0  0  0  0  0  0  0
    6.3437    4.5000    4.6072 O   0  0  0  0  0  0  0  0  0  0  0  0
    6.3264    7.0927    4.6716 H   0  0  0  0  0  0  0  0  0  0  0  0
    4.5341    7.0384    4.5000 H   0  0  0  0  0  0  0  0  0  0  0  0
    5.2463    7.0027    6.1103 H   0  0  0  0  0  0  0  0  0  0  0  0
    4.5000    4.6684    5.4252 H   0  0  0  0  0  0  0  0  0  0  0  0
  1  6  1  0  0  0  0
  2  1  1  0  0  0  0
  2  7  1  0  0  0  0
  3  2  2  0  0  0  0
  4  1  1  0  0  0  0
  5  1  1  0  0  0  0
M  END
