Lattice="15.95931425 0.0 0.0 0.0 13.27282055 0.0 0.0 0.0 13.179368140000001" Properties=species:S:1:pos:R:3:GW_charged:R:1:dKS_charged:R:1:dKS_neutral:R:1 pbc="T T T"
 OpenBabel12102409263D
Lattice="15.95931425 0.0 0.0 0.0 13.27282055 0.0 0.0 0.0 13.179368140000001" Properties=species:S:1:pos:R:3:GW_charged:R:1:dKS_charged:R:1:dKS_neutral:R:1 pbc="T T T"
 17 16  0  0  0  0  0  0  0  0999 V2000
    9.8202    8.2873    6.3697 C   0  0  0  0  0  0  0  0  0  0  0  0
    9.7580    6.7659    6.5195 C   0  0  0  0  0  0  0  0  0  0  0  0
   10.4023    6.2836    7.8110 C   0  0  0  0  0  0  0  0  0  0  0  0
    8.4052    6.2757    6.5479 O   0  0  0  0  0  0  0  0  0  0  0  0
    7.7493    6.3352    5.2857 C   0  0  0  0  0  0  0  0  0  0  0  0
    6.4862    5.6150    5.3509 C   0  0  0  0  0  0  0  0  0  0  0  0
    5.4311    5.0250    5.3817 C   0  0  0  0  0  0  0  0  0  0  0  0
   10.8640    8.6293    6.3912 H   0  0  0  0  0  0  0  0  0  0  0  0
    9.3850    8.6304    5.4216 H   0  0  0  0  0  0  0  0  0  0  0  0
    9.2799    8.7728    7.1941 H   0  0  0  0  0  0  0  0  0  0  0  0
   10.2746    6.2969    5.6569 H   0  0  0  0  0  0  0  0  0  0  0  0
    9.8896    6.7198    8.6794 H   0  0  0  0  0  0  0  0  0  0  0  0
   10.3397    5.1912    7.8878 H   0  0  0  0  0  0  0  0  0  0  0  0
   11.4593    6.5782    7.8497 H   0  0  0  0  0  0  0  0  0  0  0  0
    7.5504    7.3801    4.9790 H   0  0  0  0  0  0  0  0  0  0  0  0
    8.3902    5.8855    4.5000 H   0  0  0  0  0  0  0  0  0  0  0  0
    4.5000    4.5000    5.4164 H   0  0  0  0  0  0  0  0  0  0  0  0
  1  8  1  0  0  0  0
  1  2  1  0  0  0  0
  1 10  1  0  0  0  0
  2  4  1  0  0  0  0
  2  3  1  0  0  0  0
  3 14  1  0  0  0  0
  3 13  1  0  0  0  0
  3 12  1  0  0  0  0
  5  6  1  0  0  0  0
  5  4  1  0  0  0  0
  6  7  3  0  0  0  0
  7 17  1  0  0  0  0
  9  1  1  0  0  0  0
 11  2  1  0  0  0  0
 15  5  1  0  0  0  0
 16  5  1  0  0  0  0
M  END
