Lattice="15.92786258 0.0 0.0 0.0 12.931861529999999 0.0 0.0 0.0 14.89200516" Properties=species:S:1:pos:R:3:GW_charged:R:1:dKS_charged:R:1:dKS_neutral:R:1 pbc="T T T"
 OpenBabel12102411083D
Lattice="15.92786258 0.0 0.0 0.0 12.931861529999999 0.0 0.0 0.0 14.89200516" Properties=species:S:1:pos:R:3:GW_charged:R:1:dKS_charged:R:1:dKS_neutral:R:1 pbc="T T T"
 25 25  0  0  1  0  0  0  0  0999 V2000
    6.1973    7.8501    8.2686 C   0  0  0  0  0  0  0  0  0  0  0  0
    6.4688    6.3354    8.2242 C   0  0  0  0  0  0  0  0  0  0  0  0
    7.2141    5.9066    9.5014 C   0  0  0  0  0  0  0  0  0  0  0  0
    5.1241    5.5888    8.1577 C   0  0  0  0  0  0  0  0  0  0  0  0
    7.2796    5.9553    6.9591 C   0  0  0  0  0  0  0  0  0  0  0  0
    8.6697    6.5856    6.8079 C   0  0  0  0  0  0  0  0  0  0  0  0
    9.3578    6.1342    5.5447 C   0  0  1  0  0  0  0  0  0  0  0  0
   10.8115    5.9352    5.4593 C   0  0  0  0  0  0  0  0  0  0  0  0
    9.9254    4.8062    5.5487 O   0  0  0  0  0  0  0  0  0  0  0  0
    7.1235    8.4319    8.3747 H   0  0  0  0  0  0  0  0  0  0  0  0
    5.6886    8.1902    7.3544 H   0  0  0  0  0  0  0  0  0  0  0  0
    5.5531    8.1046    9.1225 H   0  0  0  0  0  0  0  0  0  0  0  0
    6.5970    6.0938   10.3920 H   0  0  0  0  0  0  0  0  0  0  0  0
    7.4544    4.8337    9.4800 H   0  0  0  0  0  0  0  0  0  0  0  0
    8.1547    6.4586    9.6347 H   0  0  0  0  0  0  0  0  0  0  0  0
    4.5567    5.8710    7.2586 H   0  0  0  0  0  0  0  0  0  0  0  0
    5.2757    4.5000    8.1293 H   0  0  0  0  0  0  0  0  0  0  0  0
    4.5000    5.8181    9.0335 H   0  0  0  0  0  0  0  0  0  0  0  0
    7.3933    4.8594    6.9362 H   0  0  0  0  0  0  0  0  0  0  0  0
    6.6747    6.2166    6.0735 H   0  0  0  0  0  0  0  0  0  0  0  0
    8.5970    7.6853    6.7813 H   0  0  0  0  0  0  0  0  0  0  0  0
    9.3100    6.3274    7.6645 H   0  0  0  0  0  0  0  0  0  0  0  0
    8.8307    6.3709    4.6112 H   0  0  0  0  0  0  0  0  0  0  0  0
   11.3250    6.0504    4.5000 H   0  0  0  0  0  0  0  0  0  0  0  0
   11.4279    6.1134    6.3462 H   0  0  0  0  0  0  0  0  0  0  0  0
  1 10  1  0  0  0  0
  1 12  1  0  0  0  0
  2  1  1  0  0  0  0
  2  3  1  0  0  0  0
  3 15  1  0  0  0  0
  3 13  1  0  0  0  0
  4  2  1  0  0  0  0
  4 18  1  0  0  0  0
  5  2  1  0  0  0  0
  6  5  1  0  0  0  0
  6 22  1  0  0  0  0
  7 23  1  6  0  0  0
  7  9  1  0  0  0  0
  7  6  1  0  0  0  0
  8  7  1  0  0  0  0
  8  9  1  0  0  0  0
  8 25  1  0  0  0  0
 11  1  1  0  0  0  0
 14  3  1  0  0  0  0
 16  4  1  0  0  0  0
 17  4  1  0  0  0  0
 19  5  1  0  0  0  0
 20  5  1  0  0  0  0
 21  6  1  0  0  0  0
 24  8  1  0  0  0  0
M  END
