Lattice="12.999182430000001 0.0 0.0 0.0 13.61715074 0.0 0.0 0.0 13.70319928" Properties=species:S:1:pos:R:3:GW_charged:R:1:dKS_charged:R:1:dKS_neutral:R:1 pbc="T T T"
 OpenBabel12102411043D
Lattice="12.999182430000001 0.0 0.0 0.0 13.61715074 0.0 0.0 0.0 13.70319928" Properties=species:S:1:pos:R:3:GW_charged:R:1:dKS_charged:R:1:dKS_neutral:R:1 pbc="T T T"
 21 23  0  0  1  0  0  0  0  0999 V2000
    5.2700    7.6418    7.5405 C   0  0  0  0  0  0  0  0  0  0  0  0
    6.7083    8.1244    7.5204 C   0  0  1  0  0  0  0  0  0  0  0  0
    7.5965    6.9317    7.8356 C   0  0  1  0  0  0  0  0  0  0  0  0
    6.6926    5.7395    8.1141 C   0  0  0  0  0  0  0  0  0  0  0  0
    5.3485    6.0972    7.4377 C   0  0  2  0  0  0  0  0  0  0  0  0
    5.2995    5.5609    5.9945 C   0  0  0  0  0  0  0  0  0  0  0  0
    6.5486    5.5843    5.3149 O   0  0  0  0  0  0  0  0  0  0  0  0
    7.1139    6.8824    5.1725 C   0  0  0  0  0  0  0  0  0  0  0  0
    7.6099    7.5494    6.4512 C   0  0  1  0  0  0  0  0  0  0  0  0
    4.8026    7.9331    8.4937 H   0  0  0  0  0  0  0  0  0  0  0  0
    4.6515    8.0740    6.7379 H   0  0  0  0  0  0  0  0  0  0  0  0
    6.9331    9.1172    7.9099 H   0  0  0  0  0  0  0  0  0  0  0  0
    8.4917    7.0483    8.4461 H   0  0  0  0  0  0  0  0  0  0  0  0
    7.0991    4.7886    7.7448 H   0  0  0  0  0  0  0  0  0  0  0  0
    6.5599    5.6467    9.2032 H   0  0  0  0  0  0  0  0  0  0  0  0
    4.5000    5.6428    7.9706 H   0  0  0  0  0  0  0  0  0  0  0  0
    5.0127    4.5000    6.0025 H   0  0  0  0  0  0  0  0  0  0  0  0
    4.5361    6.1147    5.4121 H   0  0  0  0  0  0  0  0  0  0  0  0
    7.9701    6.7373    4.5000 H   0  0  0  0  0  0  0  0  0  0  0  0
    6.3952    7.5495    4.6529 H   0  0  0  0  0  0  0  0  0  0  0  0
    8.4992    8.1551    6.2629 H   0  0  0  0  0  0  0  0  0  0  0  0
  1 10  1  0  0  0  0
  2  1  1  0  0  0  0
  2  3  1  0  0  0  0
  2 12  1  1  0  0  0
  3  4  1  0  0  0  0
  3 13  1  1  0  0  0
  4 15  1  0  0  0  0
  5  1  1  0  0  0  0
  5 16  1  1  0  0  0
  5  4  1  0  0  0  0
  6 17  1  0  0  0  0
  6  5  1  0  0  0  0
  7  6  1  0  0  0  0
  8  7  1  0  0  0  0
  8  9  1  0  0  0  0
  9 21  1  6  0  0  0
  9  2  1  0  0  0  0
  9  3  1  0  0  0  0
 11  1  1  0  0  0  0
 14  4  1  0  0  0  0
 18  6  1  0  0  0  0
 19  8  1  0  0  0  0
 20  8  1  0  0  0  0
M  END
