Lattice="13.25292719 0.0 0.0 0.0 13.73798686 0.0 0.0 0.0 12.12127197" Properties=species:S:1:pos:R:3:GW_charged:R:1:dKS_charged:R:1:dKS_neutral:R:1 pbc="T T T"
 OpenBabel12102409263D
Lattice="13.25292719 0.0 0.0 0.0 13.73798686 0.0 0.0 0.0 12.12127197" Properties=species:S:1:pos:R:3:GW_charged:R:1:dKS_charged:R:1:dKS_neutral:R:1 pbc="T T T"
 16 16  0  0  0  0  0  0  0  0999 V2000
    5.5203    7.6051    6.7090 C   0  0  0  0  0  0  0  0  0  0  0  0
    6.9564    8.1401    6.6405 C   0  0  0  0  0  0  0  0  0  0  0  0
    7.6938    7.5345    5.4465 C   0  0  0  0  0  0  0  0  0  0  0  0
    7.6816    6.1069    5.4734 O   0  0  0  0  0  0  0  0  0  0  0  0
    6.3495    5.5933    5.4488 C   0  0  0  0  0  0  0  0  0  0  0  0
    5.5245    6.0724    6.6429 C   0  0  0  0  0  0  0  0  0  0  0  0
    5.0160    7.9553    7.6213 H   0  0  0  0  0  0  0  0  0  0  0  0
    4.9418    8.0047    5.8582 H   0  0  0  0  0  0  0  0  0  0  0  0
    6.9657    9.2380    6.5598 H   0  0  0  0  0  0  0  0  0  0  0  0
    7.4989    7.8777    7.5627 H   0  0  0  0  0  0  0  0  0  0  0  0
    7.2352    7.8900    4.5000 H   0  0  0  0  0  0  0  0  0  0  0  0
    8.7529    7.8239    5.4372 H   0  0  0  0  0  0  0  0  0  0  0  0
    5.8544    5.8960    4.5023 H   0  0  0  0  0  0  0  0  0  0  0  0
    6.4512    4.5000    5.4411 H   0  0  0  0  0  0  0  0  0  0  0  0
    5.9620    5.6583    7.5653 H   0  0  0  0  0  0  0  0  0  0  0  0
    4.5000    5.6774    6.5639 H   0  0  0  0  0  0  0  0  0  0  0  0
  1  7  1  0  0  0  0
  2  1  1  0  0  0  0
  2 10  1  0  0  0  0
  3  4  1  0  0  0  0
  3  2  1  0  0  0  0
  5  4  1  0  0  0  0
  5  6  1  0  0  0  0
  6  1  1  0  0  0  0
  6 15  1  0  0  0  0
  8  1  1  0  0  0  0
  9  2  1  0  0  0  0
 11  3  1  0  0  0  0
 12  3  1  0  0  0  0
 13  5  1  0  0  0  0
 14  5  1  0  0  0  0
 16  6  1  0  0  0  0
M  END
