Lattice="14.18354003 0.0 0.0 0.0 15.625016369999999 0.0 0.0 0.0 11.71836643" Properties=species:S:1:pos:R:3:GW_charged:R:1:dKS_charged:R:1:dKS_neutral:R:1 pbc="T T T"
 OpenBabel12102409453D
Lattice="14.18354003 0.0 0.0 0.0 15.625016369999999 0.0 0.0 0.0 11.71836643" Properties=species:S:1:pos:R:3:GW_charged:R:1:dKS_charged:R:1:dKS_neutral:R:1 pbc="T T T"
 19 20  0  0  0  0  0  0  0  0999 V2000
    6.7383    5.5590    5.3937 C   0  0  0  0  0  0  0  0  0  0  0  0
    6.6376    6.7596    5.5505 C   0  0  0  0  0  0  0  0  0  0  0  0
    6.6048    8.1624    5.7255 C   0  0  0  0  0  0  0  0  0  0  0  0
    5.5110    8.9207    5.9628 C   0  0  0  0  0  0  0  0  0  0  0  0
    5.8614   10.3693    6.1560 C   0  0  0  0  0  0  0  0  0  0  0  0
    7.3347   10.4540    5.6887 C   0  0  0  0  0  0  0  0  0  0  0  0
    7.8457    9.0094    5.7137 C   0  0  0  0  0  0  0  0  0  0  0  0
    9.0628    8.5857    6.5163 C   0  0  0  0  0  0  0  0  0  0  0  0
    9.1096    8.5878    5.0100 C   0  0  0  0  0  0  0  0  0  0  0  0
    6.7965    4.5000    5.2580 H   0  0  0  0  0  0  0  0  0  0  0  0
    4.5000    8.5265    6.0511 H   0  0  0  0  0  0  0  0  0  0  0  0
    5.2013   11.0447    5.5920 H   0  0  0  0  0  0  0  0  0  0  0  0
    5.7473   10.6502    7.2184 H   0  0  0  0  0  0  0  0  0  0  0  0
    7.3735   10.8368    4.6576 H   0  0  0  0  0  0  0  0  0  0  0  0
    7.9409   11.1250    6.3105 H   0  0  0  0  0  0  0  0  0  0  0  0
    9.6005    9.3657    7.0548 H   0  0  0  0  0  0  0  0  0  0  0  0
    9.0265    7.6217    7.0226 H   0  0  0  0  0  0  0  0  0  0  0  0
    9.1103    7.6248    4.5000 H   0  0  0  0  0  0  0  0  0  0  0  0
    9.6835    9.3694    4.5121 H   0  0  0  0  0  0  0  0  0  0  0  0
  1  2  3  0  0  0  0
  2  3  1  0  0  0  0
  3  4  2  0  0  0  0
  4 11  1  0  0  0  0
  4  5  1  0  0  0  0
  5 13  1  0  0  0  0
  6  7  1  0  0  0  0
  6  5  1  0  0  0  0
  6 15  1  0  0  0  0
  7  3  1  0  0  0  0
  7  8  1  0  0  0  0
  8 17  1  0  0  0  0
  8 16  1  0  0  0  0
  9  7  1  0  0  0  0
  9  8  1  0  0  0  0
 10  1  1  0  0  0  0
 12  5  1  0  0  0  0
 14  6  1  0  0  0  0
 18  9  1  0  0  0  0
 19  9  1  0  0  0  0
M  END
