Lattice="12.25770701 0.0 0.0 0.0 13.80552908 0.0 0.0 0.0 12.07914847" Properties=species:S:1:pos:R:3:GW_charged:R:1:dKS_charged:R:1:dKS_neutral:R:1 pbc="T T T"
 OpenBabel12102409263D
Lattice="12.25770701 0.0 0.0 0.0 13.80552908 0.0 0.0 0.0 12.07914847" Properties=species:S:1:pos:R:3:GW_charged:R:1:dKS_charged:R:1:dKS_neutral:R:1 pbc="T T T"
 16 16  0  0  1  0  0  0  0  0999 V2000
    5.3575    8.8592    6.3932 C   0  0  0  0  0  0  0  0  0  0  0  0
    5.4686    7.3484    6.4316 C   0  0  1  0  0  0  0  0  0  0  0  0
    5.9058    6.6746    5.1150 C   0  0  0  0  0  0  0  0  0  0  0  0
    6.7432    5.4566    5.5766 C   0  0  0  0  0  0  0  0  0  0  0  0
    6.7673    5.6017    7.1128 C   0  0  0  0  0  0  0  0  0  0  0  0
    6.4766    6.9724    7.3827 O   0  0  0  0  0  0  0  0  0  0  0  0
    6.3152    9.3055    6.0917 H   0  0  0  0  0  0  0  0  0  0  0  0
    4.5877    9.1676    5.6729 H   0  0  0  0  0  0  0  0  0  0  0  0
    5.0838    9.2576    7.3786 H   0  0  0  0  0  0  0  0  0  0  0  0
    4.5000    6.9125    6.7569 H   0  0  0  0  0  0  0  0  0  0  0  0
    5.0425    6.3907    4.5000 H   0  0  0  0  0  0  0  0  0  0  0  0
    6.5187    7.3708    4.5259 H   0  0  0  0  0  0  0  0  0  0  0  0
    6.3015    4.5000    5.2703 H   0  0  0  0  0  0  0  0  0  0  0  0
    7.7577    5.4993    5.1618 H   0  0  0  0  0  0  0  0  0  0  0  0
    6.0004    4.9526    7.5791 H   0  0  0  0  0  0  0  0  0  0  0  0
    7.7380    5.3713    7.5686 H   0  0  0  0  0  0  0  0  0  0  0  0
  1  2  1  0  0  0  0
  1  9  1  0  0  0  0
  2 10  1  1  0  0  0
  2  6  1  0  0  0  0
  3  4  1  0  0  0  0
  3  2  1  0  0  0  0
  4  5  1  0  0  0  0
  5  6  1  0  0  0  0
  5 16  1  0  0  0  0
  5 15  1  0  0  0  0
  7  1  1  0  0  0  0
  8  1  1  0  0  0  0
 11  3  1  0  0  0  0
 12  3  1  0  0  0  0
 13  4  1  0  0  0  0
 14  4  1  0  0  0  0
M  END
