Lattice="11.93817248 0.0 0.0 0.0 16.10848216 0.0 0.0 0.0 12.778334919999999" Properties=species:S:1:pos:R:3:GW_charged:R:1:dKS_charged:R:1:dKS_neutral:R:1 pbc="T T T"
 OpenBabel12102409273D
Lattice="11.93817248 0.0 0.0 0.0 16.10848216 0.0 0.0 0.0 12.778334919999999" Properties=species:S:1:pos:R:3:GW_charged:R:1:dKS_charged:R:1:dKS_neutral:R:1 pbc="T T T"
 15 14  0  0  0  0  0  0  0  0999 V2000
    5.2706   11.0857    7.2685 C   0  0  0  0  0  0  0  0  0  0  0  0
    5.4394    9.5770    7.1420 C   0  0  0  0  0  0  0  0  0  0  0  0
    5.9070    9.1181    5.7694 C   0  0  0  0  0  0  0  0  0  0  0  0
    6.1298    9.8890    4.8442 O   0  0  0  0  0  0  0  0  0  0  0  0
    6.0768    7.6870    5.6179 C   0  0  0  0  0  0  0  0  0  0  0  0
    6.2185    6.4854    5.4934 C   0  0  0  0  0  0  0  0  0  0  0  0
    6.3969    5.0585    5.3137 C   0  0  0  0  0  0  0  0  0  0  0  0
    6.2150   11.6085    7.0721 H   0  0  0  0  0  0  0  0  0  0  0  0
    4.5351   11.4645    6.5479 H   0  0  0  0  0  0  0  0  0  0  0  0
    4.9327   11.3515    8.2783 H   0  0  0  0  0  0  0  0  0  0  0  0
    6.1607    9.1831    7.8782 H   0  0  0  0  0  0  0  0  0  0  0  0
    4.5000    9.0407    7.3599 H   0  0  0  0  0  0  0  0  0  0  0  0
    7.4382    4.8299    5.0437 H   0  0  0  0  0  0  0  0  0  0  0  0
    6.1490    4.5000    6.2269 H   0  0  0  0  0  0  0  0  0  0  0  0
    5.7568    4.6878    4.5000 H   0  0  0  0  0  0  0  0  0  0  0  0
  1 10  1  0  0  0  0
  2  1  1  0  0  0  0
  2 12  1  0  0  0  0
  2 11  1  0  0  0  0
  3  2  1  0  0  0  0
  4  3  2  0  0  0  0
  5  3  1  0  0  0  0
  6  5  3  0  0  0  0
  7  6  1  0  0  0  0
  7 14  1  0  0  0  0
  8  1  1  0  0  0  0
  9  1  1  0  0  0  0
 13  7  1  0  0  0  0
 15  7  1  0  0  0  0
M  END
