Lattice="12.58665224 0.0 0.0 0.0 14.71765602 0.0 0.0 0.0 13.12344923" Properties=species:S:1:pos:R:3:GW_charged:R:1:dKS_charged:R:1:dKS_neutral:R:1 pbc="T T T"
 OpenBabel12102409263D
Lattice="12.58665224 0.0 0.0 0.0 14.71765602 0.0 0.0 0.0 13.12344923" Properties=species:S:1:pos:R:3:GW_charged:R:1:dKS_charged:R:1:dKS_neutral:R:1 pbc="T T T"
 19 20  0  0  1  0  0  0  0  0999 V2000
    6.3361    9.8127    6.5893 C   0  0  0  0  0  0  0  0  0  0  0  0
    6.3519    8.3089    6.5730 C   0  0  1  0  0  0  0  0  0  0  0  0
    6.9727    7.3791    5.4860 C   0  0  0  0  0  0  0  0  0  0  0  0
    6.3719    6.4130    6.5525 C   0  0  1  0  0  0  0  0  0  0  0  0
    6.3879    4.9093    6.5362 C   0  0  0  0  0  0  0  0  0  0  0  0
    6.9890    7.3560    7.6303 C   0  0  0  0  0  0  0  0  0  0  0  0
    5.1238    7.3478    6.5720 C   0  0  0  0  0  0  0  0  0  0  0  0
    7.3583   10.2177    6.5849 H   0  0  0  0  0  0  0  0  0  0  0  0
    5.8112   10.2110    5.7091 H   0  0  0  0  0  0  0  0  0  0  0  0
    5.8265   10.1919    7.4867 H   0  0  0  0  0  0  0  0  0  0  0  0
    6.4851    7.3846    4.5000 H   0  0  0  0  0  0  0  0  0  0  0  0
    8.0692    7.3916    5.3988 H   0  0  0  0  0  0  0  0  0  0  0  0
    7.4184    4.5261    6.5235 H   0  0  0  0  0  0  0  0  0  0  0  0
    5.8864    4.5000    7.4249 H   0  0  0  0  0  0  0  0  0  0  0  0
    5.8715    4.5191    5.6474 H   0  0  0  0  0  0  0  0  0  0  0  0
    8.0867    7.3669    7.7011 H   0  0  0  0  0  0  0  0  0  0  0  0
    6.5164    7.3403    8.6234 H   0  0  0  0  0  0  0  0  0  0  0  0
    4.5138    7.3314    7.4872 H   0  0  0  0  0  0  0  0  0  0  0  0
    4.5000    7.3510    5.6661 H   0  0  0  0  0  0  0  0  0  0  0  0
  1 10  1  0  0  0  0
  2  1  1  1  0  0  0
  2  6  1  0  0  0  0
  3  4  1  0  0  0  0
  3  2  1  0  0  0  0
  4  5  1  6  0  0  0
  4  7  1  0  0  0  0
  4  6  1  0  0  0  0
  5 14  1  0  0  0  0
  6 16  1  0  0  0  0
  6 17  1  0  0  0  0
  7  2  1  0  0  0  0
  7 18  1  0  0  0  0
  8  1  1  0  0  0  0
  9  1  1  0  0  0  0
 11  3  1  0  0  0  0
 12  3  1  0  0  0  0
 13  5  1  0  0  0  0
 15  5  1  0  0  0  0
 19  7  1  0  0  0  0
M  END
