Lattice="15.39984442 0.0 0.0 0.0 14.40894694 0.0 0.0 0.0 12.52523437" Properties=species:S:1:pos:R:3:GW_charged:R:1:dKS_charged:R:1:dKS_neutral:R:1 pbc="T T T"
 OpenBabel12102409463D
Lattice="15.39984442 0.0 0.0 0.0 14.40894694 0.0 0.0 0.0 12.52523437" Properties=species:S:1:pos:R:3:GW_charged:R:1:dKS_charged:R:1:dKS_neutral:R:1 pbc="T T T"
 19 20  0  0  1  0  0  0  0  0999 V2000
    5.2553    5.5613    6.2345 C   0  0  0  0  0  0  0  0  0  0  0  0
    5.3514    6.7640    6.3420 C   0  0  0  0  0  0  0  0  0  0  0  0
    5.4457    8.1861    6.4708 C   0  0  1  0  0  0  0  0  0  0  0  0
    6.4527    8.7975    7.4501 C   0  0  0  0  0  0  0  0  0  0  0  0
    6.6686    8.9297    5.9700 C   0  0  1  0  0  0  0  0  0  0  0  0
    7.6458    8.1721    5.3215 O   0  0  0  0  0  0  0  0  0  0  0  0
    8.9194    8.7744    5.3547 C   0  0  0  0  0  0  0  0  0  0  0  0
    9.8622    8.4709    6.4918 C   0  0  0  0  0  0  0  0  0  0  0  0
   10.0771    7.8639    5.1172 C   0  0  0  0  0  0  0  0  0  0  0  0
    5.1752    4.5000    6.1346 H   0  0  0  0  0  0  0  0  0  0  0  0
    4.5000    8.7181    6.3533 H   0  0  0  0  0  0  0  0  0  0  0  0
    6.1444    9.6691    8.0252 H   0  0  0  0  0  0  0  0  0  0  0  0
    7.0826    8.0849    7.9766 H   0  0  0  0  0  0  0  0  0  0  0  0
    6.4818    9.9089    5.5141 H   0  0  0  0  0  0  0  0  0  0  0  0
    8.9463    9.7784    4.9176 H   0  0  0  0  0  0  0  0  0  0  0  0
   10.5337    9.2559    6.8367 H   0  0  0  0  0  0  0  0  0  0  0  0
    9.4992    7.8025    7.2696 H   0  0  0  0  0  0  0  0  0  0  0  0
    9.8404    6.8075    5.0033 H   0  0  0  0  0  0  0  0  0  0  0  0
   10.8998    8.2200    4.5000 H   0  0  0  0  0  0  0  0  0  0  0  0
  1  2  3  0  0  0  0
  2  3  1  0  0  0  0
  3 11  1  6  0  0  0
  3  4  1  0  0  0  0
  4 13  1  0  0  0  0
  4 12  1  0  0  0  0
  5 14  1  6  0  0  0
  5  3  1  0  0  0  0
  5  4  1  0  0  0  0
  6  7  1  0  0  0  0
  6  5  1  0  0  0  0
  7  8  1  0  0  0  0
  8 16  1  0  0  0  0
  8 17  1  0  0  0  0
  9  7  1  0  0  0  0
  9  8  1  0  0  0  0
 10  1  1  0  0  0  0
 15  7  1  0  0  0  0
 18  9  1  0  0  0  0
 19  9  1  0  0  0  0
M  END
