Lattice="12.77075429 0.0 0.0 0.0 14.9096866 0.0 0.0 0.0 14.28694623" Properties=species:S:1:pos:R:3:GW_charged:R:1:dKS_charged:R:1:dKS_neutral:R:1 pbc="T T T"
 OpenBabel12102409403D
Lattice="12.77075429 0.0 0.0 0.0 14.9096866 0.0 0.0 0.0 14.28694623" Properties=species:S:1:pos:R:3:GW_charged:R:1:dKS_charged:R:1:dKS_neutral:R:1 pbc="T T T"
 20 19  0  0  1  0  0  0  0  0999 V2000
    5.9277    9.9608    5.3895 C   0  0  0  0  0  0  0  0  0  0  0  0
    5.8084    8.4353    5.4030 C   0  0  0  0  0  0  0  0  0  0  0  0
    6.4624    7.8145    6.6394 C   0  0  0  0  0  0  0  0  0  0  0  0
    6.5568    6.2645    6.6294 C   0  0  1  0  0  0  0  0  0  0  0  0
    5.1883    5.5864    6.4856 C   0  0  0  0  0  0  0  0  0  0  0  0
    7.3313    5.8076    5.4945 O   0  0  0  0  0  0  0  0  0  0  0  0
    7.2085    5.8313    7.8743 C   0  0  0  0  0  0  0  0  0  0  0  0
    7.7758    5.4947    8.8901 C   0  0  0  0  0  0  0  0  0  0  0  0
    6.9804   10.2792    5.3809 H   0  0  0  0  0  0  0  0  0  0  0  0
    5.4439   10.3917    4.5026 H   0  0  0  0  0  0  0  0  0  0  0  0
    5.4559   10.4097    6.2759 H   0  0  0  0  0  0  0  0  0  0  0  0
    4.7447    8.1555    5.3610 H   0  0  0  0  0  0  0  0  0  0  0  0
    6.2751    8.0145    4.5000 H   0  0  0  0  0  0  0  0  0  0  0  0
    7.4884    8.2037    6.7497 H   0  0  0  0  0  0  0  0  0  0  0  0
    5.9258    8.1204    7.5518 H   0  0  0  0  0  0  0  0  0  0  0  0
    4.7628    5.8168    5.5017 H   0  0  0  0  0  0  0  0  0  0  0  0
    5.3016    4.5000    6.5707 H   0  0  0  0  0  0  0  0  0  0  0  0
    4.5000    5.9343    7.2653 H   0  0  0  0  0  0  0  0  0  0  0  0
    8.2618    6.0181    5.6747 H   0  0  0  0  0  0  0  0  0  0  0  0
    8.2708    5.1870    9.7869 H   0  0  0  0  0  0  0  0  0  0  0  0
  1  2  1  0  0  0  0
  1 11  1  0  0  0  0
  2  3  1  0  0  0  0
  3 14  1  0  0  0  0
  3 15  1  0  0  0  0
  4  3  1  0  0  0  0
  4  7  1  1  0  0  0
  5 17  1  0  0  0  0
  5  4  1  0  0  0  0
  5 18  1  0  0  0  0
  6 19  1  0  0  0  0
  6  4  1  0  0  0  0
  7  8  3  0  0  0  0
  8 20  1  0  0  0  0
  9  1  1  0  0  0  0
 10  1  1  0  0  0  0
 12  2  1  0  0  0  0
 13  2  1  0  0  0  0
 16  5  1  0  0  0  0
M  END
