Lattice="14.44900531 0.0 0.0 0.0 14.2875342 0.0 0.0 0.0 13.788670020000001" Properties=species:S:1:pos:R:3:GW_charged:R:1:dKS_charged:R:1:dKS_neutral:R:1 pbc="T T T"
 OpenBabel12102411063D
Lattice="14.44900531 0.0 0.0 0.0 14.2875342 0.0 0.0 0.0 13.788670020000001" Properties=species:S:1:pos:R:3:GW_charged:R:1:dKS_charged:R:1:dKS_neutral:R:1 pbc="T T T"
 23 25  0  0  1  0  0  0  0  0999 V2000
    7.7538    9.3146    7.5802 C   0  0  0  0  0  0  0  0  0  0  0  0
    9.1987    9.0302    7.2362 C   0  0  0  0  0  0  0  0  0  0  0  0
    8.2149    7.9025    7.3516 C   0  0  0  0  0  0  0  0  0  0  0  0
    8.2330    6.7695    8.3887 C   0  0  0  0  0  0  0  0  0  0  0  0
    7.6184    5.8196    7.3202 C   0  0  1  0  0  0  0  0  0  0  0  0
    6.1095    5.5270    7.4009 C   0  0  0  0  0  0  0  0  0  0  0  0
    5.5907    5.8442    5.9888 C   0  0  0  0  0  0  0  0  0  0  0  0
    6.3632    7.1174    5.5881 C   0  0  0  0  0  0  0  0  0  0  0  0
    7.7535    6.9426    6.2324 C   0  0  1  0  0  0  0  0  0  0  0  0
    7.5149    9.6123    8.6015 H   0  0  0  0  0  0  0  0  0  0  0  0
    7.1316    9.7875    6.8197 H   0  0  0  0  0  0  0  0  0  0  0  0
    9.5466    9.3021    6.2391 H   0  0  0  0  0  0  0  0  0  0  0  0
    9.9490    9.1391    8.0199 H   0  0  0  0  0  0  0  0  0  0  0  0
    9.2464    6.4843    8.7042 H   0  0  0  0  0  0  0  0  0  0  0  0
    7.6199    6.9244    9.2887 H   0  0  0  0  0  0  0  0  0  0  0  0
    8.1944    4.9044    7.1302 H   0  0  0  0  0  0  0  0  0  0  0  0
    5.8899    4.5000    7.7224 H   0  0  0  0  0  0  0  0  0  0  0  0
    5.6324    6.2023    8.1297 H   0  0  0  0  0  0  0  0  0  0  0  0
    5.8466    5.0193    5.3045 H   0  0  0  0  0  0  0  0  0  0  0  0
    4.5000    5.9715    5.9464 H   0  0  0  0  0  0  0  0  0  0  0  0
    6.4118    7.2562    4.5000 H   0  0  0  0  0  0  0  0  0  0  0  0
    5.8599    8.0042    6.0029 H   0  0  0  0  0  0  0  0  0  0  0  0
    8.5381    6.7603    5.4846 H   0  0  0  0  0  0  0  0  0  0  0  0
  1 10  1  0  0  0  0
  2  3  1  0  0  0  0
  2  1  1  0  0  0  0
  2 13  1  0  0  0  0
  3  1  1  0  0  0  0
  3  4  1  0  0  0  0
  4 14  1  0  0  0  0
  4 15  1  0  0  0  0
  5 16  1  6  0  0  0
  5  6  1  0  0  0  0
  5  4  1  0  0  0  0
  6 17  1  0  0  0  0
  6 18  1  0  0  0  0
  7  6  1  0  0  0  0
  8  7  1  0  0  0  0
  8 22  1  0  0  0  0
  8  9  1  0  0  0  0
  9 23  1  6  0  0  0
  9  5  1  0  0  0  0
  9  3  1  0  0  0  0
 11  1  1  0  0  0  0
 12  2  1  0  0  0  0
 19  7  1  0  0  0  0
 20  7  1  0  0  0  0
 21  8  1  0  0  0  0
M  END
