Lattice="13.13212566 0.0 0.0 0.0 13.61783827 0.0 0.0 0.0 13.61941125" Properties=species:S:1:pos:R:3:GW_charged:R:1:dKS_charged:R:1:dKS_neutral:R:1 pbc="T T T"
 OpenBabel12102411043D
Lattice="13.13212566 0.0 0.0 0.0 13.61783827 0.0 0.0 0.0 13.61941125" Properties=species:S:1:pos:R:3:GW_charged:R:1:dKS_charged:R:1:dKS_neutral:R:1 pbc="T T T"
 23 25  0  0  1  0  0  0  0  0999 V2000
    5.6269    8.4018    5.4956 C   0  0  0  0  0  0  0  0  0  0  0  0
    6.9483    7.6894    5.6562 C   0  0  2  0  0  0  0  0  0  0  0  0
    5.6524    6.9016    5.6639 C   0  0  1  0  0  0  0  0  0  0  0  0
    5.4437    6.2179    7.0141 C   0  0  1  0  0  0  0  0  0  0  0  0
    6.6388    5.2548    7.2133 C   0  0  0  0  0  0  0  0  0  0  0  0
    7.9695    6.0636    7.2051 C   0  0  0  0  0  0  0  0  0  0  0  0
    7.6631    7.5669    7.0009 C   0  0  2  0  0  0  0  0  0  0  0  0
    6.7732    8.0394    8.1640 C   0  0  0  0  0  0  0  0  0  0  0  0
    5.4441    7.2315    8.1719 C   0  0  0  0  0  0  0  0  0  0  0  0
    5.2473    9.0339    6.2966 H   0  0  0  0  0  0  0  0  0  0  0  0
    5.3933    8.7763    4.5000 H   0  0  0  0  0  0  0  0  0  0  0  0
    7.5911    7.6291    4.7761 H   0  0  0  0  0  0  0  0  0  0  0  0
    5.4024    6.2986    4.7891 H   0  0  0  0  0  0  0  0  0  0  0  0
    4.5000    5.6528    7.0178 H   0  0  0  0  0  0  0  0  0  0  0  0
    6.5201    4.7079    8.1603 H   0  0  0  0  0  0  0  0  0  0  0  0
    6.6388    4.5000    6.4139 H   0  0  0  0  0  0  0  0  0  0  0  0
    8.5184    5.9219    8.1478 H   0  0  0  0  0  0  0  0  0  0  0  0
    8.6321    5.7120    6.4014 H   0  0  0  0  0  0  0  0  0  0  0  0
    8.5992    8.1444    6.9935 H   0  0  0  0  0  0  0  0  0  0  0  0
    7.3198    7.8976    9.1076 H   0  0  0  0  0  0  0  0  0  0  0  0
    6.5796    9.1178    8.0797 H   0  0  0  0  0  0  0  0  0  0  0  0
    4.5751    7.8995    8.0918 H   0  0  0  0  0  0  0  0  0  0  0  0
    5.3265    6.6859    9.1194 H   0  0  0  0  0  0  0  0  0  0  0  0
  1  2  1  0  0  0  0
  1  3  1  0  0  0  0
  1 10  1  0  0  0  0
  2 12  1  6  0  0  0
  2  3  1  0  0  0  0
  2  7  1  0  0  0  0
  3 13  1  6  0  0  0
  3  4  1  0  0  0  0
  4 14  1  6  0  0  0
  4  5  1  0  0  0  0
  4  9  1  0  0  0  0
  5 15  1  0  0  0  0
  6  5  1  0  0  0  0
  6 17  1  0  0  0  0
  7 19  1  6  0  0  0
  7  6  1  0  0  0  0
  7  8  1  0  0  0  0
  8  9  1  0  0  0  0
  8 20  1  0  0  0  0
  9 23  1  0  0  0  0
 11  1  1  0  0  0  0
 16  5  1  0  0  0  0
 18  6  1  0  0  0  0
 21  8  1  0  0  0  0
 22  9  1  0  0  0  0
M  END
