Lattice="13.73394843 0.0 0.0 0.0 13.13342995 0.0 0.0 0.0 13.21715756" Properties=species:S:1:pos:R:3:GW_charged:R:1:dKS_charged:R:1:dKS_neutral:R:1 pbc="T T T"
 OpenBabel12102411063D
Lattice="13.73394843 0.0 0.0 0.0 13.13342995 0.0 0.0 0.0 13.21715756" Properties=species:S:1:pos:R:3:GW_charged:R:1:dKS_charged:R:1:dKS_neutral:R:1 pbc="T T T"
 21 23  0  0  1  0  0  0  0  0999 V2000
    5.7893    7.7216    5.6506 C   0  0  0  0  0  0  0  0  0  0  0  0
    7.3368    7.7337    5.7542 C   0  0  1  0  0  0  0  0  0  0  0  0
    7.8773    7.8816    7.1905 C   0  0  0  0  0  0  0  0  0  0  0  0
    7.7420    6.4766    7.8084 C   0  0  2  0  0  0  0  0  0  0  0  0
    8.1519    5.5590    6.6470 C   0  0  0  0  0  0  0  0  0  0  0  0
    7.3445    6.1795    5.5085 C   0  0  1  0  0  0  0  0  0  0  0  0
    5.8037    6.1781    5.8066 C   0  0  1  0  0  0  0  0  0  0  0  0
    5.5260    5.6661    7.2162 C   0  0  0  0  0  0  0  0  0  0  0  0
    6.3760    6.2367    8.2198 O   0  0  0  0  0  0  0  0  0  0  0  0
    5.2359    8.2940    6.4090 H   0  0  0  0  0  0  0  0  0  0  0  0
    5.4399    8.0271    4.6557 H   0  0  0  0  0  0  0  0  0  0  0  0
    7.8649    8.3740    5.0371 H   0  0  0  0  0  0  0  0  0  0  0  0
    8.9407    8.1665    7.1714 H   0  0  0  0  0  0  0  0  0  0  0  0
    7.3394    8.6334    7.7834 H   0  0  0  0  0  0  0  0  0  0  0  0
    8.3462    6.3503    8.7172 H   0  0  0  0  0  0  0  0  0  0  0  0
    9.2339    5.6401    6.4650 H   0  0  0  0  0  0  0  0  0  0  0  0
    7.9258    4.5000    6.8344 H   0  0  0  0  0  0  0  0  0  0  0  0
    7.6136    5.8447    4.5000 H   0  0  0  0  0  0  0  0  0  0  0  0
    5.1746    5.6194    5.0984 H   0  0  0  0  0  0  0  0  0  0  0  0
    4.5000    5.9117    7.5279 H   0  0  0  0  0  0  0  0  0  0  0  0
    5.6156    4.5625    7.2284 H   0  0  0  0  0  0  0  0  0  0  0  0
  1  2  1  0  0  0  0
  1  7  1  0  0  0  0
  1 10  1  0  0  0  0
  2 12  1  6  0  0  0
  2  3  1  0  0  0  0
  3 14  1  0  0  0  0
  3  4  1  0  0  0  0
  4  9  1  0  0  0  0
  4 15  1  1  0  0  0
  5 17  1  0  0  0  0
  5  4  1  0  0  0  0
  6 18  1  6  0  0  0
  6  2  1  0  0  0  0
  6  7  1  0  0  0  0
  6  5  1  0  0  0  0
  7 19  1  6  0  0  0
  7  8  1  0  0  0  0
  8 21  1  0  0  0  0
  8 20  1  0  0  0  0
  8  9  1  0  0  0  0
 11  1  1  0  0  0  0
 13  3  1  0  0  0  0
 16  5  1  0  0  0  0
M  END
