Lattice="13.04002909 0.0 0.0 0.0 14.18147974 0.0 0.0 0.0 13.374347329999999" Properties=species:S:1:pos:R:3:GW_charged:R:1:dKS_charged:R:1:dKS_neutral:R:1 pbc="T T T"
 OpenBabel12102409373D
Lattice="13.04002909 0.0 0.0 0.0 14.18147974 0.0 0.0 0.0 13.374347329999999" Properties=species:S:1:pos:R:3:GW_charged:R:1:dKS_charged:R:1:dKS_neutral:R:1 pbc="T T T"
 17 17  0  0  1  0  0  0  0  0999 V2000
    5.5620    9.2651    6.6405 C   0  0  0  0  0  0  0  0  0  0  0  0
    5.5573    7.7412    6.6919 C   0  0  1  0  0  0  0  0  0  0  0  0
    6.1707    7.2860    5.4809 O   0  0  0  0  0  0  0  0  0  0  0  0
    6.4854    5.8951    5.5120 C   0  0  0  0  0  0  0  0  0  0  0  0
    7.5504    5.5902    6.5639 C   0  0  0  0  0  0  0  0  0  0  0  0
    7.1864    6.2542    7.8617 C   0  0  0  0  0  0  0  0  0  0  0  0
    6.2523    7.2097    7.9187 C   0  0  0  0  0  0  0  0  0  0  0  0
    6.5927    9.6430    6.6538 H   0  0  0  0  0  0  0  0  0  0  0  0
    5.0717    9.6126    5.7224 H   0  0  0  0  0  0  0  0  0  0  0  0
    5.0239    9.6815    7.5024 H   0  0  0  0  0  0  0  0  0  0  0  0
    4.5000    7.3924    6.7057 H   0  0  0  0  0  0  0  0  0  0  0  0
    5.5717    5.3042    5.7208 H   0  0  0  0  0  0  0  0  0  0  0  0
    6.8276    5.6430    4.5000 H   0  0  0  0  0  0  0  0  0  0  0  0
    7.6354    4.5000    6.7028 H   0  0  0  0  0  0  0  0  0  0  0  0
    8.5400    5.9345    6.2185 H   0  0  0  0  0  0  0  0  0  0  0  0
    7.6932    5.9272    8.7721 H   0  0  0  0  0  0  0  0  0  0  0  0
    5.9651    7.6547    8.8743 H   0  0  0  0  0  0  0  0  0  0  0  0
  1  8  1  0  0  0  0
  1  2  1  0  0  0  0
  1 10  1  0  0  0  0
  2 11  1  1  0  0  0
  2  7  1  0  0  0  0
  3  4  1  0  0  0  0
  3  2  1  0  0  0  0
  4 12  1  0  0  0  0
  4  5  1  0  0  0  0
  5 14  1  0  0  0  0
  5  6  1  0  0  0  0
  6  7  2  0  0  0  0
  6 16  1  0  0  0  0
  7 17  1  0  0  0  0
  9  1  1  0  0  0  0
 13  4  1  0  0  0  0
 15  5  1  0  0  0  0
M  END
