Lattice="13.72739639 0.0 0.0 0.0 13.07334009 0.0 0.0 0.0 14.35351519" Properties=species:S:1:pos:R:3:GW_charged:R:1:dKS_charged:R:1:dKS_neutral:R:1 pbc="T T T"
 OpenBabel12102411063D
Lattice="13.72739639 0.0 0.0 0.0 13.07334009 0.0 0.0 0.0 14.35351519" Properties=species:S:1:pos:R:3:GW_charged:R:1:dKS_charged:R:1:dKS_neutral:R:1 pbc="T T T"
 21 23  0  0  1  0  0  0  0  0999 V2000
    6.4968    7.9253    7.7778 C   0  0  0  0  0  0  0  0  0  0  0  0
    8.0353    7.7461    7.6568 C   0  0  1  0  0  0  0  0  0  0  0  0
    8.2793    6.8928    8.9197 C   0  0  0  0  0  0  0  0  0  0  0  0
    7.1583    5.9443    8.8508 O   0  0  0  0  0  0  0  0  0  0  0  0
    6.5636    6.3718    7.6173 C   0  0  1  0  0  0  0  0  0  0  0  0
    5.5083    5.5661    6.9166 C   0  0  0  0  0  0  0  0  0  0  0  0
    5.6170    6.1072    5.4586 C   0  0  0  0  0  0  0  0  0  0  0  0
    7.0399    6.7649    5.2915 C   0  0  0  0  0  0  0  0  0  0  0  0
    7.7479    6.5943    6.6440 C   0  0  1  0  0  0  0  0  0  0  0  0
    6.0871    8.2998    8.7246 H   0  0  0  0  0  0  0  0  0  0  0  0
    6.0501    8.4519    6.9290 H   0  0  0  0  0  0  0  0  0  0  0  0
    8.7319    8.5733    7.4760 H   0  0  0  0  0  0  0  0  0  0  0  0
    9.2274    6.3334    8.9003 H   0  0  0  0  0  0  0  0  0  0  0  0
    8.2160    7.4714    9.8535 H   0  0  0  0  0  0  0  0  0  0  0  0
    5.7757    4.5000    6.9707 H   0  0  0  0  0  0  0  0  0  0  0  0
    4.5000    5.6830    7.3346 H   0  0  0  0  0  0  0  0  0  0  0  0
    5.4562    5.3047    4.7278 H   0  0  0  0  0  0  0  0  0  0  0  0
    4.8335    6.8546    5.2748 H   0  0  0  0  0  0  0  0  0  0  0  0
    7.6126    6.2667    4.5000 H   0  0  0  0  0  0  0  0  0  0  0  0
    6.9454    7.8156    4.9853 H   0  0  0  0  0  0  0  0  0  0  0  0
    8.4957    5.7878    6.6243 H   0  0  0  0  0  0  0  0  0  0  0  0
  1 10  1  0  0  0  0
  2 12  1  6  0  0  0
  2  1  1  0  0  0  0
  2  3  1  0  0  0  0
  3 14  1  0  0  0  0
  4  3  1  0  0  0  0
  5  1  1  0  0  0  0
  5  4  1  1  0  0  0
  6 15  1  0  0  0  0
  6 16  1  0  0  0  0
  6  5  1  0  0  0  0
  7  6  1  0  0  0  0
  8  7  1  0  0  0  0
  8  9  1  0  0  0  0
  9 21  1  1  0  0  0
  9  5  1  0  0  0  0
  9  2  1  0  0  0  0
 11  1  1  0  0  0  0
 13  3  1  0  0  0  0
 17  7  1  0  0  0  0
 18  7  1  0  0  0  0
 19  8  1  0  0  0  0
 20  8  1  0  0  0  0
M  END
