Lattice="12.85734927 0.0 0.0 0.0 16.61072178 0.0 0.0 0.0 12.24891143" Properties=species:S:1:pos:R:3:GW_charged:R:1:dKS_charged:R:1:dKS_neutral:R:1 pbc="T T T"
 OpenBabel12102410113D
Lattice="12.85734927 0.0 0.0 0.0 16.61072178 0.0 0.0 0.0 12.24891143" Properties=species:S:1:pos:R:3:GW_charged:R:1:dKS_charged:R:1:dKS_neutral:R:1 pbc="T T T"
 19 20  0  0  1  0  0  0  0  0999 V2000
    6.3506    5.5677    5.6507 C   0  0  0  0  0  0  0  0  0  0  0  0
    6.2829    6.7765    5.6211 C   0  0  0  0  0  0  0  0  0  0  0  0
    6.2203    8.2323    5.6118 C   0  0  1  0  0  0  0  0  0  0  0  0
    5.4665    8.7860    6.8412 C   0  0  0  0  0  0  0  0  0  0  0  0
    5.2494   10.2969    6.7068 C   0  0  0  0  0  0  0  0  0  0  0  0
    6.5128   11.0451    6.3544 C   0  0  1  0  0  0  0  0  0  0  0  0
    7.6772   10.7537    7.1482 O   0  0  0  0  0  0  0  0  0  0  0  0
    7.6676   10.3397    5.7632 C   0  0  1  0  0  0  0  0  0  0  0  0
    7.6381    8.8474    5.5007 C   0  0  0  0  0  0  0  0  0  0  0  0
    6.4056    4.5000    5.6719 H   0  0  0  0  0  0  0  0  0  0  0  0
    5.6509    8.5359    4.7136 H   0  0  0  0  0  0  0  0  0  0  0  0
    4.5000    8.2747    6.9397 H   0  0  0  0  0  0  0  0  0  0  0  0
    6.0441    8.5600    7.7489 H   0  0  0  0  0  0  0  0  0  0  0  0
    4.5066   10.5022    5.9172 H   0  0  0  0  0  0  0  0  0  0  0  0
    4.8323   10.7076    7.6395 H   0  0  0  0  0  0  0  0  0  0  0  0
    6.3869   12.1107    6.1286 H   0  0  0  0  0  0  0  0  0  0  0  0
    8.3573   10.9183    5.1393 H   0  0  0  0  0  0  0  0  0  0  0  0
    8.3084    8.3506    6.2182 H   0  0  0  0  0  0  0  0  0  0  0  0
    8.0439    8.6443    4.5000 H   0  0  0  0  0  0  0  0  0  0  0  0
  1 10  1  0  0  0  0
  2  1  3  0  0  0  0
  3 11  1  6  0  0  0
  3  2  1  0  0  0  0
  3  4  1  0  0  0  0
  4 12  1  0  0  0  0
  4 13  1  0  0  0  0
  5  4  1  0  0  0  0
  5 15  1  0  0  0  0
  6 16  1  6  0  0  0
  6  5  1  0  0  0  0
  6  7  1  0  0  0  0
  8 17  1  6  0  0  0
  8  6  1  0  0  0  0
  8  7  1  0  0  0  0
  9  3  1  0  0  0  0
  9  8  1  0  0  0  0
  9 18  1  0  0  0  0
 14  5  1  0  0  0  0
 19  9  1  0  0  0  0
M  END
