Lattice="12.45346903 0.0 0.0 0.0 13.50639247 0.0 0.0 0.0 14.077068" Properties=species:S:1:pos:R:3:GW_charged:R:1:dKS_charged:R:1:dKS_neutral:R:1 pbc="T T T"
 OpenBabel12102409413D
Lattice="12.45346903 0.0 0.0 0.0 13.50639247 0.0 0.0 0.0 14.077068" Properties=species:S:1:pos:R:3:GW_charged:R:1:dKS_charged:R:1:dKS_neutral:R:1 pbc="T T T"
 20 19  0  0  1  0  0  0  0  0999 V2000
    5.2922    8.4820    5.6171 C   0  0  0  0  0  0  0  0  0  0  0  0
    5.4847    6.9656    5.6600 C   0  0  1  0  0  0  0  0  0  0  0  0
    6.1926    6.5158    4.5000 O   0  0  0  0  0  0  0  0  0  0  0  0
    6.2040    6.4370    6.9326 C   0  0  1  0  0  0  0  0  0  0  0  0
    6.1553    4.9016    6.9629 C   0  0  0  0  0  0  0  0  0  0  0  0
    7.5705    6.8798    6.8060 O   0  0  0  0  0  0  0  0  0  0  0  0
    5.6214    7.0327    8.2265 C   0  0  0  0  0  0  0  0  0  0  0  0
    6.4161    6.6876    9.3709 O   0  0  0  0  0  0  0  0  0  0  0  0
    6.2433    9.0064    5.7823 H   0  0  0  0  0  0  0  0  0  0  0  0
    4.9103    8.7599    4.6273 H   0  0  0  0  0  0  0  0  0  0  0  0
    4.5674    8.8301    6.3666 H   0  0  0  0  0  0  0  0  0  0  0  0
    4.5000    6.4749    5.6009 H   0  0  0  0  0  0  0  0  0  0  0  0
    7.1254    6.7525    4.6476 H   0  0  0  0  0  0  0  0  0  0  0  0
    6.5432    4.5000    6.0204 H   0  0  0  0  0  0  0  0  0  0  0  0
    6.7754    4.5002    7.7773 H   0  0  0  0  0  0  0  0  0  0  0  0
    5.1260    4.5373    7.0957 H   0  0  0  0  0  0  0  0  0  0  0  0
    7.9535    6.8400    7.7000 H   0  0  0  0  0  0  0  0  0  0  0  0
    5.6556    8.1273    8.1828 H   0  0  0  0  0  0  0  0  0  0  0  0
    4.5705    6.7222    8.3596 H   0  0  0  0  0  0  0  0  0  0  0  0
    6.2634    5.7523    9.5771 H   0  0  0  0  0  0  0  0  0  0  0  0
  1  2  1  0  0  0  0
  1  9  1  0  0  0  0
  1 11  1  0  0  0  0
  2 12  1  6  0  0  0
  2  4  1  0  0  0  0
  3 13  1  0  0  0  0
  3  2  1  0  0  0  0
  4  6  1  6  0  0  0
  4  5  1  0  0  0  0
  4  7  1  0  0  0  0
  5 16  1  0  0  0  0
  5 15  1  0  0  0  0
  6 17  1  0  0  0  0
  7 19  1  0  0  0  0
  7  8  1  0  0  0  0
  8 20  1  0  0  0  0
 10  1  1  0  0  0  0
 14  5  1  0  0  0  0
 18  7  1  0  0  0  0
M  END
