Lattice="13.14886823 0.0 0.0 0.0 13.12026381 0.0 0.0 0.0 14.385122169999999" Properties=species:S:1:pos:R:3:GW_charged:R:1:dKS_charged:R:1:dKS_neutral:R:1 pbc="T T T"
 OpenBabel12102411053D
Lattice="13.14886823 0.0 0.0 0.0 13.12026381 0.0 0.0 0.0 14.385122169999999" Properties=species:S:1:pos:R:3:GW_charged:R:1:dKS_charged:R:1:dKS_neutral:R:1 pbc="T T T"
 23 25  0  0  1  0  0  0  0  0999 V2000
    5.6249    7.5320    8.0913 C   0  0  0  0  0  0  0  0  0  0  0  0
    7.1756    7.4355    8.0163 C   0  0  1  0  0  0  0  0  0  0  0  0
    6.9823    6.1219    8.8374 C   0  0  0  0  0  0  0  0  0  0  0  0
    5.6578    5.9782    8.0237 C   0  0  2  0  0  0  0  0  0  0  0  0
    5.9672    5.5009    6.5535 C   0  0  1  0  0  0  0  0  0  0  0  0
    5.4922    6.5244    5.4883 C   0  0  0  0  0  0  0  0  0  0  0  0
    6.6238    7.6109    5.4828 C   0  0  0  0  0  0  0  0  0  0  0  0
    7.6325    7.0998    6.5454 C   0  0  2  0  0  0  0  0  0  0  0  0
    7.4866    5.5840    6.3218 C   0  0  0  0  0  0  0  0  0  0  0  0
    5.3036    7.8716    9.0851 H   0  0  0  0  0  0  0  0  0  0  0  0
    5.0739    8.1020    7.3365 H   0  0  0  0  0  0  0  0  0  0  0  0
    7.7706    8.2511    8.4480 H   0  0  0  0  0  0  0  0  0  0  0  0
    7.7409    5.3316    8.8160 H   0  0  0  0  0  0  0  0  0  0  0  0
    6.7588    6.3600    9.8851 H   0  0  0  0  0  0  0  0  0  0  0  0
    4.8208    5.4191    8.4623 H   0  0  0  0  0  0  0  0  0  0  0  0
    5.5471    4.5000    6.3876 H   0  0  0  0  0  0  0  0  0  0  0  0
    5.4226    6.0325    4.5082 H   0  0  0  0  0  0  0  0  0  0  0  0
    4.5000    6.9405    5.7062 H   0  0  0  0  0  0  0  0  0  0  0  0
    7.1133    7.6557    4.5000 H   0  0  0  0  0  0  0  0  0  0  0  0
    6.2496    8.6203    5.6977 H   0  0  0  0  0  0  0  0  0  0  0  0
    8.6489    7.4780    6.3726 H   0  0  0  0  0  0  0  0  0  0  0  0
    8.0934    4.9552    6.9800 H   0  0  0  0  0  0  0  0  0  0  0  0
    7.7422    5.3125    5.2862 H   0  0  0  0  0  0  0  0  0  0  0  0
  1 10  1  0  0  0  0
  2  1  1  0  0  0  0
  2 12  1  1  0  0  0
  2  3  1  0  0  0  0
  3 14  1  0  0  0  0
  4  1  1  0  0  0  0
  4 15  1  1  0  0  0
  4  3  1  0  0  0  0
  5 16  1  6  0  0  0
  5  4  1  0  0  0  0
  6 18  1  0  0  0  0
  6  5  1  0  0  0  0
  7  6  1  0  0  0  0
  7 20  1  0  0  0  0
  7  8  1  0  0  0  0
  8 21  1  6  0  0  0
  8  2  1  0  0  0  0
  9  8  1  0  0  0  0
  9  5  1  0  0  0  0
  9 22  1  0  0  0  0
 11  1  1  0  0  0  0
 13  3  1  0  0  0  0
 17  6  1  0  0  0  0
 19  7  1  0  0  0  0
 23  9  1  0  0  0  0
M  END
