Lattice="14.16958998 0.0 0.0 0.0 12.92413773 0.0 0.0 0.0 14.14169409" Properties=species:S:1:pos:R:3:GW_charged:R:1:dKS_charged:R:1:dKS_neutral:R:1 pbc="T T T"
 OpenBabel12102409423D
Lattice="14.16958998 0.0 0.0 0.0 12.92413773 0.0 0.0 0.0 14.14169409" Properties=species:S:1:pos:R:3:GW_charged:R:1:dKS_charged:R:1:dKS_neutral:R:1 pbc="T T T"
 18 18  0  0  1  0  0  0  0  0999 V2000
    8.5899    7.7527    8.6913 C   0  0  0  0  0  0  0  0  0  0  0  0
    7.8124    6.4560    8.5856 C   0  0  0  0  0  0  0  0  0  0  0  0
    7.2162    5.9689    9.5302 O   0  0  0  0  0  0  0  0  0  0  0  0
    7.8298    5.8292    7.2158 C   0  0  1  0  0  0  0  0  0  0  0  0
    7.3365    4.5000    7.0522 O   0  0  0  0  0  0  0  0  0  0  0  0
    6.5736    5.5586    6.4445 C   0  0  0  0  0  0  0  0  0  0  0  0
    5.2147    5.8090    7.0528 C   0  0  0  0  0  0  0  0  0  0  0  0
    6.6444    5.6119    4.9345 C   0  0  0  0  0  0  0  0  0  0  0  0
    9.6696    7.5425    8.6429 H   0  0  0  0  0  0  0  0  0  0  0  0
    8.3592    8.4241    7.8512 H   0  0  0  0  0  0  0  0  0  0  0  0
    8.3637    8.2453    9.6417 H   0  0  0  0  0  0  0  0  0  0  0  0
    8.7223    6.0652    6.6214 H   0  0  0  0  0  0  0  0  0  0  0  0
    5.2467    5.7276    8.1440 H   0  0  0  0  0  0  0  0  0  0  0  0
    4.8441    6.8056    6.7741 H   0  0  0  0  0  0  0  0  0  0  0  0
    4.5000    5.0671    6.6692 H   0  0  0  0  0  0  0  0  0  0  0  0
    5.9472    4.8811    4.5000 H   0  0  0  0  0  0  0  0  0  0  0  0
    6.3588    6.6070    4.5658 H   0  0  0  0  0  0  0  0  0  0  0  0
    7.6543    5.3794    4.5764 H   0  0  0  0  0  0  0  0  0  0  0  0
  1 11  1  0  0  0  0
  2  1  1  0  0  0  0
  2  3  2  0  0  0  0
  4 12  1  6  0  0  0
  4  2  1  0  0  0  0
  5  4  1  0  0  0  0
  6  5  1  0  0  0  0
  6  7  1  0  0  0  0
  6  4  1  0  0  0  0
  7 13  1  0  0  0  0
  8  6  1  0  0  0  0
  9  1  1  0  0  0  0
 10  1  1  0  0  0  0
 14  7  1  0  0  0  0
 15  7  1  0  0  0  0
 16  8  1  0  0  0  0
 17  8  1  0  0  0  0
 18  8  1  0  0  0  0
M  END
