Lattice="13.50765337 0.0 0.0 0.0 15.44302423 0.0 0.0 0.0 13.60890961" Properties=species:S:1:pos:R:3:GW_charged:R:1:dKS_charged:R:1:dKS_neutral:R:1 pbc="T T T"
 OpenBabel12102409393D
Lattice="13.50765337 0.0 0.0 0.0 15.44302423 0.0 0.0 0.0 13.60890961" Properties=species:S:1:pos:R:3:GW_charged:R:1:dKS_charged:R:1:dKS_neutral:R:1 pbc="T T T"
 19 19  0  0  0  0  0  0  0  0999 V2000
    5.8438   10.4039    8.2536 C   0  0  0  0  0  0  0  0  0  0  0  0
    5.5814    8.9172    8.1099 C   0  0  0  0  0  0  0  0  0  0  0  0
    6.3179    8.4273    6.9965 O   0  0  0  0  0  0  0  0  0  0  0  0
    6.1201    7.0340    6.7858 C   0  0  0  0  0  0  0  0  0  0  0  0
    6.8871    6.5959    5.5720 C   0  0  0  0  0  0  0  0  0  0  0  0
    8.3558    6.2749    5.6857 C   0  0  0  0  0  0  0  0  0  0  0  0
    7.3576    5.1643    5.4734 C   0  0  0  0  0  0  0  0  0  0  0  0
    6.9125   10.5963    8.4148 H   0  0  0  0  0  0  0  0  0  0  0  0
    5.5302   10.9430    7.3501 H   0  0  0  0  0  0  0  0  0  0  0  0
    5.2866   10.8093    9.1089 H   0  0  0  0  0  0  0  0  0  0  0  0
    5.8839    8.3758    9.0291 H   0  0  0  0  0  0  0  0  0  0  0  0
    4.5000    8.7224    7.9620 H   0  0  0  0  0  0  0  0  0  0  0  0
    6.4573    6.4623    7.6756 H   0  0  0  0  0  0  0  0  0  0  0  0
    5.0385    6.8243    6.6571 H   0  0  0  0  0  0  0  0  0  0  0  0
    6.5634    7.0662    4.6421 H   0  0  0  0  0  0  0  0  0  0  0  0
    9.0077    6.5515    4.8590 H   0  0  0  0  0  0  0  0  0  0  0  0
    8.8146    6.3695    6.6695 H   0  0  0  0  0  0  0  0  0  0  0  0
    7.1470    4.5000    6.3114 H   0  0  0  0  0  0  0  0  0  0  0  0
    7.3179    4.6787    4.5000 H   0  0  0  0  0  0  0  0  0  0  0  0
  1  8  1  0  0  0  0
  1 10  1  0  0  0  0
  2  1  1  0  0  0  0
  2 11  1  0  0  0  0
  3  2  1  0  0  0  0
  4  3  1  0  0  0  0
  4 13  1  0  0  0  0
  5  6  1  0  0  0  0
  5  4  1  0  0  0  0
  6 17  1  0  0  0  0
  7  5  1  0  0  0  0
  7  6  1  0  0  0  0
  7 18  1  0  0  0  0
  9  1  1  0  0  0  0
 12  2  1  0  0  0  0
 14  4  1  0  0  0  0
 15  5  1  0  0  0  0
 16  6  1  0  0  0  0
 19  7  1  0  0  0  0
M  END
