Lattice="13.5028595 0.0 0.0 0.0 16.018438670000002 0.0 0.0 0.0 13.71015012" Properties=species:S:1:pos:R:3:GW_charged:R:1:dKS_charged:R:1:dKS_neutral:R:1 pbc="T T T"
 OpenBabel12102409453D
Lattice="13.5028595 0.0 0.0 0.0 16.018438670000002 0.0 0.0 0.0 13.71015012" Properties=species:S:1:pos:R:3:GW_charged:R:1:dKS_charged:R:1:dKS_neutral:R:1 pbc="T T T"
 19 20  0  0  1  0  0  0  0  0999 V2000
    6.5825    5.5690    6.6359 C   0  0  0  0  0  0  0  0  0  0  0  0
    6.5989    6.7815    6.6127 C   0  0  0  0  0  0  0  0  0  0  0  0
    6.5849    8.2139    6.6055 C   0  0  2  0  0  0  0  0  0  0  0  0
    7.0353    8.9426    5.3521 C   0  0  0  0  0  0  0  0  0  0  0  0
    7.9249    8.9639    6.5656 C   0  0  1  0  0  0  0  0  0  0  0  0
    8.0826   10.2415    7.3821 C   0  0  0  0  0  0  0  0  0  0  0  0
    6.8973   10.4767    8.3200 C   0  0  0  0  0  0  0  0  0  0  0  0
    5.6522   10.2304    7.6636 O   0  0  0  0  0  0  0  0  0  0  0  0
    5.4672    8.8395    7.4457 C   0  0  0  0  0  0  0  0  0  0  0  0
    6.5757    4.5000    6.6492 H   0  0  0  0  0  0  0  0  0  0  0  0
    7.3286    8.3333    4.5000 H   0  0  0  0  0  0  0  0  0  0  0  0
    6.4973    9.8607    5.1139 H   0  0  0  0  0  0  0  0  0  0  0  0
    8.8004    8.3177    6.5192 H   0  0  0  0  0  0  0  0  0  0  0  0
    9.0029   10.1855    7.9811 H   0  0  0  0  0  0  0  0  0  0  0  0
    8.1948   11.1030    6.7066 H   0  0  0  0  0  0  0  0  0  0  0  0
    6.9740    9.8225    9.2102 H   0  0  0  0  0  0  0  0  0  0  0  0
    6.8622   11.5184    8.6633 H   0  0  0  0  0  0  0  0  0  0  0  0
    4.5000    8.7301    6.9368 H   0  0  0  0  0  0  0  0  0  0  0  0
    5.4162    8.3073    8.4149 H   0  0  0  0  0  0  0  0  0  0  0  0
  1 10  1  0  0  0  0
  2  1  3  0  0  0  0
  3  2  1  6  0  0  0
  3  9  1  0  0  0  0
  4  5  1  0  0  0  0
  4  3  1  0  0  0  0
  5 13  1  6  0  0  0
  5  3  1  0  0  0  0
  5  6  1  0  0  0  0
  6 14  1  0  0  0  0
  6  7  1  0  0  0  0
  7 17  1  0  0  0  0
  7 16  1  0  0  0  0
  8  7  1  0  0  0  0
  9  8  1  0  0  0  0
  9 19  1  0  0  0  0
 11  4  1  0  0  0  0
 12  4  1  0  0  0  0
 15  6  1  0  0  0  0
 18  9  1  0  0  0  0
M  END
