Lattice="12.68740311 0.0 0.0 0.0 13.78399684 0.0 0.0 0.0 13.45042525" Properties=species:S:1:pos:R:3:GW_charged:R:1:dKS_charged:R:1:dKS_neutral:R:1 pbc="T T T"
 OpenBabel12102409333D
Lattice="12.68740311 0.0 0.0 0.0 13.78399684 0.0 0.0 0.0 13.45042525" Properties=species:S:1:pos:R:3:GW_charged:R:1:dKS_charged:R:1:dKS_neutral:R:1 pbc="T T T"
 17 17  0  0  0  0  0  0  0  0999 V2000
    5.8484    8.6274    7.9463 C   0  0  0  0  0  0  0  0  0  0  0  0
    6.3907    7.2162    7.8421 C   0  0  0  0  0  0  0  0  0  0  0  0
    6.9440    6.6878    8.7983 O   0  0  0  0  0  0  0  0  0  0  0  0
    6.2281    6.4894    6.5330 C   0  0  0  0  0  0  0  0  0  0  0  0
    5.5373    7.1791    5.3737 C   0  0  0  0  0  0  0  0  0  0  0  0
    7.3621    5.5151    6.2139 C   0  0  0  0  0  0  0  0  0  0  0  0
    6.0515    4.9775    6.6752 C   0  0  0  0  0  0  0  0  0  0  0  0
    6.3180    9.2840    7.1992 H   0  0  0  0  0  0  0  0  0  0  0  0
    4.7672    8.6477    7.7452 H   0  0  0  0  0  0  0  0  0  0  0  0
    6.0428    9.0154    8.9504 H   0  0  0  0  0  0  0  0  0  0  0  0
    6.0644    8.0931    5.0649 H   0  0  0  0  0  0  0  0  0  0  0  0
    5.5025    6.5148    4.5000 H   0  0  0  0  0  0  0  0  0  0  0  0
    4.5000    7.4513    5.6153 H   0  0  0  0  0  0  0  0  0  0  0  0
    7.6324    5.4187    5.1632 H   0  0  0  0  0  0  0  0  0  0  0  0
    8.1874    5.4961    6.9234 H   0  0  0  0  0  0  0  0  0  0  0  0
    5.9977    4.5981    7.6939 H   0  0  0  0  0  0  0  0  0  0  0  0
    5.3921    4.5000    5.9515 H   0  0  0  0  0  0  0  0  0  0  0  0
  1 10  1  0  0  0  0
  2  1  1  0  0  0  0
  2  3  2  0  0  0  0
  4  7  1  0  0  0  0
  4  2  1  0  0  0  0
  5 13  1  0  0  0  0
  5  4  1  0  0  0  0
  6  4  1  0  0  0  0
  6  7  1  0  0  0  0
  6 15  1  0  0  0  0
  7 16  1  0  0  0  0
  8  1  1  0  0  0  0
  9  1  1  0  0  0  0
 11  5  1  0  0  0  0
 12  5  1  0  0  0  0
 14  6  1  0  0  0  0
 17  7  1  0  0  0  0
M  END
