Lattice="14.88997289 0.0 0.0 0.0 14.74337974 0.0 0.0 0.0 12.22875782" Properties=species:S:1:pos:R:3:GW_charged:R:1:dKS_charged:R:1:dKS_neutral:R:1 pbc="T T T"
 OpenBabel12102411063D
Lattice="14.88997289 0.0 0.0 0.0 14.74337974 0.0 0.0 0.0 12.22875782" Properties=species:S:1:pos:R:3:GW_charged:R:1:dKS_charged:R:1:dKS_neutral:R:1 pbc="T T T"
 23 24  0  0  1  0  0  0  0  0999 V2000
    5.1224    9.5124    5.9625 C   0  0  0  0  0  0  0  0  0  0  0  0
    6.6621    9.5104    5.7790 C   0  0  0  0  0  0  0  0  0  0  0  0
    6.6763    8.0284    6.2544 C   0  0  0  0  0  0  0  0  0  0  0  0
    5.1555    7.9626    5.9300 C   0  0  0  0  0  0  0  0  0  0  0  0
    7.6261    7.0389    5.5876 C   0  0  1  0  0  0  0  0  0  0  0  0
    9.1112    7.3529    5.9344 C   0  0  0  0  0  0  0  0  0  0  0  0
    9.4651    6.3197    6.9718 C   0  0  0  0  0  0  0  0  0  0  0  0
    8.5342    5.3632    7.0650 C   0  0  0  0  0  0  0  0  0  0  0  0
    7.3945    5.5892    6.1064 C   0  0  0  0  0  0  0  0  0  0  0  0
    4.8337    9.8901    6.9526 H   0  0  0  0  0  0  0  0  0  0  0  0
    4.5174   10.0274    5.2058 H   0  0  0  0  0  0  0  0  0  0  0  0
    6.9426    9.5841    4.7176 H   0  0  0  0  0  0  0  0  0  0  0  0
    7.2506   10.2434    6.3455 H   0  0  0  0  0  0  0  0  0  0  0  0
    6.8228    7.9925    7.3476 H   0  0  0  0  0  0  0  0  0  0  0  0
    4.5000    7.4175    6.6212 H   0  0  0  0  0  0  0  0  0  0  0  0
    4.9880    7.5761    4.9135 H   0  0  0  0  0  0  0  0  0  0  0  0
    7.4627    7.0919    4.5000 H   0  0  0  0  0  0  0  0  0  0  0  0
    9.7679    7.2608    5.0522 H   0  0  0  0  0  0  0  0  0  0  0  0
    9.2394    8.3848    6.2985 H   0  0  0  0  0  0  0  0  0  0  0  0
   10.3900    6.3504    7.5484 H   0  0  0  0  0  0  0  0  0  0  0  0
    8.5890    4.5000    7.7288 H   0  0  0  0  0  0  0  0  0  0  0  0
    6.4074    5.4752    6.5821 H   0  0  0  0  0  0  0  0  0  0  0  0
    7.4214    4.8501    5.2873 H   0  0  0  0  0  0  0  0  0  0  0  0
  1 10  1  0  0  0  0
  2  1  1  0  0  0  0
  2  3  1  0  0  0  0
  2 13  1  0  0  0  0
  3 14  1  0  0  0  0
  4  1  1  0  0  0  0
  4  3  1  0  0  0  0
  4 15  1  0  0  0  0
  5 17  1  6  0  0  0
  5  6  1  0  0  0  0
  5  9  1  0  0  0  0
  5  3  1  0  0  0  0
  6 19  1  0  0  0  0
  6  7  1  0  0  0  0
  7  8  2  0  0  0  0
  7 20  1  0  0  0  0
  8 21  1  0  0  0  0
  9 22  1  0  0  0  0
  9  8  1  0  0  0  0
 11  1  1  0  0  0  0
 12  2  1  0  0  0  0
 16  4  1  0  0  0  0
 18  6  1  0  0  0  0
 23  9  1  0  0  0  0
M  END
