Lattice="13.667424950000001 0.0 0.0 0.0 13.94480081 0.0 0.0 0.0 14.40256679" Properties=species:S:1:pos:R:3:GW_charged:R:1:dKS_charged:R:1:dKS_neutral:R:1 pbc="T T T"
 OpenBabel12102411053D
Lattice="13.667424950000001 0.0 0.0 0.0 13.94480081 0.0 0.0 0.0 14.40256679" Properties=species:S:1:pos:R:3:GW_charged:R:1:dKS_charged:R:1:dKS_neutral:R:1 pbc="T T T"
 25 26  0  0  1  0  0  0  0  0999 V2000
    5.9696    7.7873    8.7547 C   0  0  0  0  0  0  0  0  0  0  0  0
    7.5211    7.8821    8.6907 C   0  0  1  0  0  0  0  0  0  0  0  0
    7.5947    6.3352    8.8915 C   0  0  0  0  0  0  0  0  0  0  0  0
    6.0485    6.2347    8.6965 C   0  0  2  0  0  0  0  0  0  0  0  0
    5.5177    5.5787    7.4162 C   0  0  0  0  0  0  0  0  0  0  0  0
    6.3274    5.7033    6.1137 C   0  0  0  0  0  0  0  0  0  0  0  0
    6.7255    7.1005    5.5940 C   0  0  0  0  0  0  0  0  0  0  0  0
    8.0713    7.6543    6.1068 C   0  0  0  0  0  0  0  0  0  0  0  0
    8.1091    8.4779    7.4059 C   0  0  0  0  0  0  0  0  0  0  0  0
    5.5558    8.1605    9.7009 H   0  0  0  0  0  0  0  0  0  0  0  0
    5.4222    8.2737    7.9351 H   0  0  0  0  0  0  0  0  0  0  0  0
    7.9440    8.4426    9.5366 H   0  0  0  0  0  0  0  0  0  0  0  0
    8.2163    5.7771    8.1791 H   0  0  0  0  0  0  0  0  0  0  0  0
    7.9145    6.0530    9.9026 H   0  0  0  0  0  0  0  0  0  0  0  0
    5.5419    5.7551    9.5461 H   0  0  0  0  0  0  0  0  0  0  0  0
    5.3893    4.5000    7.6047 H   0  0  0  0  0  0  0  0  0  0  0  0
    4.5000    5.9705    7.2435 H   0  0  0  0  0  0  0  0  0  0  0  0
    7.2455    5.0977    6.1965 H   0  0  0  0  0  0  0  0  0  0  0  0
    5.7292    5.2058    5.3344 H   0  0  0  0  0  0  0  0  0  0  0  0
    6.8131    7.0184    4.5000 H   0  0  0  0  0  0  0  0  0  0  0  0
    5.9142    7.8263    5.7663 H   0  0  0  0  0  0  0  0  0  0  0  0
    8.7760    6.8100    6.1904 H   0  0  0  0  0  0  0  0  0  0  0  0
    8.4961    8.3013    5.3235 H   0  0  0  0  0  0  0  0  0  0  0  0
    7.6055    9.4448    7.2312 H   0  0  0  0  0  0  0  0  0  0  0  0
    9.1674    8.7268    7.5898 H   0  0  0  0  0  0  0  0  0  0  0  0
  1 10  1  0  0  0  0
  2  1  1  0  0  0  0
  2  3  1  0  0  0  0
  2 12  1  1  0  0  0
  3 14  1  0  0  0  0
  4  1  1  0  0  0  0
  4  3  1  0  0  0  0
  4 15  1  1  0  0  0
  5 16  1  0  0  0  0
  5  4  1  0  0  0  0
  6 18  1  0  0  0  0
  6  5  1  0  0  0  0
  7 21  1  0  0  0  0
  7  8  1  0  0  0  0
  7  6  1  0  0  0  0
  8 22  1  0  0  0  0
  8  9  1  0  0  0  0
  9 25  1  0  0  0  0
  9  2  1  0  0  0  0
 11  1  1  0  0  0  0
 13  3  1  0  0  0  0
 17  5  1  0  0  0  0
 19  6  1  0  0  0  0
 20  7  1  0  0  0  0
 23  8  1  0  0  0  0
 24  9  1  0  0  0  0
M  END
