Lattice="11.80903062 0.0 0.0 0.0 15.08178133 0.0 0.0 0.0 13.62136736" Properties=species:S:1:pos:R:3:GW_charged:R:1:dKS_charged:R:1:dKS_neutral:R:1 pbc="T T T"
 OpenBabel12102409383D
Lattice="11.80903062 0.0 0.0 0.0 15.08178133 0.0 0.0 0.0 13.62136736" Properties=species:S:1:pos:R:3:GW_charged:R:1:dKS_charged:R:1:dKS_neutral:R:1 pbc="T T T"
 19 19  0  0  1  0  0  0  0  0999 V2000
    5.2530   10.0124    5.9603 C   0  0  0  0  0  0  0  0  0  0  0  0
    5.5423    8.5251    5.7561 C   0  0  1  0  0  0  0  0  0  0  0  0
    6.2083    8.2877    4.5000 O   0  0  0  0  0  0  0  0  0  0  0  0
    6.3130    7.9399    6.9202 C   0  0  1  0  0  0  0  0  0  0  0  0
    5.5895    7.3831    8.1280 C   0  0  0  0  0  0  0  0  0  0  0  0
    6.3518    6.4554    7.2114 C   0  0  1  0  0  0  0  0  0  0  0  0
    5.6414    5.4335    6.3529 C   0  0  0  0  0  0  0  0  0  0  0  0
    6.1896   10.5818    6.0655 H   0  0  0  0  0  0  0  0  0  0  0  0
    4.6988   10.4181    5.1045 H   0  0  0  0  0  0  0  0  0  0  0  0
    4.6615   10.1733    6.8723 H   0  0  0  0  0  0  0  0  0  0  0  0
    4.5855    7.9930    5.6455 H   0  0  0  0  0  0  0  0  0  0  0  0
    7.0942    8.6806    4.5577 H   0  0  0  0  0  0  0  0  0  0  0  0
    7.2379    8.4844    7.1382 H   0  0  0  0  0  0  0  0  0  0  0  0
    5.9805    7.5979    9.1214 H   0  0  0  0  0  0  0  0  0  0  0  0
    4.5000    7.3456    8.0772 H   0  0  0  0  0  0  0  0  0  0  0  0
    7.3090    6.1064    7.6050 H   0  0  0  0  0  0  0  0  0  0  0  0
    4.6536    5.7822    6.0245 H   0  0  0  0  0  0  0  0  0  0  0  0
    6.2221    5.2008    5.4499 H   0  0  0  0  0  0  0  0  0  0  0  0
    5.4875    4.5000    6.9128 H   0  0  0  0  0  0  0  0  0  0  0  0
  1  8  1  0  0  0  0
  1 10  1  0  0  0  0
  2 11  1  6  0  0  0
  2  1  1  0  0  0  0
  2  4  1  0  0  0  0
  3 12  1  0  0  0  0
  3  2  1  0  0  0  0
  4 13  1  1  0  0  0
  4  6  1  0  0  0  0
  4  5  1  0  0  0  0
  5 14  1  0  0  0  0
  6 16  1  1  0  0  0
  6  5  1  0  0  0  0
  7 19  1  0  0  0  0
  7  6  1  0  0  0  0
  9  1  1  0  0  0  0
 15  5  1  0  0  0  0
 17  7  1  0  0  0  0
 18  7  1  0  0  0  0
M  END
