Lattice="13.34073252 0.0 0.0 0.0 13.93237984 0.0 0.0 0.0 12.69716334" Properties=species:S:1:pos:R:3:GW_charged:R:1:dKS_charged:R:1:dKS_neutral:R:1 pbc="T T T"
 OpenBabel12102409393D
Lattice="13.34073252 0.0 0.0 0.0 13.93237984 0.0 0.0 0.0 12.69716334" Properties=species:S:1:pos:R:3:GW_charged:R:1:dKS_charged:R:1:dKS_neutral:R:1 pbc="T T T"
 17 17  0  0  1  0  0  0  0  0999 V2000
    8.2442    9.1826    5.9082 O   0  0  0  0  0  0  0  0  0  0  0  0
    8.1778    7.7671    5.7951 C   0  0  0  0  0  0  0  0  0  0  0  0
    6.7579    7.2813    5.5227 C   0  0  1  0  0  0  0  0  0  0  0  0
    6.6256    5.7437    5.5088 C   0  0  0  0  0  0  0  0  0  0  0  0
    5.4599    5.4636    6.4735 C   0  0  0  0  0  0  0  0  0  0  0  0
    5.5408    6.6586    7.4195 C   0  0  0  0  0  0  0  0  0  0  0  0
    5.8859    7.7664    6.5776 O   0  0  0  0  0  0  0  0  0  0  0  0
    7.5199    9.4324    6.5082 H   0  0  0  0  0  0  0  0  0  0  0  0
    8.8407    7.4799    4.9650 H   0  0  0  0  0  0  0  0  0  0  0  0
    8.5575    7.2757    6.7136 H   0  0  0  0  0  0  0  0  0  0  0  0
    6.3916    7.7433    4.5925 H   0  0  0  0  0  0  0  0  0  0  0  0
    6.4446    5.3555    4.5000 H   0  0  0  0  0  0  0  0  0  0  0  0
    7.5524    5.2802    5.8806 H   0  0  0  0  0  0  0  0  0  0  0  0
    4.5000    5.4740    5.9386 H   0  0  0  0  0  0  0  0  0  0  0  0
    5.5534    4.5000    6.9901 H   0  0  0  0  0  0  0  0  0  0  0  0
    4.5946    6.9069    7.9169 H   0  0  0  0  0  0  0  0  0  0  0  0
    6.3122    6.4988    8.1972 H   0  0  0  0  0  0  0  0  0  0  0  0
  1  8  1  0  0  0  0
  2  1  1  0  0  0  0
  2 10  1  0  0  0  0
  3 11  1  6  0  0  0
  3  2  1  0  0  0  0
  3  7  1  0  0  0  0
  4  3  1  0  0  0  0
  4 13  1  0  0  0  0
  4  5  1  0  0  0  0
  5 15  1  0  0  0  0
  5  6  1  0  0  0  0
  6 16  1  0  0  0  0
  6 17  1  0  0  0  0
  7  6  1  0  0  0  0
  9  2  1  0  0  0  0
 12  4  1  0  0  0  0
 14  5  1  0  0  0  0
M  END
