Lattice="13.96210508 0.0 0.0 0.0 14.91378958 0.0 0.0 0.0 13.75369678" Properties=species:S:1:pos:R:3:GW_charged:R:1:dKS_charged:R:1:dKS_neutral:R:1 pbc="T T T"
 OpenBabel12102409403D
Lattice="13.96210508 0.0 0.0 0.0 14.91378958 0.0 0.0 0.0 13.75369678" Properties=species:S:1:pos:R:3:GW_charged:R:1:dKS_charged:R:1:dKS_neutral:R:1 pbc="T T T"
 24 23  0  0  0  0  0  0  0  0999 V2000
    8.2184    9.6854    6.5291 C   0  0  0  0  0  0  0  0  0  0  0  0
    8.0989    8.3555    7.2710 C   0  0  0  0  0  0  0  0  0  0  0  0
    8.4438    8.4804    8.7538 C   0  0  0  0  0  0  0  0  0  0  0  0
    6.7450    7.8832    7.1522 O   0  0  0  0  0  0  0  0  0  0  0  0
    6.5129    6.6173    6.4905 C   0  0  0  0  0  0  0  0  0  0  0  0
    7.1986    5.4658    7.2444 C   0  0  0  0  0  0  0  0  0  0  0  0
    4.9923    6.4571    6.5578 C   0  0  0  0  0  0  0  0  0  0  0  0
    6.9738    6.6675    5.0244 C   0  0  0  0  0  0  0  0  0  0  0  0
    9.2319   10.1011    6.6211 H   0  0  0  0  0  0  0  0  0  0  0  0
    7.9919    9.5592    5.4628 H   0  0  0  0  0  0  0  0  0  0  0  0
    7.5078   10.4138    6.9439 H   0  0  0  0  0  0  0  0  0  0  0  0
    8.7905    7.6311    6.8085 H   0  0  0  0  0  0  0  0  0  0  0  0
    8.3761    7.5059    9.2537 H   0  0  0  0  0  0  0  0  0  0  0  0
    9.4621    8.8708    8.8924 H   0  0  0  0  0  0  0  0  0  0  0  0
    7.7413    9.1659    9.2479 H   0  0  0  0  0  0  0  0  0  0  0  0
    6.8655    5.4453    8.2903 H   0  0  0  0  0  0  0  0  0  0  0  0
    6.9491    4.5000    6.7838 H   0  0  0  0  0  0  0  0  0  0  0  0
    8.2931    5.5605    7.2321 H   0  0  0  0  0  0  0  0  0  0  0  0
    4.5000    7.2940    6.0458 H   0  0  0  0  0  0  0  0  0  0  0  0
    4.6747    5.5196    6.0824 H   0  0  0  0  0  0  0  0  0  0  0  0
    4.6577    6.4509    7.6032 H   0  0  0  0  0  0  0  0  0  0  0  0
    8.0610    6.8015    4.9397 H   0  0  0  0  0  0  0  0  0  0  0  0
    6.7186    5.7324    4.5071 H   0  0  0  0  0  0  0  0  0  0  0  0
    6.4818    7.4971    4.5000 H   0  0  0  0  0  0  0  0  0  0  0  0
  1  9  1  0  0  0  0
  1 11  1  0  0  0  0
  1  2  1  0  0  0  0
  2  3  1  0  0  0  0
  3 14  1  0  0  0  0
  3 15  1  0  0  0  0
  3 13  1  0  0  0  0
  4  2  1  0  0  0  0
  5  7  1  0  0  0  0
  5  4  1  0  0  0  0
  5  6  1  0  0  0  0
  6 16  1  0  0  0  0
  7 21  1  0  0  0  0
  8  5  1  0  0  0  0
 10  1  1  0  0  0  0
 12  2  1  0  0  0  0
 17  6  1  0  0  0  0
 18  6  1  0  0  0  0
 19  7  1  0  0  0  0
 20  7  1  0  0  0  0
 22  8  1  0  0  0  0
 23  8  1  0  0  0  0
 24  8  1  0  0  0  0
M  END
