Lattice="12.15296263 0.0 0.0 0.0 15.36447707 0.0 0.0 0.0 11.9315278" Properties=species:S:1:pos:R:3:GW_charged:R:1:dKS_charged:R:1:dKS_neutral:R:1 pbc="T T T"
 OpenBabel12102409393D
Lattice="12.15296263 0.0 0.0 0.0 15.36447707 0.0 0.0 0.0 11.9315278" Properties=species:S:1:pos:R:3:GW_charged:R:1:dKS_charged:R:1:dKS_neutral:R:1 pbc="T T T"
 17 17  0  0  1  0  0  0  0  0999 V2000
    5.1876   10.1753    5.8669 C   0  0  0  0  0  0  0  0  0  0  0  0
    5.7993    8.8709    5.3459 C   0  0  0  0  0  0  0  0  0  0  0  0
    6.5966    8.1581    6.4112 C   0  0  1  0  0  0  0  0  0  0  0  0
    5.8705    7.4383    7.4315 O   0  0  0  0  0  0  0  0  0  0  0  0
    6.7493    6.6965    6.5491 C   0  0  1  0  0  0  0  0  0  0  0  0
    6.0926    5.6715    5.6627 C   0  0  0  0  0  0  0  0  0  0  0  0
    5.7263    4.5000    6.3963 O   0  0  0  0  0  0  0  0  0  0  0  0
    5.9638   10.8645    6.2291 H   0  0  0  0  0  0  0  0  0  0  0  0
    4.6250   10.6918    5.0783 H   0  0  0  0  0  0  0  0  0  0  0  0
    4.5000    9.9782    6.7001 H   0  0  0  0  0  0  0  0  0  0  0  0
    5.0066    8.2143    4.9629 H   0  0  0  0  0  0  0  0  0  0  0  0
    6.4747    9.0808    4.5000 H   0  0  0  0  0  0  0  0  0  0  0  0
    7.4169    8.7602    6.8263 H   0  0  0  0  0  0  0  0  0  0  0  0
    7.6530    6.3305    7.0520 H   0  0  0  0  0  0  0  0  0  0  0  0
    5.2188    6.1009    5.1458 H   0  0  0  0  0  0  0  0  0  0  0  0
    6.8085    5.3351    4.8985 H   0  0  0  0  0  0  0  0  0  0  0  0
    5.1219    4.7825    7.1016 H   0  0  0  0  0  0  0  0  0  0  0  0
  1  8  1  0  0  0  0
  1 10  1  0  0  0  0
  2  1  1  0  0  0  0
  2  3  1  0  0  0  0
  3  5  1  0  0  0  0
  3 13  1  1  0  0  0
  3  4  1  0  0  0  0
  5 14  1  1  0  0  0
  5  4  1  0  0  0  0
  6  7  1  0  0  0  0
  6  5  1  0  0  0  0
  7 17  1  0  0  0  0
  9  1  1  0  0  0  0
 11  2  1  0  0  0  0
 12  2  1  0  0  0  0
 15  6  1  0  0  0  0
 16  6  1  0  0  0  0
M  END
