Lattice="13.059506370000001 0.0 0.0 0.0 13.76272504 0.0 0.0 0.0 14.62445002" Properties=species:S:1:pos:R:3:GW_charged:R:1:dKS_charged:R:1:dKS_neutral:R:1 pbc="T T T"
 OpenBabel12102409393D
Lattice="13.059506370000001 0.0 0.0 0.0 13.76272504 0.0 0.0 0.0 14.62445002" Properties=species:S:1:pos:R:3:GW_charged:R:1:dKS_charged:R:1:dKS_neutral:R:1 pbc="T T T"
 17 17  0  0  0  0  0  0  0  0999 V2000
    5.9095    8.5686    9.2701 C   0  0  0  0  0  0  0  0  0  0  0  0
    5.5687    7.1327    8.8712 C   0  0  0  0  0  0  0  0  0  0  0  0
    6.3885    6.6202    7.6885 C   0  0  0  0  0  0  0  0  0  0  0  0
    7.7845    6.0725    7.9678 C   0  0  0  0  0  0  0  0  0  0  0  0
    6.6774    5.1271    7.5987 C   0  0  0  0  0  0  0  0  0  0  0  0
    6.1946    7.3244    6.4493 C   0  0  0  0  0  0  0  0  0  0  0  0
    6.0134    7.9319    5.4157 C   0  0  0  0  0  0  0  0  0  0  0  0
    6.9677    8.6604    9.5528 H   0  0  0  0  0  0  0  0  0  0  0  0
    5.7256    9.2627    8.4391 H   0  0  0  0  0  0  0  0  0  0  0  0
    5.3019    8.8956   10.1245 H   0  0  0  0  0  0  0  0  0  0  0  0
    5.7384    6.4548    9.7225 H   0  0  0  0  0  0  0  0  0  0  0  0
    4.5000    7.0532    8.6181 H   0  0  0  0  0  0  0  0  0  0  0  0
    8.5595    6.2722    7.2312 H   0  0  0  0  0  0  0  0  0  0  0  0
    8.1183    6.1019    9.0047 H   0  0  0  0  0  0  0  0  0  0  0  0
    6.2469    4.5000    8.3787 H   0  0  0  0  0  0  0  0  0  0  0  0
    6.6917    4.6803    6.6069 H   0  0  0  0  0  0  0  0  0  0  0  0
    5.8595    8.4618    4.5000 H   0  0  0  0  0  0  0  0  0  0  0  0
  1  8  1  0  0  0  0
  1 10  1  0  0  0  0
  2  1  1  0  0  0  0
  2 11  1  0  0  0  0
  3  4  1  0  0  0  0
  3  2  1  0  0  0  0
  4 14  1  0  0  0  0
  5  3  1  0  0  0  0
  5  4  1  0  0  0  0
  5 15  1  0  0  0  0
  6  3  1  0  0  0  0
  7  6  3  0  0  0  0
  9  1  1  0  0  0  0
 12  2  1  0  0  0  0
 13  4  1  0  0  0  0
 16  5  1  0  0  0  0
 17  7  1  0  0  0  0
M  END
