Lattice="13.85242856 0.0 0.0 0.0 15.27825232 0.0 0.0 0.0 11.50979161" Properties=species:S:1:pos:R:3:GW_charged:R:1:dKS_charged:R:1:dKS_neutral:R:1 pbc="T T T"
 OpenBabel12102409443D
Lattice="13.85242856 0.0 0.0 0.0 15.27825232 0.0 0.0 0.0 11.50979161" Properties=species:S:1:pos:R:3:GW_charged:R:1:dKS_charged:R:1:dKS_neutral:R:1 pbc="T T T"
 19 19  0  0  0  0  0  0  0  0999 V2000
    6.9721   10.2647    6.1081 C   0  0  0  0  0  0  0  0  0  0  0  0
    6.7611    8.7962    6.1304 C   0  0  0  0  0  0  0  0  0  0  0  0
    5.6482    8.0033    6.1074 C   0  0  0  0  0  0  0  0  0  0  0  0
    6.0918    6.6386    6.1553 C   0  0  0  0  0  0  0  0  0  0  0  0
    5.2266    5.4199    6.1329 C   0  0  0  0  0  0  0  0  0  0  0  0
    7.4608    6.6913    6.2120 C   0  0  0  0  0  0  0  0  0  0  0  0
    8.5345    5.6690    6.2299 C   0  0  0  0  0  0  0  0  0  0  0  0
    9.0521    5.3274    4.9268 O   0  0  0  0  0  0  0  0  0  0  0  0
    7.8808    8.0108    6.1959 O   0  0  0  0  0  0  0  0  0  0  0  0
    7.5703   10.5740    5.2382 H   0  0  0  0  0  0  0  0  0  0  0  0
    6.0054   10.7783    6.0579 H   0  0  0  0  0  0  0  0  0  0  0  0
    7.4988   10.6107    7.0098 H   0  0  0  0  0  0  0  0  0  0  0  0
    4.6209    8.3515    6.0634 H   0  0  0  0  0  0  0  0  0  0  0  0
    4.6528    5.3591    5.1966 H   0  0  0  0  0  0  0  0  0  0  0  0
    5.8180    4.5000    6.2148 H   0  0  0  0  0  0  0  0  0  0  0  0
    4.5000    5.4302    6.9582 H   0  0  0  0  0  0  0  0  0  0  0  0
    9.3524    6.0058    6.8911 H   0  0  0  0  0  0  0  0  0  0  0  0
    8.1427    4.7291    6.6378 H   0  0  0  0  0  0  0  0  0  0  0  0
    9.3271    6.1539    4.5000 H   0  0  0  0  0  0  0  0  0  0  0  0
  1  2  1  0  0  0  0
  1 12  1  0  0  0  0
  2  9  1  0  0  0  0
  3  2  2  0  0  0  0
  3  4  1  0  0  0  0
  4  6  2  0  0  0  0
  5  4  1  0  0  0  0
  5 15  1  0  0  0  0
  5 16  1  0  0  0  0
  6  7  1  0  0  0  0
  7 18  1  0  0  0  0
  7 17  1  0  0  0  0
  8  7  1  0  0  0  0
  9  6  1  0  0  0  0
 10  1  1  0  0  0  0
 11  1  1  0  0  0  0
 13  3  1  0  0  0  0
 14  5  1  0  0  0  0
 19  8  1  0  0  0  0
M  END
