Lattice="12.55385524 0.0 0.0 0.0 15.307575230000001 0.0 0.0 0.0 14.40382538" Properties=species:S:1:pos:R:3:GW_charged:R:1:dKS_charged:R:1:dKS_neutral:R:1 pbc="T T T"
 OpenBabel12102409263D
Lattice="12.55385524 0.0 0.0 0.0 15.307575230000001 0.0 0.0 0.0 14.40382538" Properties=species:S:1:pos:R:3:GW_charged:R:1:dKS_charged:R:1:dKS_neutral:R:1 pbc="T T T"
 19 18  0  0  1  0  0  0  0  0999 V2000
    5.4997   10.3959    6.4411 C   0  0  0  0  0  0  0  0  0  0  0  0
    5.5388    8.8691    6.4487 C   0  0  1  0  0  0  0  0  0  0  0  0
    6.2159    8.3593    5.2852 O   0  0  0  0  0  0  0  0  0  0  0  0
    6.2757    8.3116    7.6648 C   0  0  0  0  0  0  0  0  0  0  0  0
    6.2255    6.7859    7.7699 C   0  0  0  0  0  0  0  0  0  0  0  0
    6.9896    6.2620    8.9747 C   0  0  0  0  0  0  0  0  0  0  0  0
    6.8589    4.8349    9.0046 O   0  0  0  0  0  0  0  0  0  0  0  0
    6.5186   10.8076    6.4430 H   0  0  0  0  0  0  0  0  0  0  0  0
    4.9799   10.7738    5.5483 H   0  0  0  0  0  0  0  0  0  0  0  0
    4.9652   10.7812    7.3211 H   0  0  0  0  0  0  0  0  0  0  0  0
    4.5000    8.4824    6.4619 H   0  0  0  0  0  0  0  0  0  0  0  0
    5.7577    8.6951    4.5000 H   0  0  0  0  0  0  0  0  0  0  0  0
    7.3227    8.6551    7.6126 H   0  0  0  0  0  0  0  0  0  0  0  0
    5.8385    8.7663    8.5685 H   0  0  0  0  0  0  0  0  0  0  0  0
    5.1794    6.4476    7.8440 H   0  0  0  0  0  0  0  0  0  0  0  0
    6.6408    6.3352    6.8579 H   0  0  0  0  0  0  0  0  0  0  0  0
    8.0539    6.5550    8.9006 H   0  0  0  0  0  0  0  0  0  0  0  0
    6.5862    6.7086    9.9038 H   0  0  0  0  0  0  0  0  0  0  0  0
    7.3676    4.5000    9.7575 H   0  0  0  0  0  0  0  0  0  0  0  0
  1  8  1  0  0  0  0
  1  2  1  0  0  0  0
  1 10  1  0  0  0  0
  2 11  1  1  0  0  0
  2  4  1  0  0  0  0
  3  2  1  0  0  0  0
  4  5  1  0  0  0  0
  4 14  1  0  0  0  0
  5 15  1  0  0  0  0
  5  6  1  0  0  0  0
  6  7  1  0  0  0  0
  6 18  1  0  0  0  0
  7 19  1  0  0  0  0
  9  1  1  0  0  0  0
 12  3  1  0  0  0  0
 13  4  1  0  0  0  0
 16  5  1  0  0  0  0
 17  6  1  0  0  0  0
M  END
