Lattice="15.80524312 0.0 0.0 0.0 12.73357551 0.0 0.0 0.0 13.44628234" Properties=species:S:1:pos:R:3:GW_charged:R:1:dKS_charged:R:1:dKS_neutral:R:1 pbc="T T T"
 OpenBabel12102409263D
Lattice="15.80524312 0.0 0.0 0.0 12.73357551 0.0 0.0 0.0 13.44628234" Properties=species:S:1:pos:R:3:GW_charged:R:1:dKS_charged:R:1:dKS_neutral:R:1 pbc="T T T"
 21 20  0  0  0  0  0  0  0  0999 V2000
    6.4430    7.7830    8.0548 C   0  0  0  0  0  0  0  0  0  0  0  0
    6.4981    6.2557    7.9227 C   0  0  0  0  0  0  0  0  0  0  0  0
    5.0855    5.6591    7.9314 C   0  0  0  0  0  0  0  0  0  0  0  0
    7.2666    5.7989    6.6691 C   0  0  0  0  0  0  0  0  0  0  0  0
    8.7443    6.1988    6.6316 C   0  0  0  0  0  0  0  0  0  0  0  0
    9.4776    5.6046    5.4398 C   0  0  0  0  0  0  0  0  0  0  0  0
   10.8389    6.0525    5.4795 O   0  0  0  0  0  0  0  0  0  0  0  0
    7.4426    8.2290    8.1397 H   0  0  0  0  0  0  0  0  0  0  0  0
    5.9487    8.2336    7.1799 H   0  0  0  0  0  0  0  0  0  0  0  0
    5.8731    8.0805    8.9463 H   0  0  0  0  0  0  0  0  0  0  0  0
    7.0369    5.8594    8.8023 H   0  0  0  0  0  0  0  0  0  0  0  0
    4.5000    6.0217    7.0723 H   0  0  0  0  0  0  0  0  0  0  0  0
    5.1115    4.5615    7.8758 H   0  0  0  0  0  0  0  0  0  0  0  0
    4.5390    5.9362    8.8438 H   0  0  0  0  0  0  0  0  0  0  0  0
    7.1902    4.7003    6.5990 H   0  0  0  0  0  0  0  0  0  0  0  0
    6.7527    6.1943    5.7746 H   0  0  0  0  0  0  0  0  0  0  0  0
    8.8535    7.2928    6.5893 H   0  0  0  0  0  0  0  0  0  0  0  0
    9.2485    5.8686    7.5543 H   0  0  0  0  0  0  0  0  0  0  0  0
    9.4291    4.5000    5.4800 H   0  0  0  0  0  0  0  0  0  0  0  0
    8.9891    5.9245    4.5000 H   0  0  0  0  0  0  0  0  0  0  0  0
   11.3052    5.6729    4.7203 H   0  0  0  0  0  0  0  0  0  0  0  0
  1  8  1  0  0  0  0
  1 10  1  0  0  0  0
  2  3  1  0  0  0  0
  2  1  1  0  0  0  0
  2 11  1  0  0  0  0
  3 14  1  0  0  0  0
  4  2  1  0  0  0  0
  5  4  1  0  0  0  0
  5 18  1  0  0  0  0
  6  7  1  0  0  0  0
  6 19  1  0  0  0  0
  6  5  1  0  0  0  0
  9  1  1  0  0  0  0
 12  3  1  0  0  0  0
 13  3  1  0  0  0  0
 15  4  1  0  0  0  0
 16  4  1  0  0  0  0
 17  5  1  0  0  0  0
 20  6  1  0  0  0  0
 21  7  1  0  0  0  0
M  END
