Lattice="13.86868935 0.0 0.0 0.0 13.48957256 0.0 0.0 0.0 13.78870272" Properties=species:S:1:pos:R:3:GW_charged:R:1:dKS_charged:R:1:dKS_neutral:R:1 pbc="T T T"
 OpenBabel12102411043D
Lattice="13.86868935 0.0 0.0 0.0 13.48957256 0.0 0.0 0.0 13.78870272" Properties=species:S:1:pos:R:3:GW_charged:R:1:dKS_charged:R:1:dKS_neutral:R:1 pbc="T T T"
 21 24  0  0  1  0  0  0  0  0999 V2000
    5.4329    7.6507    6.5727 C   0  0  0  0  0  0  0  0  0  0  0  0
    6.9247    7.9975    6.6324 C   0  0  1  0  0  0  0  0  0  0  0  0
    7.6164    7.6341    7.9591 C   0  0  1  0  0  0  0  0  0  0  0  0
    7.2699    6.2095    8.3199 C   0  0  1  0  0  0  0  0  0  0  0  0
    5.9315    5.5994    7.9390 C   0  0  0  0  0  0  0  0  0  0  0  0
    5.4682    6.1051    6.5578 C   0  0  2  0  0  0  0  0  0  0  0  0
    6.5724    5.8101    5.5165 C   0  0  0  0  0  0  0  0  0  0  0  0
    7.6720    6.7905    5.9398 C   0  0  2  0  0  0  0  0  0  0  0  0
    8.3417    6.4625    7.2869 C   0  0  1  0  0  0  0  0  0  0  0  0
    4.8642    8.0557    7.4231 H   0  0  0  0  0  0  0  0  0  0  0  0
    4.9760    8.0353    5.6478 H   0  0  0  0  0  0  0  0  0  0  0  0
    7.1889    8.9896    6.2497 H   0  0  0  0  0  0  0  0  0  0  0  0
    7.9956    8.3430    8.6942 H   0  0  0  0  0  0  0  0  0  0  0  0
    7.6670    5.8994    9.2887 H   0  0  0  0  0  0  0  0  0  0  0  0
    6.0138    4.5000    7.9252 H   0  0  0  0  0  0  0  0  0  0  0  0
    5.1763    5.8527    8.7013 H   0  0  0  0  0  0  0  0  0  0  0  0
    4.5000    5.6570    6.2940 H   0  0  0  0  0  0  0  0  0  0  0  0
    6.9038    4.7611    5.5326 H   0  0  0  0  0  0  0  0  0  0  0  0
    6.2144    6.0350    4.5000 H   0  0  0  0  0  0  0  0  0  0  0  0
    8.3764    7.0714    5.1491 H   0  0  0  0  0  0  0  0  0  0  0  0
    9.3687    6.1251    7.4216 H   0  0  0  0  0  0  0  0  0  0  0  0
  1  2  1  0  0  0  0
  1 10  1  0  0  0  0
  2 12  1  6  0  0  0
  2  3  1  0  0  0  0
  3  4  1  0  0  0  0
  3 13  1  1  0  0  0
  4 14  1  1  0  0  0
  5  4  1  0  0  0  0
  5 16  1  0  0  0  0
  6 17  1  6  0  0  0
  6  1  1  0  0  0  0
  6  5  1  0  0  0  0
  7 18  1  0  0  0  0
  7  8  1  0  0  0  0
  7  6  1  0  0  0  0
  8 20  1  6  0  0  0
  8  2  1  0  0  0  0
  8  9  1  0  0  0  0
  9 21  1  1  0  0  0
  9  3  1  0  0  0  0
  9  4  1  0  0  0  0
 11  1  1  0  0  0  0
 15  5  1  0  0  0  0
 19  7  1  0  0  0  0
M  END
