Lattice="14.15448514 0.0 0.0 0.0 13.75854096 0.0 0.0 0.0 14.55218922" Properties=species:S:1:pos:R:3:GW_charged:R:1:dKS_charged:R:1:dKS_neutral:R:1 pbc="T T T"
 OpenBabel12102411073D
Lattice="14.15448514 0.0 0.0 0.0 13.75854096 0.0 0.0 0.0 14.55218922" Properties=species:S:1:pos:R:3:GW_charged:R:1:dKS_charged:R:1:dKS_neutral:R:1 pbc="T T T"
 23 23  0  0  0  0  0  0  0  0999 V2000
    6.5736    7.6625    5.4967 C   0  0  0  0  0  0  0  0  0  0  0  0
    8.0085    8.1834    5.6567 C   0  0  0  0  0  0  0  0  0  0  0  0
    8.6820    8.0116    7.0206 C   0  0  0  0  0  0  0  0  0  0  0  0
    7.9281    8.5724    8.0972 O   0  0  0  0  0  0  0  0  0  0  0  0
    7.4483    7.6497    9.0895 C   0  0  0  0  0  0  0  0  0  0  0  0
    6.0113    7.2248    8.8952 C   0  0  0  0  0  0  0  0  0  0  0  0
    5.5782    6.2991    8.0261 C   0  0  0  0  0  0  0  0  0  0  0  0
    6.4201    5.5460    7.0413 C   0  0  0  0  0  0  0  0  0  0  0  0
    6.3407    6.1487    5.6134 C   0  0  0  0  0  0  0  0  0  0  0  0
    5.9265    8.1849    6.2171 H   0  0  0  0  0  0  0  0  0  0  0  0
    6.2256    7.9754    4.5000 H   0  0  0  0  0  0  0  0  0  0  0  0
    8.6683    7.7090    4.9087 H   0  0  0  0  0  0  0  0  0  0  0  0
    8.0044    9.2585    5.4177 H   0  0  0  0  0  0  0  0  0  0  0  0
    8.8998    6.9504    7.2241 H   0  0  0  0  0  0  0  0  0  0  0  0
    9.6545    8.5334    6.9974 H   0  0  0  0  0  0  0  0  0  0  0  0
    8.1165    6.7714    9.1269 H   0  0  0  0  0  0  0  0  0  0  0  0
    7.5457    8.1711   10.0522 H   0  0  0  0  0  0  0  0  0  0  0  0
    5.2700    7.7450    9.5066 H   0  0  0  0  0  0  0  0  0  0  0  0
    4.5000    6.1161    7.9710 H   0  0  0  0  0  0  0  0  0  0  0  0
    7.4652    5.5134    7.3772 H   0  0  0  0  0  0  0  0  0  0  0  0
    6.0800    4.5000    6.9871 H   0  0  0  0  0  0  0  0  0  0  0  0
    5.3378    5.9320    5.2120 H   0  0  0  0  0  0  0  0  0  0  0  0
    7.0491    5.6050    4.9668 H   0  0  0  0  0  0  0  0  0  0  0  0
  1  9  1  0  0  0  0
  1  2  1  0  0  0  0
  1 10  1  0  0  0  0
  2  3  1  0  0  0  0
  3 14  1  0  0  0  0
  3  4  1  0  0  0  0
  4  5  1  0  0  0  0
  5 16  1  0  0  0  0
  5 17  1  0  0  0  0
  6  5  1  0  0  0  0
  6 18  1  0  0  0  0
  7  6  2  0  0  0  0
  8 20  1  0  0  0  0
  8  7  1  0  0  0  0
  9  8  1  0  0  0  0
 11  1  1  0  0  0  0
 12  2  1  0  0  0  0
 13  2  1  0  0  0  0
 15  3  1  0  0  0  0
 19  7  1  0  0  0  0
 21  8  1  0  0  0  0
 22  9  1  0  0  0  0
 23  9  1  0  0  0  0
M  END
