Lattice="13.09077068 0.0 0.0 0.0 16.79952152 0.0 0.0 0.0 13.57133877" Properties=species:S:1:pos:R:3:GW_charged:R:1:dKS_charged:R:1:dKS_neutral:R:1 pbc="T T T"
 OpenBabel12102409463D
Lattice="13.09077068 0.0 0.0 0.0 16.79952152 0.0 0.0 0.0 13.57133877" Properties=species:S:1:pos:R:3:GW_charged:R:1:dKS_charged:R:1:dKS_neutral:R:1 pbc="T T T"
 19 20  0  0  1  0  0  0  0  0999 V2000
    6.1442    5.5689    5.3589 C   0  0  0  0  0  0  0  0  0  0  0  0
    6.1734    6.7795    5.3725 C   0  0  0  0  0  0  0  0  0  0  0  0
    6.2130    8.2357    5.4052 C   0  0  1  0  0  0  0  0  0  0  0  0
    5.5569    8.8535    6.6805 C   0  0  0  0  0  0  0  0  0  0  0  0
    6.4258   10.0695    7.0169 C   0  0  0  0  0  0  0  0  0  0  0  0
    5.8534   11.4741    7.1322 C   0  0  0  0  0  0  0  0  0  0  0  0
    6.3549   10.7578    8.3590 C   0  0  0  0  0  0  0  0  0  0  0  0
    7.7051    9.8391    6.3017 C   0  0  0  0  0  0  0  0  0  0  0  0
    7.6158    8.8300    5.4278 C   0  0  0  0  0  0  0  0  0  0  0  0
    6.1195    4.5000    5.3445 H   0  0  0  0  0  0  0  0  0  0  0  0
    5.6917    8.6025    4.5000 H   0  0  0  0  0  0  0  0  0  0  0  0
    4.5000    9.1010    6.5220 H   0  0  0  0  0  0  0  0  0  0  0  0
    5.6118    8.1173    7.4948 H   0  0  0  0  0  0  0  0  0  0  0  0
    6.4443   12.2995    6.7367 H   0  0  0  0  0  0  0  0  0  0  0  0
    4.7770   11.5882    7.0053 H   0  0  0  0  0  0  0  0  0  0  0  0
    5.6189   10.3851    9.0713 H   0  0  0  0  0  0  0  0  0  0  0  0
    7.2867   11.0956    8.8119 H   0  0  0  0  0  0  0  0  0  0  0  0
    8.5908   10.4543    6.4634 H   0  0  0  0  0  0  0  0  0  0  0  0
    8.4033    8.4765    4.7653 H   0  0  0  0  0  0  0  0  0  0  0  0
  1  2  3  0  0  0  0
  2  3  1  0  0  0  0
  3 11  1  6  0  0  0
  3  9  1  0  0  0  0
  3  4  1  0  0  0  0
  4  5  1  0  0  0  0
  4 13  1  0  0  0  0
  5  6  1  0  0  0  0
  5  7  1  0  0  0  0
  6  7  1  0  0  0  0
  7 17  1  0  0  0  0
  7 16  1  0  0  0  0
  8 18  1  0  0  0  0
  8  5  1  0  0  0  0
  9  8  2  0  0  0  0
 10  1  1  0  0  0  0
 12  4  1  0  0  0  0
 14  6  1  0  0  0  0
 15  6  1  0  0  0  0
 19  9  1  0  0  0  0
M  END
