Lattice="13.56130452 0.0 0.0 0.0 14.81206289 0.0 0.0 0.0 13.10770616" Properties=species:S:1:pos:R:3:GW_charged:R:1:dKS_charged:R:1:dKS_neutral:R:1 pbc="T T T"
 OpenBabel12102409323D
Lattice="13.56130452 0.0 0.0 0.0 14.81206289 0.0 0.0 0.0 13.10770616" Properties=species:S:1:pos:R:3:GW_charged:R:1:dKS_charged:R:1:dKS_neutral:R:1 pbc="T T T"
 19 18  0  0  1  0  0  0  0  0999 V2000
    8.0368    9.8869    6.7840 C   0  0  0  0  0  0  0  0  0  0  0  0
    8.0043    8.3577    6.7818 C   0  0  0  0  0  0  0  0  0  0  0  0
    6.5926    7.7572    6.6797 C   0  0  1  0  0  0  0  0  0  0  0  0
    5.8866    8.0940    5.3496 C   0  0  0  0  0  0  0  0  0  0  0  0
    6.6285    6.2307    6.8138 C   0  0  0  0  0  0  0  0  0  0  0  0
    5.4597    5.5841    7.5304 C   0  0  0  0  0  0  0  0  0  0  0  0
    7.5437    5.5668    6.3568 O   0  0  0  0  0  0  0  0  0  0  0  0
    9.0613   10.2534    6.9335 H   0  0  0  0  0  0  0  0  0  0  0  0
    7.6765   10.3121    5.8373 H   0  0  0  0  0  0  0  0  0  0  0  0
    7.4171   10.3032    7.5923 H   0  0  0  0  0  0  0  0  0  0  0  0
    8.6148    7.9619    5.9570 H   0  0  0  0  0  0  0  0  0  0  0  0
    8.4743    7.9830    7.7045 H   0  0  0  0  0  0  0  0  0  0  0  0
    5.9719    8.1533    7.5027 H   0  0  0  0  0  0  0  0  0  0  0  0
    6.4874    7.7413    4.5000 H   0  0  0  0  0  0  0  0  0  0  0  0
    4.8964    7.6226    5.2829 H   0  0  0  0  0  0  0  0  0  0  0  0
    5.7413    9.1765    5.2446 H   0  0  0  0  0  0  0  0  0  0  0  0
    4.5000    6.0052    7.1989 H   0  0  0  0  0  0  0  0  0  0  0  0
    5.4711    4.5000    7.3800 H   0  0  0  0  0  0  0  0  0  0  0  0
    5.5410    5.7986    8.6077 H   0  0  0  0  0  0  0  0  0  0  0  0
  1  8  1  0  0  0  0
  1 10  1  0  0  0  0
  2  1  1  0  0  0  0
  2 12  1  0  0  0  0
  3  2  1  0  0  0  0
  3  5  1  0  0  0  0
  3 13  1  1  0  0  0
  4  3  1  0  0  0  0
  5  6  1  0  0  0  0
  6 19  1  0  0  0  0
  7  5  2  0  0  0  0
  9  1  1  0  0  0  0
 11  2  1  0  0  0  0
 14  4  1  0  0  0  0
 15  4  1  0  0  0  0
 16  4  1  0  0  0  0
 17  6  1  0  0  0  0
 18  6  1  0  0  0  0
M  END
