Lattice="14.72993879 0.0 0.0 0.0 12.83796418 0.0 0.0 0.0 13.30945578" Properties=species:S:1:pos:R:3:GW_charged:R:1:dKS_charged:R:1:dKS_neutral:R:1 pbc="T T T"
 OpenBabel12102409423D
Lattice="14.72993879 0.0 0.0 0.0 12.83796418 0.0 0.0 0.0 13.30945578" Properties=species:S:1:pos:R:3:GW_charged:R:1:dKS_charged:R:1:dKS_neutral:R:1 pbc="T T T"
 19 20  0  0  0  0  0  0  0  0999 V2000
    5.1887    7.3535    6.5459 C   0  0  0  0  0  0  0  0  0  0  0  0
    6.2167    6.2284    6.5860 C   0  0  0  0  0  0  0  0  0  0  0  0
    7.2179    6.2286    5.3881 C   0  0  0  0  0  0  0  0  0  0  0  0
    8.4159    5.5385    5.9668 C   0  0  0  0  0  0  0  0  0  0  0  0
    9.5711    4.9060    5.6232 C   0  0  0  0  0  0  0  0  0  0  0  0
   10.2299    4.5000    6.7614 O   0  0  0  0  0  0  0  0  0  0  0  0
    9.4674    4.8902    7.8387 C   0  0  0  0  0  0  0  0  0  0  0  0
    8.3490    5.5283    7.3978 C   0  0  0  0  0  0  0  0  0  0  0  0
    7.1017    6.2109    7.8720 C   0  0  0  0  0  0  0  0  0  0  0  0
    5.6798    8.3380    6.5759 H   0  0  0  0  0  0  0  0  0  0  0  0
    4.5828    7.3112    5.6298 H   0  0  0  0  0  0  0  0  0  0  0  0
    4.5000    7.2985    7.4008 H   0  0  0  0  0  0  0  0  0  0  0  0
    5.6854    5.2624    6.5542 H   0  0  0  0  0  0  0  0  0  0  0  0
    6.7969    5.7384    4.5000 H   0  0  0  0  0  0  0  0  0  0  0  0
    7.4649    7.2645    5.0973 H   0  0  0  0  0  0  0  0  0  0  0  0
   10.0612    4.6562    4.6905 H   0  0  0  0  0  0  0  0  0  0  0  0
    9.8685    4.6268    8.8095 H   0  0  0  0  0  0  0  0  0  0  0  0
    7.3198    7.2424    8.1993 H   0  0  0  0  0  0  0  0  0  0  0  0
    6.6000    5.7084    8.7098 H   0  0  0  0  0  0  0  0  0  0  0  0
  1 10  1  0  0  0  0
  1  2  1  0  0  0  0
  1 12  1  0  0  0  0
  2  9  1  0  0  0  0
  3  4  1  0  0  0  0
  3  2  1  0  0  0  0
  4  8  1  0  0  0  0
  5  4  2  0  0  0  0
  5  6  1  0  0  0  0
  6  7  1  0  0  0  0
  7 17  1  0  0  0  0
  8  7  2  0  0  0  0
  8  9  1  0  0  0  0
  9 18  1  0  0  0  0
  9 19  1  0  0  0  0
 11  1  1  0  0  0  0
 13  2  1  0  0  0  0
 14  3  1  0  0  0  0
 15  3  1  0  0  0  0
 16  5  1  0  0  0  0
M  END
