Lattice="13.315213700000001 0.0 0.0 0.0 14.89051325 0.0 0.0 0.0 13.34706606" Properties=species:S:1:pos:R:3:GW_charged:R:1:dKS_charged:R:1:dKS_neutral:R:1 pbc="T T T"
 OpenBabel12102409263D
Lattice="13.315213700000001 0.0 0.0 0.0 14.89051325 0.0 0.0 0.0 13.34706606" Properties=species:S:1:pos:R:3:GW_charged:R:1:dKS_charged:R:1:dKS_neutral:R:1 pbc="T T T"
 23 22  0  0  0  0  0  0  0  0999 V2000
    7.8227    9.9196    6.6842 C   0  0  0  0  0  0  0  0  0  0  0  0
    7.9240    8.3925    6.6749 C   0  0  0  0  0  0  0  0  0  0  0  0
    6.5488    7.7168    6.6846 C   0  0  0  0  0  0  0  0  0  0  0  0
    6.5112    6.1668    6.6766 C   0  0  0  0  0  0  0  0  0  0  0  0
    7.2080    5.5945    7.9246 C   0  0  0  0  0  0  0  0  0  0  0  0
    5.0342    5.7327    6.6884 C   0  0  0  0  0  0  0  0  0  0  0  0
    7.1840    5.6080    5.4094 C   0  0  0  0  0  0  0  0  0  0  0  0
    8.8152   10.3905    6.6771 H   0  0  0  0  0  0  0  0  0  0  0  0
    7.2737   10.2886    5.8054 H   0  0  0  0  0  0  0  0  0  0  0  0
    7.2909   10.2790    7.5774 H   0  0  0  0  0  0  0  0  0  0  0  0
    8.4935    8.0741    5.7879 H   0  0  0  0  0  0  0  0  0  0  0  0
    8.5105    8.0646    7.5472 H   0  0  0  0  0  0  0  0  0  0  0  0
    5.9916    8.0665    7.5714 H   0  0  0  0  0  0  0  0  0  0  0  0
    5.9746    8.0760    5.8125 H   0  0  0  0  0  0  0  0  0  0  0  0
    6.7660    5.9994    8.8471 H   0  0  0  0  0  0  0  0  0  0  0  0
    7.1072    4.5000    7.9590 H   0  0  0  0  0  0  0  0  0  0  0  0
    8.2820    5.8250    7.9374 H   0  0  0  0  0  0  0  0  0  0  0  0
    4.5000    6.1179    5.8074 H   0  0  0  0  0  0  0  0  0  0  0  0
    4.9423    4.6368    6.6834 H   0  0  0  0  0  0  0  0  0  0  0  0
    4.5170    6.1084    7.5835 H   0  0  0  0  0  0  0  0  0  0  0  0
    8.2576    5.8387    5.3786 H   0  0  0  0  0  0  0  0  0  0  0  0
    7.0823    4.5139    5.3652 H   0  0  0  0  0  0  0  0  0  0  0  0
    6.7246    6.0228    4.5000 H   0  0  0  0  0  0  0  0  0  0  0  0
  1 10  1  0  0  0  0
  2  1  1  0  0  0  0
  2  3  1  0  0  0  0
  2 12  1  0  0  0  0
  3 13  1  0  0  0  0
  4  3  1  0  0  0  0
  4  6  1  0  0  0  0
  4  5  1  0  0  0  0
  5 17  1  0  0  0  0
  5 16  1  0  0  0  0
  5 15  1  0  0  0  0
  6 20  1  0  0  0  0
  7  4  1  0  0  0  0
  8  1  1  0  0  0  0
  9  1  1  0  0  0  0
 11  2  1  0  0  0  0
 14  3  1  0  0  0  0
 18  6  1  0  0  0  0
 19  6  1  0  0  0  0
 21  7  1  0  0  0  0
 22  7  1  0  0  0  0
 23  7  1  0  0  0  0
M  END
