Lattice="13.39288924 0.0 0.0 0.0 13.06649578 0.0 0.0 0.0 14.3018351" Properties=species:S:1:pos:R:3:GW_charged:R:1:dKS_charged:R:1:dKS_neutral:R:1 pbc="T T T"
 OpenBabel12102410123D
Lattice="13.39288924 0.0 0.0 0.0 13.06649578 0.0 0.0 0.0 14.3018351" Properties=species:S:1:pos:R:3:GW_charged:R:1:dKS_charged:R:1:dKS_neutral:R:1 pbc="T T T"
 21 24  0  0  1  0  0  0  0  0999 V2000
    5.8214    7.6919    8.8385 C   0  0  0  0  0  0  0  0  0  0  0  0
    7.1418    6.9681    8.7389 C   0  0  1  0  0  0  0  0  0  0  0  0
    5.8349    6.1856    8.7479 C   0  0  2  0  0  0  0  0  0  0  0  0
    5.6967    5.4923    7.3922 C   0  0  1  0  0  0  0  0  0  0  0  0
    5.1204    6.2773    6.1628 C   0  0  0  0  0  0  0  0  0  0  0  0
    6.5415    6.4516    5.5701 C   0  0  1  0  0  0  0  0  0  0  0  0
    7.3723    7.6254    6.1472 C   0  0  0  0  0  0  0  0  0  0  0  0
    7.8045    6.7542    7.3777 C   0  0  2  0  0  0  0  0  0  0  0  0
    7.1015    5.5293    6.7088 C   0  0  1  0  0  0  0  0  0  0  0  0
    5.5645    8.1321    9.8018 H   0  0  0  0  0  0  0  0  0  0  0  0
    5.4686    8.2713    7.9865 H   0  0  0  0  0  0  0  0  0  0  0  0
    7.7862    6.9730    9.6176 H   0  0  0  0  0  0  0  0  0  0  0  0
    5.5351    5.6252    9.6331 H   0  0  0  0  0  0  0  0  0  0  0  0
    5.2465    4.5000    7.5151 H   0  0  0  0  0  0  0  0  0  0  0  0
    4.5000    5.6251    5.5346 H   0  0  0  0  0  0  0  0  0  0  0  0
    4.5433    7.1902    6.3689 H   0  0  0  0  0  0  0  0  0  0  0  0
    6.6576    6.2454    4.5000 H   0  0  0  0  0  0  0  0  0  0  0  0
    8.2338    7.8603    5.5089 H   0  0  0  0  0  0  0  0  0  0  0  0
    6.8423    8.5665    6.3530 H   0  0  0  0  0  0  0  0  0  0  0  0
    8.8929    6.6830    7.4901 H   0  0  0  0  0  0  0  0  0  0  0  0
    7.6580    4.5980    6.5487 H   0  0  0  0  0  0  0  0  0  0  0  0
  1 10  1  0  0  0  0
  2  3  1  0  0  0  0
  2  1  1  0  0  0  0
  2 12  1  1  0  0  0
  3  1  1  0  0  0  0
  3 13  1  1  0  0  0
  4 14  1  1  0  0  0
  4  3  1  0  0  0  0
  5 16  1  0  0  0  0
  5  4  1  0  0  0  0
  6 17  1  6  0  0  0
  6  7  1  0  0  0  0
  6  5  1  0  0  0  0
  6  9  1  0  0  0  0
  7 19  1  0  0  0  0
  7  8  1  0  0  0  0
  8 20  1  1  0  0  0
  8  2  1  0  0  0  0
  9 21  1  6  0  0  0
  9  8  1  0  0  0  0
  9  4  1  0  0  0  0
 11  1  1  0  0  0  0
 15  5  1  0  0  0  0
 18  7  1  0  0  0  0
M  END
