Lattice="11.2487748 0.0 0.0 0.0 12.45948036 0.0 0.0 0.0 11.97001064" Properties=species:S:1:pos:R:3:GW_charged:R:1:dKS_charged:R:1:dKS_neutral:R:1 pbc="T T T"
 OpenBabel12102409263D
Lattice="11.2487748 0.0 0.0 0.0 12.45948036 0.0 0.0 0.0 11.97001064" Properties=species:S:1:pos:R:3:GW_charged:R:1:dKS_charged:R:1:dKS_neutral:R:1 pbc="T T T"
  9  8  0  0  0  0  0  0  0  0999 V2000
    5.0352    7.5460    6.5617 C   0  0  0  0  0  0  0  0  0  0  0  0
    5.0428    6.1304    6.5752 O   0  0  0  0  0  0  0  0  0  0  0  0
    5.6909    5.5918    5.4376 C   0  0  0  0  0  0  0  0  0  0  0  0
    6.0614    7.9595    6.5604 H   0  0  0  0  0  0  0  0  0  0  0  0
    4.5000    7.9426    5.6783 H   0  0  0  0  0  0  0  0  0  0  0  0
    4.5185    7.8772    7.4700 H   0  0  0  0  0  0  0  0  0  0  0  0
    5.1870    5.8937    4.5000 H   0  0  0  0  0  0  0  0  0  0  0  0
    6.7488    5.9110    5.3815 H   0  0  0  0  0  0  0  0  0  0  0  0
    5.6521    4.5000    5.5276 H   0  0  0  0  0  0  0  0  0  0  0  0
  1  2  1  0  0  0  0
  1  6  1  0  0  0  0
  3  9  1  0  0  0  0
  3  2  1  0  0  0  0
  4  1  1  0  0  0  0
  5  1  1  0  0  0  0
  7  3  1  0  0  0  0
  8  3  1  0  0  0  0
M  END
