Lattice="11.70980217 0.0 0.0 0.0 13.469844890000001 0.0 0.0 0.0 13.53728827" Properties=species:S:1:pos:R:3:GW_charged:R:1:dKS_charged:R:1:dKS_neutral:R:1 pbc="T T T"
 OpenBabel12102409313D
Lattice="11.70980217 0.0 0.0 0.0 13.469844890000001 0.0 0.0 0.0 13.53728827" Properties=species:S:1:pos:R:3:GW_charged:R:1:dKS_charged:R:1:dKS_neutral:R:1 pbc="T T T"
 15 14  0  0  1  0  0  0  0  0999 V2000
    5.8312    8.2481    5.6137 C   0  0  0  0  0  0  0  0  0  0  0  0
    5.5720    6.8180    6.0806 C   0  0  1  0  0  0  0  0  0  0  0  0
    6.1001    5.7975    5.0754 C   0  0  0  0  0  0  0  0  0  0  0  0
    5.6356    4.6919    4.9009 O   0  0  0  0  0  0  0  0  0  0  0  0
    6.2621    6.5120    7.4374 C   0  0  0  0  0  0  0  0  0  0  0  0
    5.6872    5.3604    8.2232 C   0  0  0  0  0  0  0  0  0  0  0  0
    7.2098    7.1718    7.8176 O   0  0  0  0  0  0  0  0  0  0  0  0
    6.9077    8.4402    5.5250 H   0  0  0  0  0  0  0  0  0  0  0  0
    5.3585    8.4348    4.6405 H   0  0  0  0  0  0  0  0  0  0  0  0
    5.4297    8.9698    6.3354 H   0  0  0  0  0  0  0  0  0  0  0  0
    4.5000    6.6016    6.2023 H   0  0  0  0  0  0  0  0  0  0  0  0
    6.9949    6.1458    4.5000 H   0  0  0  0  0  0  0  0  0  0  0  0
    5.4848    4.5000    7.5699 H   0  0  0  0  0  0  0  0  0  0  0  0
    6.3635    5.0819    9.0373 H   0  0  0  0  0  0  0  0  0  0  0  0
    4.7187    5.6666    8.6481 H   0  0  0  0  0  0  0  0  0  0  0  0
  1  2  1  0  0  0  0
  1 10  1  0  0  0  0
  2 11  1  1  0  0  0
  2  5  1  0  0  0  0
  3  2  1  0  0  0  0
  4  3  2  0  0  0  0
  5  7  2  0  0  0  0
  5  6  1  0  0  0  0
  6 15  1  0  0  0  0
  6 14  1  0  0  0  0
  8  1  1  0  0  0  0
  9  1  1  0  0  0  0
 12  3  1  0  0  0  0
 13  6  1  0  0  0  0
M  END
