Lattice="13.65199863 0.0 0.0 0.0 12.599478770000001 0.0 0.0 0.0 12.78467958" Properties=species:S:1:pos:R:3:GW_charged:R:1:dKS_charged:R:1:dKS_neutral:R:1 pbc="T T T"
 OpenBabel12102409373D
Lattice="13.65199863 0.0 0.0 0.0 12.599478770000001 0.0 0.0 0.0 12.78467958" Properties=species:S:1:pos:R:3:GW_charged:R:1:dKS_charged:R:1:dKS_neutral:R:1 pbc="T T T"
 17 18  0  0  1  0  0  0  0  0999 V2000
    5.6447    7.6002    5.8791 C   0  0  0  0  0  0  0  0  0  0  0  0
    5.7584    6.0942    5.9070 C   0  0  1  0  0  0  0  0  0  0  0  0
    4.5809    5.4381    5.4530 O   0  0  0  0  0  0  0  0  0  0  0  0
    7.0160    5.3111    5.6038 C   0  0  1  0  0  0  0  0  0  0  0  0
    8.2710    5.9775    6.1749 C   0  0  0  0  0  0  0  0  0  0  0  0
    7.6220    5.9600    7.5979 C   0  0  0  0  0  0  0  0  0  0  0  0
    6.3750    5.2913    7.0154 C   0  0  1  0  0  0  0  0  0  0  0  0
    6.5355    8.0995    6.2800 H   0  0  0  0  0  0  0  0  0  0  0  0
    5.5060    7.9573    4.8469 H   0  0  0  0  0  0  0  0  0  0  0  0
    4.7770    7.9202    6.4718 H   0  0  0  0  0  0  0  0  0  0  0  0
    4.5000    5.6051    4.5000 H   0  0  0  0  0  0  0  0  0  0  0  0
    6.9941    4.5309    4.8433 H   0  0  0  0  0  0  0  0  0  0  0  0
    9.1520    5.3268    6.1219 H   0  0  0  0  0  0  0  0  0  0  0  0
    8.5445    6.9566    5.7541 H   0  0  0  0  0  0  0  0  0  0  0  0
    8.1654    5.3005    8.2847 H   0  0  0  0  0  0  0  0  0  0  0  0
    7.4736    6.9276    8.0998 H   0  0  0  0  0  0  0  0  0  0  0  0
    5.7906    4.5000    7.4821 H   0  0  0  0  0  0  0  0  0  0  0  0
  1  2  1  0  0  0  0
  1  8  1  0  0  0  0
  1 10  1  0  0  0  0
  2  3  1  6  0  0  0
  2  7  1  0  0  0  0
  4 12  1  6  0  0  0
  4  2  1  0  0  0  0
  4  5  1  0  0  0  0
  4  7  1  0  0  0  0
  5  6  1  0  0  0  0
  6 16  1  0  0  0  0
  6 15  1  0  0  0  0
  7 17  1  1  0  0  0
  7  6  1  0  0  0  0
  9  1  1  0  0  0  0
 11  3  1  0  0  0  0
 13  5  1  0  0  0  0
 14  5  1  0  0  0  0
M  END
