Lattice="11.8757457 0.0 0.0 0.0 12.60378753 0.0 0.0 0.0 13.56378117" Properties=species:S:1:pos:R:3:GW_charged:R:1:dKS_charged:R:1:dKS_neutral:R:1 pbc="T T T"
 OpenBabel12102409263D
Lattice="11.8757457 0.0 0.0 0.0 12.60378753 0.0 0.0 0.0 13.56378117" Properties=species:S:1:pos:R:3:GW_charged:R:1:dKS_charged:R:1:dKS_neutral:R:1 pbc="T T T"
 16 16  0  0  1  0  0  0  0  0999 V2000
    5.2731    7.5755    5.8269 C   0  0  0  0  0  0  0  0  0  0  0  0
    5.4485    6.0649    5.8909 C   0  0  1  0  0  0  0  0  0  0  0  0
    6.6706    5.5069    5.1333 C   0  0  0  0  0  0  0  0  0  0  0  0
    7.3757    5.2278    6.3725 O   0  0  0  0  0  0  0  0  0  0  0  0
    6.1571    5.4693    7.1434 C   0  0  1  0  0  0  0  0  0  0  0  0
    6.3985    6.2982    8.3837 C   0  0  0  0  0  0  0  0  0  0  0  0
    6.2190    8.1038    6.0104 H   0  0  0  0  0  0  0  0  0  0  0  0
    4.9151    7.8765    4.8322 H   0  0  0  0  0  0  0  0  0  0  0  0
    4.5396    7.9305    6.5646 H   0  0  0  0  0  0  0  0  0  0  0  0
    4.5000    5.5650    5.6520 H   0  0  0  0  0  0  0  0  0  0  0  0
    6.4781    4.5837    4.5601 H   0  0  0  0  0  0  0  0  0  0  0  0
    7.2258    6.2170    4.5000 H   0  0  0  0  0  0  0  0  0  0  0  0
    5.7057    4.5000    7.4280 H   0  0  0  0  0  0  0  0  0  0  0  0
    6.8518    7.2686    8.1454 H   0  0  0  0  0  0  0  0  0  0  0  0
    5.4530    6.4725    8.9175 H   0  0  0  0  0  0  0  0  0  0  0  0
    7.0755    5.7631    9.0638 H   0  0  0  0  0  0  0  0  0  0  0  0
  1  2  1  0  0  0  0
  1  7  1  0  0  0  0
  1  9  1  0  0  0  0
  2 10  1  6  0  0  0
  2  5  1  0  0  0  0
  3  2  1  0  0  0  0
  3  4  1  0  0  0  0
  4  5  1  0  0  0  0
  5 13  1  1  0  0  0
  5  6  1  0  0  0  0
  6 15  1  0  0  0  0
  6 16  1  0  0  0  0
  8  1  1  0  0  0  0
 11  3  1  0  0  0  0
 12  3  1  0  0  0  0
 14  6  1  0  0  0  0
M  END
