Lattice="12.74023498 0.0 0.0 0.0 14.12207403 0.0 0.0 0.0 12.74770454" Properties=species:S:1:pos:R:3:GW_charged:R:1:dKS_charged:R:1:dKS_neutral:R:1 pbc="T T T"
 OpenBabel12102409383D
Lattice="12.74023498 0.0 0.0 0.0 14.12207403 0.0 0.0 0.0 12.74770454" Properties=species:S:1:pos:R:3:GW_charged:R:1:dKS_charged:R:1:dKS_neutral:R:1 pbc="T T T"
 17 16  0  0  0  0  0  0  0  0999 V2000
    7.7801    9.2399    6.5287 O   0  0  0  0  0  0  0  0  0  0  0  0
    7.6970    7.8033    6.6460 C   0  0  0  0  0  0  0  0  0  0  0  0
    6.2552    7.2762    6.6605 C   0  0  0  0  0  0  0  0  0  0  0  0
    5.4936    7.6562    5.3802 C   0  0  0  0  0  0  0  0  0  0  0  0
    5.2688    9.0547    5.2480 O   0  0  0  0  0  0  0  0  0  0  0  0
    6.2442    5.7612    6.8575 C   0  0  0  0  0  0  0  0  0  0  0  0
    6.8123    5.4621    8.1392 O   0  0  0  0  0  0  0  0  0  0  0  0
    7.5415    9.6221    7.3876 H   0  0  0  0  0  0  0  0  0  0  0  0
    8.2233    7.4154    5.7602 H   0  0  0  0  0  0  0  0  0  0  0  0
    8.2402    7.4576    7.5375 H   0  0  0  0  0  0  0  0  0  0  0  0
    5.7221    7.7228    7.5187 H   0  0  0  0  0  0  0  0  0  0  0  0
    6.0418    7.2608    4.5000 H   0  0  0  0  0  0  0  0  0  0  0  0
    4.5000    7.1826    5.3806 H   0  0  0  0  0  0  0  0  0  0  0  0
    6.1228    9.4840    5.4509 H   0  0  0  0  0  0  0  0  0  0  0  0
    5.2040    5.3943    6.7959 H   0  0  0  0  0  0  0  0  0  0  0  0
    6.8209    5.2692    6.0511 H   0  0  0  0  0  0  0  0  0  0  0  0
    6.8283    4.5000    8.2477 H   0  0  0  0  0  0  0  0  0  0  0  0
  1  2  1  0  0  0  0
  1  8  1  0  0  0  0
  2  3  1  0  0  0  0
  2 10  1  0  0  0  0
  3  6  1  0  0  0  0
  3 11  1  0  0  0  0
  4 13  1  0  0  0  0
  4  3  1  0  0  0  0
  5  4  1  0  0  0  0
  5 14  1  0  0  0  0
  6  7  1  0  0  0  0
  7 17  1  0  0  0  0
  9  2  1  0  0  0  0
 12  4  1  0  0  0  0
 15  6  1  0  0  0  0
 16  6  1  0  0  0  0
M  END
