Lattice="12.073578529999999 0.0 0.0 0.0 12.620133240000001 0.0 0.0 0.0 16.82160854" Properties=species:S:1:pos:R:3:GW_charged:R:1:dKS_charged:R:1:dKS_neutral:R:1 pbc="T T T"
 OpenBabel12102409413D
Lattice="12.073578529999999 0.0 0.0 0.0 12.620133240000001 0.0 0.0 0.0 16.82160854" Properties=species:S:1:pos:R:3:GW_charged:R:1:dKS_charged:R:1:dKS_neutral:R:1 pbc="T T T"
 20 19  0  0  0  0  0  0  0  0999 V2000
    5.6528    7.6254    6.6954 C   0  0  0  0  0  0  0  0  0  0  0  0
    5.8092    6.1009    6.6701 C   0  0  0  0  0  0  0  0  0  0  0  0
    6.5072    5.6256    5.3898 C   0  0  0  0  0  0  0  0  0  0  0  0
    6.5779    5.5897    7.8829 C   0  0  0  0  0  0  0  0  0  0  0  0
    5.8203    5.9085    9.0775 O   0  0  0  0  0  0  0  0  0  0  0  0
    6.4241    5.6085   10.2577 C   0  0  0  0  0  0  0  0  0  0  0  0
    5.5613    6.0281   11.4216 C   0  0  0  0  0  0  0  0  0  0  0  0
    7.5192    5.0913   10.3434 O   0  0  0  0  0  0  0  0  0  0  0  0
    6.6351    8.1201    6.6474 H   0  0  0  0  0  0  0  0  0  0  0  0
    5.0628    7.9736    5.8366 H   0  0  0  0  0  0  0  0  0  0  0  0
    5.1498    7.9618    7.6106 H   0  0  0  0  0  0  0  0  0  0  0  0
    4.8041    5.6469    6.7056 H   0  0  0  0  0  0  0  0  0  0  0  0
    7.5258    6.0357    5.3171 H   0  0  0  0  0  0  0  0  0  0  0  0
    6.5835    4.5300    5.3497 H   0  0  0  0  0  0  0  0  0  0  0  0
    5.9550    5.9559    4.5000 H   0  0  0  0  0  0  0  0  0  0  0  0
    6.7223    4.5000    7.8397 H   0  0  0  0  0  0  0  0  0  0  0  0
    7.5736    6.0542    7.9573 H   0  0  0  0  0  0  0  0  0  0  0  0
    4.5000    5.8474   11.2175 H   0  0  0  0  0  0  0  0  0  0  0  0
    5.8780    5.4937   12.3216 H   0  0  0  0  0  0  0  0  0  0  0  0
    5.6887    7.1068   11.5913 H   0  0  0  0  0  0  0  0  0  0  0  0
  1 11  1  0  0  0  0
  2  1  1  0  0  0  0
  2 12  1  0  0  0  0
  2  4  1  0  0  0  0
  3  2  1  0  0  0  0
  4 17  1  0  0  0  0
  4  5  1  0  0  0  0
  5  6  1  0  0  0  0
  6  8  2  0  0  0  0
  6  7  1  0  0  0  0
  7 20  1  0  0  0  0
  7 19  1  0  0  0  0
  9  1  1  0  0  0  0
 10  1  1  0  0  0  0
 13  3  1  0  0  0  0
 14  3  1  0  0  0  0
 15  3  1  0  0  0  0
 16  4  1  0  0  0  0
 18  7  1  0  0  0  0
M  END
