Lattice="14.49064991 0.0 0.0 0.0 14.395223510000001 0.0 0.0 0.0 12.86719525" Properties=species:S:1:pos:R:3:GW_charged:R:1:dKS_charged:R:1:dKS_neutral:R:1 pbc="T T T"
 OpenBabel12102411063D
Lattice="14.49064991 0.0 0.0 0.0 14.395223510000001 0.0 0.0 0.0 12.86719525" Properties=species:S:1:pos:R:3:GW_charged:R:1:dKS_charged:R:1:dKS_neutral:R:1 pbc="T T T"
 23 25  0  0  1  0  0  0  0  0999 V2000
    5.1763    9.0505    5.4981 C   0  0  0  0  0  0  0  0  0  0  0  0
    6.7272    9.0637    5.5142 C   0  0  0  0  0  0  0  0  0  0  0  0
    6.6947    7.6845    6.2360 C   0  0  0  0  0  0  0  0  0  0  0  0
    5.2305    7.5183    5.7331 C   0  0  0  0  0  0  0  0  0  0  0  0
    7.7109    6.6429    5.8344 C   0  0  1  0  0  0  0  0  0  0  0  0
    9.1671    6.6287    6.4131 C   0  0  1  0  0  0  0  0  0  0  0  0
    8.5902    6.0593    7.7425 C   0  0  0  0  0  0  0  0  0  0  0  0
    7.8645    5.2858    6.6026 C   0  0  2  0  0  0  0  0  0  0  0  0
    9.2566    5.1557    5.9203 C   0  0  0  0  0  0  0  0  0  0  0  0
    4.7580    9.5785    6.3658 H   0  0  0  0  0  0  0  0  0  0  0  0
    4.6693    9.4136    4.5953 H   0  0  0  0  0  0  0  0  0  0  0  0
    7.1420    8.9654    4.5000 H   0  0  0  0  0  0  0  0  0  0  0  0
    7.2363    9.8952    6.0183 H   0  0  0  0  0  0  0  0  0  0  0  0
    6.6857    7.8473    7.3235 H   0  0  0  0  0  0  0  0  0  0  0  0
    4.5000    7.0697    6.4185 H   0  0  0  0  0  0  0  0  0  0  0  0
    5.2033    6.9634    4.7836 H   0  0  0  0  0  0  0  0  0  0  0  0
    7.6875    6.5109    4.7379 H   0  0  0  0  0  0  0  0  0  0  0  0
    9.9293    7.4109    6.3017 H   0  0  0  0  0  0  0  0  0  0  0  0
    9.2866    5.4703    8.3550 H   0  0  0  0  0  0  0  0  0  0  0  0
    7.9894    6.7302    8.3672 H   0  0  0  0  0  0  0  0  0  0  0  0
    7.1057    4.5000    6.7124 H   0  0  0  0  0  0  0  0  0  0  0  0
    9.2577    5.0011    4.8322 H   0  0  0  0  0  0  0  0  0  0  0  0
    9.9906    4.5154    6.4278 H   0  0  0  0  0  0  0  0  0  0  0  0
  1  2  1  0  0  0  0
  1  4  1  0  0  0  0
  1 10  1  0  0  0  0
  2 13  1  0  0  0  0
  2  3  1  0  0  0  0
  3 14  1  0  0  0  0
  4  3  1  0  0  0  0
  4 15  1  0  0  0  0
  5 17  1  6  0  0  0
  5  3  1  0  0  0  0
  5  6  1  0  0  0  0
  5  8  1  0  0  0  0
  6 18  1  6  0  0  0
  6  7  1  0  0  0  0
  7 19  1  0  0  0  0
  7 20  1  0  0  0  0
  8 21  1  1  0  0  0
  8  7  1  0  0  0  0
  9  6  1  0  0  0  0
  9 23  1  0  0  0  0
  9  8  1  0  0  0  0
 11  1  1  0  0  0  0
 12  2  1  0  0  0  0
 16  4  1  0  0  0  0
 22  9  1  0  0  0  0
M  END
