Lattice="13.29908223 0.0 0.0 0.0 13.83040455 0.0 0.0 0.0 12.31070167" Properties=species:S:1:pos:R:3:GW_charged:R:1:dKS_charged:R:1:dKS_neutral:R:1 pbc="T T T"
 OpenBabel12102409373D
Lattice="13.29908223 0.0 0.0 0.0 13.83040455 0.0 0.0 0.0 12.31070167" Properties=species:S:1:pos:R:3:GW_charged:R:1:dKS_charged:R:1:dKS_neutral:R:1 pbc="T T T"
 17 18  0  0  1  0  0  0  0  0999 V2000
    6.7082    8.9088    5.6381 C   0  0  0  0  0  0  0  0  0  0  0  0
    6.6644    7.4111    5.6480 C   0  0  1  0  0  0  0  0  0  0  0  0
    7.8485    6.5449    5.2540 C   0  0  0  0  0  0  0  0  0  0  0  0
    7.2572    6.3934    6.6287 C   0  0  1  0  0  0  0  0  0  0  0  0
    7.9838    6.6571    7.7913 O   0  0  0  0  0  0  0  0  0  0  0  0
    5.9826    5.5516    6.5909 C   0  0  0  0  0  0  0  0  0  0  0  0
    5.3909    6.5581    5.5495 C   0  0  0  0  0  0  0  0  0  0  0  0
    7.6826    9.2794    5.9847 H   0  0  0  0  0  0  0  0  0  0  0  0
    6.5384    9.3068    4.6259 H   0  0  0  0  0  0  0  0  0  0  0  0
    5.9365    9.3304    6.2987 H   0  0  0  0  0  0  0  0  0  0  0  0
    7.7510    5.7576    4.5000 H   0  0  0  0  0  0  0  0  0  0  0  0
    8.7991    7.0796    5.2355 H   0  0  0  0  0  0  0  0  0  0  0  0
    8.7556    6.0695    7.8107 H   0  0  0  0  0  0  0  0  0  0  0  0
    6.0907    4.5000    6.2835 H   0  0  0  0  0  0  0  0  0  0  0  0
    5.4437    5.5918    7.5455 H   0  0  0  0  0  0  0  0  0  0  0  0
    4.5000    7.0760    5.9279 H   0  0  0  0  0  0  0  0  0  0  0  0
    5.1661    6.1529    4.5516 H   0  0  0  0  0  0  0  0  0  0  0  0
  1  8  1  0  0  0  0
  1 10  1  0  0  0  0
  2  1  1  1  0  0  0
  2  4  1  0  0  0  0
  3  2  1  0  0  0  0
  3  4  1  0  0  0  0
  4  5  1  1  0  0  0
  5 13  1  0  0  0  0
  6  4  1  0  0  0  0
  6 15  1  0  0  0  0
  7  2  1  0  0  0  0
  7 16  1  0  0  0  0
  7  6  1  0  0  0  0
  9  1  1  0  0  0  0
 11  3  1  0  0  0  0
 12  3  1  0  0  0  0
 14  6  1  0  0  0  0
 17  7  1  0  0  0  0
M  END
