Lattice="13.37496331 0.0 0.0 0.0 14.61024067 0.0 0.0 0.0 13.36340989" Properties=species:S:1:pos:R:3:GW_charged:R:1:dKS_charged:R:1:dKS_neutral:R:1 pbc="T T T"
 OpenBabel12102409403D
Lattice="13.37496331 0.0 0.0 0.0 14.61024067 0.0 0.0 0.0 13.36340989" Properties=species:S:1:pos:R:3:GW_charged:R:1:dKS_charged:R:1:dKS_neutral:R:1 pbc="T T T"
 19 20  0  0  0  0  0  0  0  0999 V2000
    6.6725    9.6682    5.5190 C   0  0  0  0  0  0  0  0  0  0  0  0
    8.1164    9.4198    5.8844 C   0  0  0  0  0  0  0  0  0  0  0  0
    7.1599    8.2580    5.7546 C   0  0  0  0  0  0  0  0  0  0  0  0
    6.7209    7.4938    6.9698 C   0  0  0  0  0  0  0  0  0  0  0  0
    5.4543    6.5917    6.8924 C   0  0  0  0  0  0  0  0  0  0  0  0
    6.1782    5.5661    7.8036 C   0  0  0  0  0  0  0  0  0  0  0  0
    7.5225    6.2358    7.4157 C   0  0  0  0  0  0  0  0  0  0  0  0
    6.0243   10.1102    6.2756 H   0  0  0  0  0  0  0  0  0  0  0  0
    6.4430    9.9757    4.5000 H   0  0  0  0  0  0  0  0  0  0  0  0
    8.8750    9.5574    5.1154 H   0  0  0  0  0  0  0  0  0  0  0  0
    8.4426    9.6943    6.8875 H   0  0  0  0  0  0  0  0  0  0  0  0
    7.2811    7.6436    4.8581 H   0  0  0  0  0  0  0  0  0  0  0  0
    6.6241    8.1858    7.8231 H   0  0  0  0  0  0  0  0  0  0  0  0
    4.5000    7.0132    7.2335 H   0  0  0  0  0  0  0  0  0  0  0  0
    5.3175    6.1991    5.8742 H   0  0  0  0  0  0  0  0  0  0  0  0
    5.9376    5.7263    8.8634 H   0  0  0  0  0  0  0  0  0  0  0  0
    6.0519    4.5000    7.5775 H   0  0  0  0  0  0  0  0  0  0  0  0
    7.9835    5.7403    6.5488 H   0  0  0  0  0  0  0  0  0  0  0  0
    8.2882    6.3612    8.1921 H   0  0  0  0  0  0  0  0  0  0  0  0
  1  3  1  0  0  0  0
  1  2  1  0  0  0  0
  1  8  1  0  0  0  0
  2 11  1  0  0  0  0
  3  2  1  0  0  0  0
  3  4  1  0  0  0  0
  4  7  1  0  0  0  0
  4 13  1  0  0  0  0
  5  4  1  0  0  0  0
  5 14  1  0  0  0  0
  5  6  1  0  0  0  0
  6 16  1  0  0  0  0
  7  6  1  0  0  0  0
  7 19  1  0  0  0  0
  9  1  1  0  0  0  0
 10  2  1  0  0  0  0
 12  3  1  0  0  0  0
 15  5  1  0  0  0  0
 17  6  1  0  0  0  0
 18  7  1  0  0  0  0
M  END
