Lattice="15.3750137 0.0 0.0 0.0 13.44665716 0.0 0.0 0.0 14.699510889999999" Properties=species:S:1:pos:R:3:GW_charged:R:1:dKS_charged:R:1:dKS_neutral:R:1 pbc="T T T"
 OpenBabel12102411083D
Lattice="15.3750137 0.0 0.0 0.0 13.44665716 0.0 0.0 0.0 14.699510889999999" Properties=species:S:1:pos:R:3:GW_charged:R:1:dKS_charged:R:1:dKS_neutral:R:1 pbc="T T T"
 25 25  0  0  0  0  0  0  0  0999 V2000
    6.5608    8.4735    8.2129 C   0  0  0  0  0  0  0  0  0  0  0  0
    6.4873    6.9437    8.0894 C   0  0  0  0  0  0  0  0  0  0  0  0
    7.2471    6.2617    9.2371 C   0  0  0  0  0  0  0  0  0  0  0  0
    5.0278    6.4843    8.0712 C   0  0  0  0  0  0  0  0  0  0  0  0
    6.9889    6.5187    6.7942 O   0  0  0  0  0  0  0  0  0  0  0  0
    8.3700    6.6483    6.5353 C   0  0  0  0  0  0  0  0  0  0  0  0
    9.3176    5.4335    6.7669 C   0  0  0  0  0  0  0  0  0  0  0  0
   10.0021    5.7886    5.4209 C   0  0  0  0  0  0  0  0  0  0  0  0
    8.7329    6.5972    5.0377 C   0  0  0  0  0  0  0  0  0  0  0  0
    7.5974    8.8366    8.2200 H   0  0  0  0  0  0  0  0  0  0  0  0
    6.0348    8.9467    7.3736 H   0  0  0  0  0  0  0  0  0  0  0  0
    6.0925    8.8077    9.1489 H   0  0  0  0  0  0  0  0  0  0  0  0
    6.7713    6.4950   10.1995 H   0  0  0  0  0  0  0  0  0  0  0  0
    7.2436    5.1715    9.1075 H   0  0  0  0  0  0  0  0  0  0  0  0
    8.2901    6.6003    9.2948 H   0  0  0  0  0  0  0  0  0  0  0  0
    4.5000    6.9334    7.2199 H   0  0  0  0  0  0  0  0  0  0  0  0
    4.9737    5.3926    7.9698 H   0  0  0  0  0  0  0  0  0  0  0  0
    4.5127    6.7766    8.9958 H   0  0  0  0  0  0  0  0  0  0  0  0
    8.7850    7.5576    7.0038 H   0  0  0  0  0  0  0  0  0  0  0  0
    9.9281    5.4097    7.6787 H   0  0  0  0  0  0  0  0  0  0  0  0
    8.7434    4.5000    6.6936 H   0  0  0  0  0  0  0  0  0  0  0  0
   10.8750    6.4390    5.5640 H   0  0  0  0  0  0  0  0  0  0  0  0
   10.2912    4.9600    4.7642 H   0  0  0  0  0  0  0  0  0  0  0  0
    8.0037    5.9686    4.5089 H   0  0  0  0  0  0  0  0  0  0  0  0
    8.8455    7.5469    4.5000 H   0  0  0  0  0  0  0  0  0  0  0  0
  1 10  1  0  0  0  0
  1 12  1  0  0  0  0
  2  1  1  0  0  0  0
  2  3  1  0  0  0  0
  3 15  1  0  0  0  0
  3 13  1  0  0  0  0
  4  2  1  0  0  0  0
  4 18  1  0  0  0  0
  5  2  1  0  0  0  0
  6  7  1  0  0  0  0
  6  5  1  0  0  0  0
  6 19  1  0  0  0  0
  7 20  1  0  0  0  0
  8 22  1  0  0  0  0
  8  7  1  0  0  0  0
  9  8  1  0  0  0  0
  9  6  1  0  0  0  0
 11  1  1  0  0  0  0
 14  3  1  0  0  0  0
 16  4  1  0  0  0  0
 17  4  1  0  0  0  0
 21  7  1  0  0  0  0
 23  8  1  0  0  0  0
 24  9  1  0  0  0  0
 25  9  1  0  0  0  0
M  END
