Lattice="12.83721188 0.0 0.0 0.0 15.65642205 0.0 0.0 0.0 13.25329976" Properties=species:S:1:pos:R:3:GW_charged:R:1:dKS_charged:R:1:dKS_neutral:R:1 pbc="T T T"
 OpenBabel12102409453D
Lattice="12.83721188 0.0 0.0 0.0 15.65642205 0.0 0.0 0.0 13.25329976" Properties=species:S:1:pos:R:3:GW_charged:R:1:dKS_charged:R:1:dKS_neutral:R:1 pbc="T T T"
 19 20  0  0  1  0  0  0  0  0999 V2000
    6.7506    5.5683    6.6500 C   0  0  0  0  0  0  0  0  0  0  0  0
    6.7091    6.7775    6.6450 C   0  0  0  0  0  0  0  0  0  0  0  0
    6.6084    8.2225    6.6540 C   0  0  1  0  0  0  0  0  0  0  0  0
    5.8372    8.8356    7.8538 C   0  0  0  0  0  0  0  0  0  0  0  0
    5.5757   10.2917    7.3628 C   0  0  0  0  0  0  0  0  0  0  0  0
    6.2527   10.3144    5.9730 C   0  0  1  0  0  0  0  0  0  0  0  0
    7.7654   10.1772    6.1812 C   0  0  0  0  0  0  0  0  0  0  0  0
    7.9418    8.8137    6.6469 O   0  0  0  0  0  0  0  0  0  0  0  0
    5.9336    8.9049    5.4442 C   0  0  0  0  0  0  0  0  0  0  0  0
    6.8003    4.5000    6.6503 H   0  0  0  0  0  0  0  0  0  0  0  0
    4.9087    8.2831    8.0483 H   0  0  0  0  0  0  0  0  0  0  0  0
    6.4611    8.7825    8.7533 H   0  0  0  0  0  0  0  0  0  0  0  0
    4.5000   10.4956    7.2751 H   0  0  0  0  0  0  0  0  0  0  0  0
    6.0006   11.0468    8.0371 H   0  0  0  0  0  0  0  0  0  0  0  0
    5.9664   11.1564    5.3322 H   0  0  0  0  0  0  0  0  0  0  0  0
    8.3372   10.3142    5.2483 H   0  0  0  0  0  0  0  0  0  0  0  0
    8.1570   10.8725    6.9406 H   0  0  0  0  0  0  0  0  0  0  0  0
    6.4287    8.6480    4.5000 H   0  0  0  0  0  0  0  0  0  0  0  0
    4.8601    8.6891    5.3768 H   0  0  0  0  0  0  0  0  0  0  0  0
  1 10  1  0  0  0  0
  2  1  3  0  0  0  0
  3  2  1  6  0  0  0
  3  4  1  0  0  0  0
  4 11  1  0  0  0  0
  4 12  1  0  0  0  0
  5  4  1  0  0  0  0
  5 14  1  0  0  0  0
  6 15  1  6  0  0  0
  6  7  1  0  0  0  0
  6  5  1  0  0  0  0
  7  8  1  0  0  0  0
  7 17  1  0  0  0  0
  8  3  1  0  0  0  0
  9  6  1  0  0  0  0
  9  3  1  0  0  0  0
 13  5  1  0  0  0  0
 16  7  1  0  0  0  0
 18  9  1  0  0  0  0
 19  9  1  0  0  0  0
M  END
