Lattice="13.1700385 0.0 0.0 0.0 13.45116572 0.0 0.0 0.0 13.893128579999999" Properties=species:S:1:pos:R:3:GW_charged:R:1:dKS_charged:R:1:dKS_neutral:R:1 pbc="T T T"
 OpenBabel12102411053D
Lattice="13.1700385 0.0 0.0 0.0 13.45116572 0.0 0.0 0.0 13.893128579999999" Properties=species:S:1:pos:R:3:GW_charged:R:1:dKS_charged:R:1:dKS_neutral:R:1 pbc="T T T"
 21 24  0  0  1  0  0  0  0  0999 V2000
    5.2940    8.2064    6.3487 C   0  0  0  0  0  0  0  0  0  0  0  0
    6.8460    8.1562    6.2864 C   0  0  1  0  0  0  0  0  0  0  0  0
    7.4297    7.9818    7.6934 C   0  0  0  0  0  0  0  0  0  0  0  0
    6.8938    6.6964    8.3074 C   0  0  2  0  0  0  0  0  0  0  0  0
    7.0855    5.4122    7.5285 C   0  0  2  0  0  0  0  0  0  0  0  0
    7.5970    5.6189    6.1118 C   0  0  0  0  0  0  0  0  0  0  0  0
    6.7129    6.7526    5.5927 C   0  0  1  0  0  0  0  0  0  0  0  0
    5.3227    6.6578    6.3000 C   0  0  1  0  0  0  0  0  0  0  0  0
    5.7016    6.0367    7.6381 C   0  0  2  0  0  0  0  0  0  0  0  0
    4.8310    8.6872    7.2226 H   0  0  0  0  0  0  0  0  0  0  0  0
    4.8645    8.6331    5.4325 H   0  0  0  0  0  0  0  0  0  0  0  0
    7.3589    8.9512    5.7285 H   0  0  0  0  0  0  0  0  0  0  0  0
    8.5320    7.9554    7.6575 H   0  0  0  0  0  0  0  0  0  0  0  0
    7.1591    8.8495    8.3155 H   0  0  0  0  0  0  0  0  0  0  0  0
    6.9495    6.6139    9.3931 H   0  0  0  0  0  0  0  0  0  0  0  0
    7.3368    4.5000    8.0691 H   0  0  0  0  0  0  0  0  0  0  0  0
    8.6700    5.8688    6.0737 H   0  0  0  0  0  0  0  0  0  0  0  0
    7.4557    4.7069    5.5110 H   0  0  0  0  0  0  0  0  0  0  0  0
    6.6646    6.8349    4.5000 H   0  0  0  0  0  0  0  0  0  0  0  0
    4.5000    6.1225    5.8070 H   0  0  0  0  0  0  0  0  0  0  0  0
    4.9273    5.5880    8.2589 H   0  0  0  0  0  0  0  0  0  0  0  0
  1 10  1  0  0  0  0
  2 12  1  6  0  0  0
  2  1  1  0  0  0  0
  2  3  1  0  0  0  0
  3  4  1  0  0  0  0
  3 14  1  0  0  0  0
  4 15  1  1  0  0  0
  5  9  1  0  0  0  0
  5 16  1  1  0  0  0
  5  4  1  0  0  0  0
  6  5  1  0  0  0  0
  7 19  1  6  0  0  0
  7  6  1  0  0  0  0
  7  2  1  0  0  0  0
  7  8  1  0  0  0  0
  8 20  1  6  0  0  0
  8  1  1  0  0  0  0
  8  9  1  0  0  0  0
  9 21  1  1  0  0  0
  9  4  1  0  0  0  0
 11  1  1  0  0  0  0
 13  3  1  0  0  0  0
 17  6  1  0  0  0  0
 18  6  1  0  0  0  0
M  END
