Lattice="13.33135848 0.0 0.0 0.0 14.039992250000001 0.0 0.0 0.0 12.89671424" Properties=species:S:1:pos:R:3:GW_charged:R:1:dKS_charged:R:1:dKS_neutral:R:1 pbc="T T T"
 OpenBabel12102409393D
Lattice="13.33135848 0.0 0.0 0.0 14.039992250000001 0.0 0.0 0.0 12.89671424" Properties=species:S:1:pos:R:3:GW_charged:R:1:dKS_charged:R:1:dKS_neutral:R:1 pbc="T T T"
 17 17  0  0  1  0  0  0  0  0999 V2000
    7.9218    9.3415    6.8763 O   0  0  0  0  0  0  0  0  0  0  0  0
    7.8025    7.9235    7.0458 C   0  0  0  0  0  0  0  0  0  0  0  0
    6.3398    7.5809    7.3108 C   0  0  1  0  0  0  0  0  0  0  0  0
    5.4397    7.9118    6.0866 C   0  0  0  0  0  0  0  0  0  0  0  0
    5.1648    6.5673    5.4666 C   0  0  0  0  0  0  0  0  0  0  0  0
    5.5613    5.5587    6.2508 C   0  0  0  0  0  0  0  0  0  0  0  0
    6.1777    6.0501    7.5353 C   0  0  0  0  0  0  0  0  0  0  0  0
    8.8314    9.5400    6.6107 H   0  0  0  0  0  0  0  0  0  0  0  0
    8.1490    7.3879    6.1412 H   0  0  0  0  0  0  0  0  0  0  0  0
    8.4179    7.5819    7.8985 H   0  0  0  0  0  0  0  0  0  0  0  0
    6.0236    8.1500    8.1959 H   0  0  0  0  0  0  0  0  0  0  0  0
    4.5000    8.4010    6.3937 H   0  0  0  0  0  0  0  0  0  0  0  0
    5.9333    8.6166    5.4008 H   0  0  0  0  0  0  0  0  0  0  0  0
    4.6743    6.4499    4.5000 H   0  0  0  0  0  0  0  0  0  0  0  0
    5.4394    4.5000    6.0214 H   0  0  0  0  0  0  0  0  0  0  0  0
    7.1405    5.5598    7.7567 H   0  0  0  0  0  0  0  0  0  0  0  0
    5.5250    5.8303    8.3967 H   0  0  0  0  0  0  0  0  0  0  0  0
  1  2  1  0  0  0  0
  2  3  1  0  0  0  0
  2 10  1  0  0  0  0
  3  7  1  0  0  0  0
  3 11  1  1  0  0  0
  4 12  1  0  0  0  0
  4  3  1  0  0  0  0
  5  4  1  0  0  0  0
  5  6  2  0  0  0  0
  6  7  1  0  0  0  0
  7 16  1  0  0  0  0
  7 17  1  0  0  0  0
  8  1  1  0  0  0  0
  9  2  1  0  0  0  0
 13  4  1  0  0  0  0
 14  5  1  0  0  0  0
 15  6  1  0  0  0  0
M  END
