Lattice="13.11977227 0.0 0.0 0.0 15.60723799 0.0 0.0 0.0 13.29278939" Properties=species:S:1:pos:R:3:GW_charged:R:1:dKS_charged:R:1:dKS_neutral:R:1 pbc="T T T"
 OpenBabel12102409453D
Lattice="13.11977227 0.0 0.0 0.0 15.60723799 0.0 0.0 0.0 13.29278939" Properties=species:S:1:pos:R:3:GW_charged:R:1:dKS_charged:R:1:dKS_neutral:R:1 pbc="T T T"
 19 21  0  0  1  0  0  0  0  0999 V2000
    6.4672    5.5693    6.7242 C   0  0  0  0  0  0  0  0  0  0  0  0
    6.4712    6.7817    6.7241 C   0  0  0  0  0  0  0  0  0  0  0  0
    6.4608    8.2219    6.7411 C   0  0  1  0  0  0  0  0  0  0  0  0
    5.5535    8.9233    7.7652 C   0  0  0  0  0  0  0  0  0  0  0  0
    5.8557   10.4059    7.4301 C   0  0  0  0  0  0  0  0  0  0  0  0
    6.8602   10.2215    6.2985 C   0  0  1  0  0  0  0  0  0  0  0  0
    7.8151    9.0310    6.6330 C   0  0  2  0  0  0  0  0  0  0  0  0
    7.8946    8.6882    5.1283 C   0  0  0  0  0  0  0  0  0  0  0  0
    6.4110    9.0355    5.3860 C   0  0  1  0  0  0  0  0  0  0  0  0
    6.4650    4.5000    6.7228 H   0  0  0  0  0  0  0  0  0  0  0  0
    4.5000    8.6512    7.6161 H   0  0  0  0  0  0  0  0  0  0  0  0
    5.8250    8.6470    8.7928 H   0  0  0  0  0  0  0  0  0  0  0  0
    4.9621   10.9560    7.1040 H   0  0  0  0  0  0  0  0  0  0  0  0
    6.2871   10.9517    8.2808 H   0  0  0  0  0  0  0  0  0  0  0  0
    7.2912   11.1072    5.8163 H   0  0  0  0  0  0  0  0  0  0  0  0
    8.6198    9.0156    7.3805 H   0  0  0  0  0  0  0  0  0  0  0  0
    8.4548    9.3930    4.5000 H   0  0  0  0  0  0  0  0  0  0  0  0
    8.1208    7.6465    4.8698 H   0  0  0  0  0  0  0  0  0  0  0  0
    5.5737    9.0252    4.6752 H   0  0  0  0  0  0  0  0  0  0  0  0
  2  1  3  0  0  0  0
  3  2  1  6  0  0  0
  3  4  1  0  0  0  0
  4 12  1  0  0  0  0
  5  4  1  0  0  0  0
  5 14  1  0  0  0  0
  6 15  1  6  0  0  0
  6  7  1  0  0  0  0
  6  5  1  0  0  0  0
  7  3  1  0  0  0  0
  7 16  1  1  0  0  0
  8  9  1  0  0  0  0
  8  7  1  0  0  0  0
  9 19  1  6  0  0  0
  9  6  1  0  0  0  0
  9  3  1  0  0  0  0
 10  1  1  0  0  0  0
 11  4  1  0  0  0  0
 13  5  1  0  0  0  0
 17  8  1  0  0  0  0
 18  8  1  0  0  0  0
M  END
