Lattice="13.45768598 0.0 0.0 0.0 15.01507947 0.0 0.0 0.0 13.12194103" Properties=species:S:1:pos:R:3:GW_charged:R:1:dKS_charged:R:1:dKS_neutral:R:1 pbc="T T T"
 OpenBabel12102409323D
Lattice="13.45768598 0.0 0.0 0.0 15.01507947 0.0 0.0 0.0 13.12194103" Properties=species:S:1:pos:R:3:GW_charged:R:1:dKS_charged:R:1:dKS_neutral:R:1 pbc="T T T"
 21 21  0  0  0  0  0  0  0  0999 V2000
    8.0082   10.0610    6.6350 C   0  0  0  0  0  0  0  0  0  0  0  0
    8.0577    8.5346    6.7212 C   0  0  0  0  0  0  0  0  0  0  0  0
    6.7465    7.8698    6.2845 C   0  0  0  0  0  0  0  0  0  0  0  0
    6.7154    6.3553    6.4365 C   0  0  0  0  0  0  0  0  0  0  0  0
    7.6886    5.5837    5.5654 C   0  0  0  0  0  0  0  0  0  0  0  0
    6.4090    5.8027    7.8110 C   0  0  0  0  0  0  0  0  0  0  0  0
    5.3733    5.7171    6.7112 C   0  0  0  0  0  0  0  0  0  0  0  0
    8.9577   10.5151    6.9497 H   0  0  0  0  0  0  0  0  0  0  0  0
    7.8048   10.3969    5.6075 H   0  0  0  0  0  0  0  0  0  0  0  0
    7.2150   10.4718    7.2770 H   0  0  0  0  0  0  0  0  0  0  0  0
    8.8888    8.1629    6.1016 H   0  0  0  0  0  0  0  0  0  0  0  0
    8.2882    8.2265    7.7540 H   0  0  0  0  0  0  0  0  0  0  0  0
    5.9181    8.3013    6.8713 H   0  0  0  0  0  0  0  0  0  0  0  0
    6.5365    8.1304    5.2318 H   0  0  0  0  0  0  0  0  0  0  0  0
    8.7336    5.8288    5.8044 H   0  0  0  0  0  0  0  0  0  0  0  0
    7.5678    4.5000    5.6985 H   0  0  0  0  0  0  0  0  0  0  0  0
    7.5263    5.8086    4.5000 H   0  0  0  0  0  0  0  0  0  0  0  0
    6.9057    4.8838    8.1212 H   0  0  0  0  0  0  0  0  0  0  0  0
    6.2355    6.5101    8.6219 H   0  0  0  0  0  0  0  0  0  0  0  0
    4.5000    6.3657    6.7796 H   0  0  0  0  0  0  0  0  0  0  0  0
    5.1698    4.7396    6.2744 H   0  0  0  0  0  0  0  0  0  0  0  0
  1  2  1  0  0  0  0
  1  8  1  0  0  0  0
  1 10  1  0  0  0  0
  2 12  1  0  0  0  0
  3  4  1  0  0  0  0
  3  2  1  0  0  0  0
  3 13  1  0  0  0  0
  4  7  1  0  0  0  0
  4  6  1  0  0  0  0
  5 16  1  0  0  0  0
  5 15  1  0  0  0  0
  5  4  1  0  0  0  0
  6 18  1  0  0  0  0
  6 19  1  0  0  0  0
  7 20  1  0  0  0  0
  7  6  1  0  0  0  0
  9  1  1  0  0  0  0
 11  2  1  0  0  0  0
 14  3  1  0  0  0  0
 17  5  1  0  0  0  0
 21  7  1  0  0  0  0
M  END
