Lattice="14.02398375 0.0 0.0 0.0 13.09144917 0.0 0.0 0.0 13.54963146" Properties=species:S:1:pos:R:3:GW_charged:R:1:dKS_charged:R:1:dKS_neutral:R:1 pbc="T T T"
 OpenBabel12102411073D
Lattice="14.02398375 0.0 0.0 0.0 13.09144917 0.0 0.0 0.0 13.54963146" Properties=species:S:1:pos:R:3:GW_charged:R:1:dKS_charged:R:1:dKS_neutral:R:1 pbc="T T T"
 23 24  0  0  1  0  0  0  0  0999 V2000
    5.7485    8.0590    6.8406 C   0  0  0  0  0  0  0  0  0  0  0  0
    6.9564    8.4118    6.1471 O   0  0  0  0  0  0  0  0  0  0  0  0
    7.5157    7.2426    5.5124 C   0  0  2  0  0  0  0  0  0  0  0  0
    6.3541    6.2380    5.4471 C   0  0  0  0  0  0  0  0  0  0  0  0
    5.5676    6.5320    6.7371 C   0  0  1  0  0  0  0  0  0  0  0  0
    6.0468    5.7356    7.9745 C   0  0  0  0  0  0  0  0  0  0  0  0
    7.5322    5.3376    8.0435 C   0  0  0  0  0  0  0  0  0  0  0  0
    8.5490    6.4534    7.7616 C   0  0  0  0  0  0  0  0  0  0  0  0
    8.7599    6.7692    6.2750 C   0  0  0  0  0  0  0  0  0  0  0  0
    5.8222    8.3997    7.8860 H   0  0  0  0  0  0  0  0  0  0  0  0
    4.9054    8.5914    6.3667 H   0  0  0  0  0  0  0  0  0  0  0  0
    7.8252    7.5487    4.5000 H   0  0  0  0  0  0  0  0  0  0  0  0
    5.7314    6.4572    4.5682 H   0  0  0  0  0  0  0  0  0  0  0  0
    6.6883    5.1961    5.3648 H   0  0  0  0  0  0  0  0  0  0  0  0
    4.5000    6.3125    6.5944 H   0  0  0  0  0  0  0  0  0  0  0  0
    5.7911    6.3195    8.8738 H   0  0  0  0  0  0  0  0  0  0  0  0
    5.4516    4.8118    8.0424 H   0  0  0  0  0  0  0  0  0  0  0  0
    7.7139    4.9291    9.0496 H   0  0  0  0  0  0  0  0  0  0  0  0
    7.7248    4.5000    7.3521 H   0  0  0  0  0  0  0  0  0  0  0  0
    8.2546    7.3741    8.2911 H   0  0  0  0  0  0  0  0  0  0  0  0
    9.5222    6.1633    8.1861 H   0  0  0  0  0  0  0  0  0  0  0  0
    9.1650    5.8817    5.7581 H   0  0  0  0  0  0  0  0  0  0  0  0
    9.5240    7.5564    6.1834 H   0  0  0  0  0  0  0  0  0  0  0  0
  1 10  1  0  0  0  0
  2  1  1  0  0  0  0
  3 12  1  6  0  0  0
  3  2  1  0  0  0  0
  3  9  1  0  0  0  0
  4  3  1  0  0  0  0
  4  5  1  0  0  0  0
  5 15  1  6  0  0  0
  5  1  1  0  0  0  0
  5  6  1  0  0  0  0
  6 17  1  0  0  0  0
  6  7  1  0  0  0  0
  6 16  1  0  0  0  0
  7 18  1  0  0  0  0
  8  7  1  0  0  0  0
  8 21  1  0  0  0  0
  8 20  1  0  0  0  0
  9  8  1  0  0  0  0
 11  1  1  0  0  0  0
 13  4  1  0  0  0  0
 14  4  1  0  0  0  0
 19  7  1  0  0  0  0
 22  9  1  0  0  0  0
 23  9  1  0  0  0  0
M  END
