Lattice="13.098064 0.0 0.0 0.0 14.97106887 0.0 0.0 0.0 13.23018" Properties=species:S:1:pos:R:3:GW_charged:R:1:dKS_charged:R:1:dKS_neutral:R:1 pbc="T T T"
 OpenBabel12102411073D
Lattice="13.098064 0.0 0.0 0.0 14.97106887 0.0 0.0 0.0 13.23018" Properties=species:S:1:pos:R:3:GW_charged:R:1:dKS_charged:R:1:dKS_neutral:R:1 pbc="T T T"
 23 25  0  0  1  0  0  0  0  0999 V2000
    5.5197    9.6736    6.4805 C   0  0  0  0  0  0  0  0  0  0  0  0
    7.0694    9.8937    6.4679 C   0  0  0  0  0  0  0  0  0  0  0  0
    7.5188    8.4280    6.5202 C   0  0  2  0  0  0  0  0  0  0  0  0
    6.5777    7.7397    5.4832 C   0  0  1  0  0  0  0  0  0  0  0  0
    6.8143    6.2347    5.3361 C   0  0  0  0  0  0  0  0  0  0  0  0
    6.4567    5.4896    6.6308 C   0  0  0  0  0  0  0  0  0  0  0  0
    6.8216    6.3272    7.8655 C   0  0  0  0  0  0  0  0  0  0  0  0
    6.5839    7.8175    7.6102 C   0  0  2  0  0  0  0  0  0  0  0  0
    5.4885    8.1392    6.5367 C   0  0  1  0  0  0  0  0  0  0  0  0
    5.0342   10.1328    7.3528 H   0  0  0  0  0  0  0  0  0  0  0  0
    5.0290   10.0679    5.5798 H   0  0  0  0  0  0  0  0  0  0  0  0
    7.4164   10.4061    5.5598 H   0  0  0  0  0  0  0  0  0  0  0  0
    7.4216   10.4711    7.3340 H   0  0  0  0  0  0  0  0  0  0  0  0
    8.5981    8.2220    6.5246 H   0  0  0  0  0  0  0  0  0  0  0  0
    6.5074    8.2319    4.5000 H   0  0  0  0  0  0  0  0  0  0  0  0
    6.2155    5.8398    4.5015 H   0  0  0  0  0  0  0  0  0  0  0  0
    7.8694    6.0640    5.0647 H   0  0  0  0  0  0  0  0  0  0  0  0
    5.3718    5.3051    6.6407 H   0  0  0  0  0  0  0  0  0  0  0  0
    6.9337    4.5000    6.6656 H   0  0  0  0  0  0  0  0  0  0  0  0
    6.2278    5.9945    8.7302 H   0  0  0  0  0  0  0  0  0  0  0  0
    7.8783    6.1765    8.1426 H   0  0  0  0  0  0  0  0  0  0  0  0
    6.5191    8.3803    8.5552 H   0  0  0  0  0  0  0  0  0  0  0  0
    4.5000    7.6621    6.5570 H   0  0  0  0  0  0  0  0  0  0  0  0
  1  9  1  0  0  0  0
  1 10  1  0  0  0  0
  2  1  1  0  0  0  0
  2  3  1  0  0  0  0
  2 13  1  0  0  0  0
  3 14  1  1  0  0  0
  3  8  1  0  0  0  0
  4 15  1  6  0  0  0
  4  3  1  0  0  0  0
  4  9  1  0  0  0  0
  5  4  1  0  0  0  0
  5  6  1  0  0  0  0
  6 18  1  0  0  0  0
  6 19  1  0  0  0  0
  6  7  1  0  0  0  0
  7 21  1  0  0  0  0
  7 20  1  0  0  0  0
  8  7  1  0  0  0  0
  8 22  1  1  0  0  0
  9 23  1  1  0  0  0
  9  8  1  0  0  0  0
 11  1  1  0  0  0  0
 12  2  1  0  0  0  0
 16  5  1  0  0  0  0
 17  5  1  0  0  0  0
M  END
