Lattice="13.71273785 0.0 0.0 0.0 12.94625367 0.0 0.0 0.0 14.37917399" Properties=species:S:1:pos:R:3:GW_charged:R:1:dKS_charged:R:1:dKS_neutral:R:1 pbc="T T T"
 OpenBabel12102411063D
Lattice="13.71273785 0.0 0.0 0.0 12.94625367 0.0 0.0 0.0 14.37917399" Properties=species:S:1:pos:R:3:GW_charged:R:1:dKS_charged:R:1:dKS_neutral:R:1 pbc="T T T"
 23 25  0  0  1  0  0  0  0  0999 V2000
    6.1476    7.7743    5.4995 C   0  0  0  0  0  0  0  0  0  0  0  0
    7.4314    7.0034    5.6870 C   0  0  1  0  0  0  0  0  0  0  0  0
    8.2658    7.0895    6.9609 C   0  0  0  0  0  0  0  0  0  0  0  0
    7.6084    6.4418    8.2036 C   0  0  1  0  0  0  0  0  0  0  0  0
    6.4284    7.2653    8.7872 C   0  0  0  0  0  0  0  0  0  0  0  0
    5.1480    6.6804    8.1271 C   0  0  0  0  0  0  0  0  0  0  0  0
    5.6686    5.6678    7.0831 C   0  0  2  0  0  0  0  0  0  0  0  0
    6.9268    5.1239    7.7888 C   0  0  0  0  0  0  0  0  0  0  0  0
    6.0942    6.2841    5.7422 C   0  0  1  0  0  0  0  0  0  0  0  0
    5.8282    8.4463    6.2956 H   0  0  0  0  0  0  0  0  0  0  0  0
    5.9124    8.1382    4.5000 H   0  0  0  0  0  0  0  0  0  0  0  0
    8.0184    6.8534    4.7801 H   0  0  0  0  0  0  0  0  0  0  0  0
    9.2127    6.5597    6.7737 H   0  0  0  0  0  0  0  0  0  0  0  0
    8.5387    8.1345    7.1821 H   0  0  0  0  0  0  0  0  0  0  0  0
    8.3897    6.2884    8.9611 H   0  0  0  0  0  0  0  0  0  0  0  0
    6.3882    7.1534    9.8792 H   0  0  0  0  0  0  0  0  0  0  0  0
    6.5514    8.3388    8.5864 H   0  0  0  0  0  0  0  0  0  0  0  0
    4.5424    6.1483    8.8743 H   0  0  0  0  0  0  0  0  0  0  0  0
    4.5000    7.4465    7.6835 H   0  0  0  0  0  0  0  0  0  0  0  0
    4.9211    4.8874    6.8867 H   0  0  0  0  0  0  0  0  0  0  0  0
    7.5521    4.5000    7.1341 H   0  0  0  0  0  0  0  0  0  0  0  0
    6.6540    4.5271    8.6728 H   0  0  0  0  0  0  0  0  0  0  0  0
    5.8412    5.6728    4.8748 H   0  0  0  0  0  0  0  0  0  0  0  0
  1  2  1  0  0  0  0
  1  9  1  0  0  0  0
  1 10  1  0  0  0  0
  2 12  1  6  0  0  0
  2  9  1  0  0  0  0
  2  3  1  0  0  0  0
  3 14  1  0  0  0  0
  3  4  1  0  0  0  0
  4  5  1  0  0  0  0
  4 15  1  1  0  0  0
  5 16  1  0  0  0  0
  6  5  1  0  0  0  0
  6 18  1  0  0  0  0
  7 20  1  6  0  0  0
  7  8  1  0  0  0  0
  7  6  1  0  0  0  0
  8  4  1  0  0  0  0
  8 22  1  0  0  0  0
  9 23  1  6  0  0  0
  9  7  1  0  0  0  0
 11  1  1  0  0  0  0
 13  3  1  0  0  0  0
 17  5  1  0  0  0  0
 19  6  1  0  0  0  0
 21  8  1  0  0  0  0
M  END
