Lattice="14.40826485 0.0 0.0 0.0 15.10907577 0.0 0.0 0.0 12.851427619999999" Properties=species:S:1:pos:R:3:GW_charged:R:1:dKS_charged:R:1:dKS_neutral:R:1 pbc="T T T"
 OpenBabel12102409373D
Lattice="14.40826485 0.0 0.0 0.0 15.10907577 0.0 0.0 0.0 12.851427619999999" Properties=species:S:1:pos:R:3:GW_charged:R:1:dKS_charged:R:1:dKS_neutral:R:1 pbc="T T T"
 21 21  0  0  1  0  0  0  0  0999 V2000
    5.7668   10.0642    7.5081 C   0  0  0  0  0  0  0  0  0  0  0  0
    5.5693    8.5559    7.3412 C   0  0  0  0  0  0  0  0  0  0  0  0
    6.3731    7.9689    6.1898 C   0  0  1  0  0  0  0  0  0  0  0  0
    7.9250    7.9285    6.2868 C   0  0  0  0  0  0  0  0  0  0  0  0
    7.8980    6.5401    5.5899 C   0  0  1  0  0  0  0  0  0  0  0  0
    8.8692    5.4622    6.0389 C   0  0  0  0  0  0  0  0  0  0  0  0
    6.3994    6.4298    5.9860 C   0  0  0  0  0  0  0  0  0  0  0  0
    6.8229   10.3091    7.6920 H   0  0  0  0  0  0  0  0  0  0  0  0
    5.4555   10.6091    6.6048 H   0  0  0  0  0  0  0  0  0  0  0  0
    5.1838   10.4586    8.3514 H   0  0  0  0  0  0  0  0  0  0  0  0
    5.8537    8.0396    8.2740 H   0  0  0  0  0  0  0  0  0  0  0  0
    4.5000    8.3343    7.1858 H   0  0  0  0  0  0  0  0  0  0  0  0
    6.0786    8.4606    5.2475 H   0  0  0  0  0  0  0  0  0  0  0  0
    8.5018    8.7350    5.8155 H   0  0  0  0  0  0  0  0  0  0  0  0
    8.2486    7.8353    7.3362 H   0  0  0  0  0  0  0  0  0  0  0  0
    7.9754    6.6803    4.5000 H   0  0  0  0  0  0  0  0  0  0  0  0
    8.8086    5.3044    7.1263 H   0  0  0  0  0  0  0  0  0  0  0  0
    8.6553    4.5000    5.5506 H   0  0  0  0  0  0  0  0  0  0  0  0
    9.9083    5.7327    5.7994 H   0  0  0  0  0  0  0  0  0  0  0  0
    6.2852    5.9051    6.9479 H   0  0  0  0  0  0  0  0  0  0  0  0
    5.7009    5.9876    5.2632 H   0  0  0  0  0  0  0  0  0  0  0  0
  1  8  1  0  0  0  0
  1 10  1  0  0  0  0
  2  1  1  0  0  0  0
  2 11  1  0  0  0  0
  3 13  1  6  0  0  0
  3  4  1  0  0  0  0
  3  2  1  0  0  0  0
  4 15  1  0  0  0  0
  5 16  1  6  0  0  0
  5  7  1  0  0  0  0
  5  6  1  0  0  0  0
  5  4  1  0  0  0  0
  6 17  1  0  0  0  0
  7  3  1  0  0  0  0
  7 20  1  0  0  0  0
  9  1  1  0  0  0  0
 12  2  1  0  0  0  0
 14  4  1  0  0  0  0
 18  6  1  0  0  0  0
 19  6  1  0  0  0  0
 21  7  1  0  0  0  0
M  END
