Lattice="14.11742132 0.0 0.0 0.0 13.88313307 0.0 0.0 0.0 14.49622445" Properties=species:S:1:pos:R:3:GW_charged:R:1:dKS_charged:R:1:dKS_neutral:R:1 pbc="T T T"
 OpenBabel12102411063D
Lattice="14.11742132 0.0 0.0 0.0 13.88313307 0.0 0.0 0.0 14.49622445" Properties=species:S:1:pos:R:3:GW_charged:R:1:dKS_charged:R:1:dKS_neutral:R:1 pbc="T T T"
 21 23  0  0  1  0  0  0  0  0999 V2000
    6.4759    8.8004    5.7240 C   0  0  0  0  0  0  0  0  0  0  0  0
    7.7194    7.9897    5.4767 C   0  0  1  0  0  0  0  0  0  0  0  0
    8.5912    7.6379    6.6962 C   0  0  0  0  0  0  0  0  0  0  0  0
    7.8785    6.4350    7.3568 C   0  0  1  0  0  0  0  0  0  0  0  0
    7.7450    6.2653    8.8779 C   0  0  0  0  0  0  0  0  0  0  0  0
    6.3479    5.6029    9.0487 C   0  0  0  0  0  0  0  0  0  0  0  0
    5.5864    6.0921    7.8321 C   0  0  0  0  0  0  0  0  0  0  0  0
    6.4362    6.5560    6.9067 C   0  0  0  0  0  0  0  0  0  0  0  0
    6.3664    7.2888    5.6194 C   0  0  1  0  0  0  0  0  0  0  0  0
    6.3360    9.2517    6.7067 H   0  0  0  0  0  0  0  0  0  0  0  0
    6.0728    9.3831    4.8957 H   0  0  0  0  0  0  0  0  0  0  0  0
    8.1943    8.0715    4.5000 H   0  0  0  0  0  0  0  0  0  0  0  0
    9.6174    7.3965    6.3909 H   0  0  0  0  0  0  0  0  0  0  0  0
    8.6544    8.4887    7.3935 H   0  0  0  0  0  0  0  0  0  0  0  0
    8.2978    5.5102    6.9130 H   0  0  0  0  0  0  0  0  0  0  0  0
    8.5556    5.6836    9.3363 H   0  0  0  0  0  0  0  0  0  0  0  0
    7.7355    7.2587    9.3545 H   0  0  0  0  0  0  0  0  0  0  0  0
    6.4282    4.5000    9.0559 H   0  0  0  0  0  0  0  0  0  0  0  0
    5.8624    5.8797    9.9962 H   0  0  0  0  0  0  0  0  0  0  0  0
    4.5000    6.0632    7.7534 H   0  0  0  0  0  0  0  0  0  0  0  0
    5.8417    6.8685    4.7621 H   0  0  0  0  0  0  0  0  0  0  0  0
  1 10  1  0  0  0  0
  2 12  1  6  0  0  0
  2  9  1  0  0  0  0
  2  1  1  0  0  0  0
  2  3  1  0  0  0  0
  3  4  1  0  0  0  0
  3 14  1  0  0  0  0
  4 15  1  6  0  0  0
  4  5  1  0  0  0  0
  5  6  1  0  0  0  0
  5 16  1  0  0  0  0
  5 17  1  0  0  0  0
  6 18  1  0  0  0  0
  6 19  1  0  0  0  0
  7  6  1  0  0  0  0
  8  4  1  0  0  0  0
  8  7  2  0  0  0  0
  9 21  1  6  0  0  0
  9  1  1  0  0  0  0
  9  8  1  0  0  0  0
 11  1  1  0  0  0  0
 13  3  1  0  0  0  0
 20  7  1  0  0  0  0
M  END
