Lattice="14.074184729999999 0.0 0.0 0.0 12.9069073 0.0 0.0 0.0 14.28820907" Properties=species:S:1:pos:R:3:GW_charged:R:1:dKS_charged:R:1:dKS_neutral:R:1 pbc="T T T"
 OpenBabel12102411043D
Lattice="14.074184729999999 0.0 0.0 0.0 12.9069073 0.0 0.0 0.0 14.28820907" Properties=species:S:1:pos:R:3:GW_charged:R:1:dKS_charged:R:1:dKS_neutral:R:1 pbc="T T T"
 23 25  0  0  1  0  0  0  0  0999 V2000
    6.4273    7.8110    5.4506 C   0  0  0  0  0  0  0  0  0  0  0  0
    7.9577    7.7486    5.4470 C   0  0  1  0  0  0  0  0  0  0  0  0
    8.4822    7.1431    6.7239 C   0  0  1  0  0  0  0  0  0  0  0  0
    7.9116    7.3827    8.1207 C   0  0  0  0  0  0  0  0  0  0  0  0
    7.0534    6.2491    8.7033 C   0  0  0  0  0  0  0  0  0  0  0  0
    5.6445    6.1415    8.1050 C   0  0  0  0  0  0  0  0  0  0  0  0
    5.5592    5.5592    6.6880 C   0  0  0  0  0  0  0  0  0  0  0  0
    6.3817    6.2491    5.5992 C   0  0  2  0  0  0  0  0  0  0  0  0
    7.9167    6.2264    5.6685 C   0  0  1  0  0  0  0  0  0  0  0  0
    5.9753    8.4069    6.2581 H   0  0  0  0  0  0  0  0  0  0  0  0
    5.9998    8.1503    4.5000 H   0  0  0  0  0  0  0  0  0  0  0  0
    8.6029    8.3190    4.7799 H   0  0  0  0  0  0  0  0  0  0  0  0
    9.5742    7.0996    6.7101 H   0  0  0  0  0  0  0  0  0  0  0  0
    8.7593    7.5652    8.7978 H   0  0  0  0  0  0  0  0  0  0  0  0
    7.3218    8.3148    8.1338 H   0  0  0  0  0  0  0  0  0  0  0  0
    7.5844    5.2894    8.5851 H   0  0  0  0  0  0  0  0  0  0  0  0
    6.9565    6.4138    9.7882 H   0  0  0  0  0  0  0  0  0  0  0  0
    5.0228    5.5153    8.7643 H   0  0  0  0  0  0  0  0  0  0  0  0
    5.1777    7.1413    8.1230 H   0  0  0  0  0  0  0  0  0  0  0  0
    5.8698    4.5000    6.7174 H   0  0  0  0  0  0  0  0  0  0  0  0
    4.5000    5.5526    6.3803 H   0  0  0  0  0  0  0  0  0  0  0  0
    6.0779    5.8291    4.6288 H   0  0  0  0  0  0  0  0  0  0  0  0
    8.5359    5.4563    5.2078 H   0  0  0  0  0  0  0  0  0  0  0  0
  1  8  1  0  0  0  0
  1 10  1  0  0  0  0
  2 12  1  6  0  0  0
  2  1  1  0  0  0  0
  2  9  1  0  0  0  0
  2  3  1  0  0  0  0
  3 13  1  1  0  0  0
  3  4  1  0  0  0  0
  4 15  1  0  0  0  0
  4  5  1  0  0  0  0
  4 14  1  0  0  0  0
  5 17  1  0  0  0  0
  6 19  1  0  0  0  0
  6  5  1  0  0  0  0
  6 18  1  0  0  0  0
  7 20  1  0  0  0  0
  7  6  1  0  0  0  0
  8 22  1  6  0  0  0
  8  9  1  0  0  0  0
  8  7  1  0  0  0  0
  9 23  1  6  0  0  0
  9  3  1  0  0  0  0
 11  1  1  0  0  0  0
 16  5  1  0  0  0  0
 21  7  1  0  0  0  0
M  END
