Lattice="13.37544421 0.0 0.0 0.0 13.18942196 0.0 0.0 0.0 12.25484643" Properties=species:S:1:pos:R:3:GW_charged:R:1:dKS_charged:R:1:dKS_neutral:R:1 pbc="T T T"
 OpenBabel12102409323D
Lattice="13.37544421 0.0 0.0 0.0 13.18942196 0.0 0.0 0.0 12.25484643" Properties=species:S:1:pos:R:3:GW_charged:R:1:dKS_charged:R:1:dKS_neutral:R:1 pbc="T T T"
 17 17  0  0  0  0  0  0  0  0999 V2000
    7.9498    8.4204    6.1948 O   0  0  0  0  0  0  0  0  0  0  0  0
    7.8646    6.9986    6.3886 C   0  0  0  0  0  0  0  0  0  0  0  0
    6.3980    6.6651    6.6311 C   0  0  0  0  0  0  0  0  0  0  0  0
    5.9238    7.3920    7.7548 O   0  0  0  0  0  0  0  0  0  0  0  0
    5.5240    6.7005    5.3349 C   0  0  0  0  0  0  0  0  0  0  0  0
    5.6751    5.1593    5.2376 C   0  0  0  0  0  0  0  0  0  0  0  0
    6.1374    5.1442    6.7201 C   0  0  0  0  0  0  0  0  0  0  0  0
    8.8754    8.6894    6.2791 H   0  0  0  0  0  0  0  0  0  0  0  0
    8.2463    6.4569    5.5050 H   0  0  0  0  0  0  0  0  0  0  0  0
    8.4475    6.6887    7.2735 H   0  0  0  0  0  0  0  0  0  0  0  0
    6.2825    8.2932    7.6635 H   0  0  0  0  0  0  0  0  0  0  0  0
    4.5000    6.9962    5.5939 H   0  0  0  0  0  0  0  0  0  0  0  0
    5.8780    7.3181    4.5000 H   0  0  0  0  0  0  0  0  0  0  0  0
    4.7752    4.5837    4.9924 H   0  0  0  0  0  0  0  0  0  0  0  0
    6.4737    4.8577    4.5475 H   0  0  0  0  0  0  0  0  0  0  0  0
    6.9819    4.5000    7.0022 H   0  0  0  0  0  0  0  0  0  0  0  0
    5.3050    4.9599    7.4107 H   0  0  0  0  0  0  0  0  0  0  0  0
  1  8  1  0  0  0  0
  1  2  1  0  0  0  0
  2  3  1  0  0  0  0
  2 10  1  0  0  0  0
  3  7  1  0  0  0  0
  3  4  1  0  0  0  0
  5 12  1  0  0  0  0
  5  3  1  0  0  0  0
  6  5  1  0  0  0  0
  6  7  1  0  0  0  0
  7 16  1  0  0  0  0
  7 17  1  0  0  0  0
  9  2  1  0  0  0  0
 11  4  1  0  0  0  0
 13  5  1  0  0  0  0
 14  6  1  0  0  0  0
 15  6  1  0  0  0  0
M  END
