Lattice="13.33970317 0.0 0.0 0.0 12.84993318 0.0 0.0 0.0 14.33606663" Properties=species:S:1:pos:R:3:GW_charged:R:1:dKS_charged:R:1:dKS_neutral:R:1 pbc="T T T"
 OpenBabel12102411063D
Lattice="13.33970317 0.0 0.0 0.0 12.84993318 0.0 0.0 0.0 14.33606663" Properties=species:S:1:pos:R:3:GW_charged:R:1:dKS_charged:R:1:dKS_neutral:R:1 pbc="T T T"
 21 23  0  0  1  0  0  0  0  0999 V2000
    5.7327    7.7368    5.5002 C   0  0  0  0  0  0  0  0  0  0  0  0
    7.0494    7.0242    5.7008 C   0  0  1  0  0  0  0  0  0  0  0  0
    7.8731    7.1191    6.9839 C   0  0  0  0  0  0  0  0  0  0  0  0
    7.2342    6.4301    8.2137 C   0  0  1  0  0  0  0  0  0  0  0  0
    6.0145    7.1744    8.7724 C   0  0  0  0  0  0  0  0  0  0  0  0
    4.8791    6.7150    8.0093 O   0  0  0  0  0  0  0  0  0  0  0  0
    5.3324    5.6898    7.0973 C   0  0  2  0  0  0  0  0  0  0  0  0
    6.5669    5.1072    7.7923 C   0  0  0  0  0  0  0  0  0  0  0  0
    5.7442    6.2499    5.7317 C   0  0  1  0  0  0  0  0  0  0  0  0
    5.3372    8.3499    6.3089 H   0  0  0  0  0  0  0  0  0  0  0  0
    5.5025    8.1008    4.5000 H   0  0  0  0  0  0  0  0  0  0  0  0
    7.6511    6.9093    4.7987 H   0  0  0  0  0  0  0  0  0  0  0  0
    8.8397    6.6272    6.7958 H   0  0  0  0  0  0  0  0  0  0  0  0
    8.1060    8.1691    7.2244 H   0  0  0  0  0  0  0  0  0  0  0  0
    7.9977    6.2940    8.9916 H   0  0  0  0  0  0  0  0  0  0  0  0
    5.8472    6.9340    9.8361 H   0  0  0  0  0  0  0  0  0  0  0  0
    6.0993    8.2685    8.6741 H   0  0  0  0  0  0  0  0  0  0  0  0
    4.5000    4.9826    6.9850 H   0  0  0  0  0  0  0  0  0  0  0  0
    7.1878    4.5000    7.1209 H   0  0  0  0  0  0  0  0  0  0  0  0
    6.2856    4.5029    8.6660 H   0  0  0  0  0  0  0  0  0  0  0  0
    5.5168    5.5975    4.8873 H   0  0  0  0  0  0  0  0  0  0  0  0
  1  2  1  0  0  0  0
  1  9  1  0  0  0  0
  1 10  1  0  0  0  0
  2 12  1  6  0  0  0
  2  9  1  0  0  0  0
  2  3  1  0  0  0  0
  3 14  1  0  0  0  0
  3  4  1  0  0  0  0
  4  5  1  0  0  0  0
  4 15  1  1  0  0  0
  5 16  1  0  0  0  0
  6  5  1  0  0  0  0
  7 18  1  6  0  0  0
  7  8  1  0  0  0  0
  7  6  1  0  0  0  0
  8  4  1  0  0  0  0
  8 20  1  0  0  0  0
  9 21  1  6  0  0  0
  9  7  1  0  0  0  0
 11  1  1  0  0  0  0
 13  3  1  0  0  0  0
 17  5  1  0  0  0  0
 19  8  1  0  0  0  0
M  END
