Lattice="12.97163068 0.0 0.0 0.0 15.14874826 0.0 0.0 0.0 12.57574618" Properties=species:S:1:pos:R:3:GW_charged:R:1:dKS_charged:R:1:dKS_neutral:R:1 pbc="T T T"
 OpenBabel12102409333D
Lattice="12.97163068 0.0 0.0 0.0 15.14874826 0.0 0.0 0.0 12.57574618" Properties=species:S:1:pos:R:3:GW_charged:R:1:dKS_charged:R:1:dKS_neutral:R:1 pbc="T T T"
 19 19  0  0  1  0  0  0  0  0999 V2000
    5.9695    9.9858    7.2106 C   0  0  0  0  0  0  0  0  0  0  0  0
    5.5767    8.5345    6.9172 C   0  0  0  0  0  0  0  0  0  0  0  0
    6.3383    7.9292    5.7540 C   0  0  1  0  0  0  0  0  0  0  0  0
    6.0559    8.5345    4.5000 O   0  0  0  0  0  0  0  0  0  0  0  0
    7.7431    7.3949    5.9479 C   0  0  0  0  0  0  0  0  0  0  0  0
    6.5900    6.4518    5.6379 C   0  0  1  0  0  0  0  0  0  0  0  0
    6.1026    5.4297    6.6372 C   0  0  0  0  0  0  0  0  0  0  0  0
    7.0438   10.0688    7.4300 H   0  0  0  0  0  0  0  0  0  0  0  0
    5.7447   10.6487    6.3622 H   0  0  0  0  0  0  0  0  0  0  0  0
    5.4190   10.3785    8.0757 H   0  0  0  0  0  0  0  0  0  0  0  0
    5.7433    7.9260    7.8177 H   0  0  0  0  0  0  0  0  0  0  0  0
    4.5000    8.4726    6.6922 H   0  0  0  0  0  0  0  0  0  0  0  0
    6.4544    9.4198    4.5005 H   0  0  0  0  0  0  0  0  0  0  0  0
    8.4716    7.5870    5.1618 H   0  0  0  0  0  0  0  0  0  0  0  0
    8.1507    7.3847    6.9602 H   0  0  0  0  0  0  0  0  0  0  0  0
    6.5647    6.1157    4.5995 H   0  0  0  0  0  0  0  0  0  0  0  0
    6.2056    5.7774    7.6740 H   0  0  0  0  0  0  0  0  0  0  0  0
    5.0443    5.1803    6.4733 H   0  0  0  0  0  0  0  0  0  0  0  0
    6.6827    4.5000    6.5497 H   0  0  0  0  0  0  0  0  0  0  0  0
  1  8  1  0  0  0  0
  1 10  1  0  0  0  0
  2  1  1  0  0  0  0
  2 11  1  0  0  0  0
  3  4  1  6  0  0  0
  3  5  1  0  0  0  0
  3  2  1  0  0  0  0
  4 13  1  0  0  0  0
  5 15  1  0  0  0  0
  6 16  1  6  0  0  0
  6  3  1  0  0  0  0
  6  5  1  0  0  0  0
  6  7  1  0  0  0  0
  7 17  1  0  0  0  0
  9  1  1  0  0  0  0
 12  2  1  0  0  0  0
 14  5  1  0  0  0  0
 18  7  1  0  0  0  0
 19  7  1  0  0  0  0
M  END
