Lattice="12.67306139 0.0 0.0 0.0 14.45297105 0.0 0.0 0.0 12.22247883" Properties=species:S:1:pos:R:3:GW_charged:R:1:dKS_charged:R:1:dKS_neutral:R:1 pbc="T T T"
 OpenBabel12102409333D
Lattice="12.67306139 0.0 0.0 0.0 14.45297105 0.0 0.0 0.0 12.22247883" Properties=species:S:1:pos:R:3:GW_charged:R:1:dKS_charged:R:1:dKS_neutral:R:1 pbc="T T T"
 15 15  0  0  1  0  0  0  0  0999 V2000
    7.3809    9.4804    6.2006 O   0  0  0  0  0  0  0  0  0  0  0  0
    7.4632    8.1234    6.6798 C   0  0  0  0  0  0  0  0  0  0  0  0
    6.0668    7.5657    6.6359 C   0  0  1  0  0  0  0  0  0  0  0  0
    5.1556    8.2576    7.4577 O   0  0  0  0  0  0  0  0  0  0  0  0
    5.5429    6.9611    5.3374 C   0  0  0  0  0  0  0  0  0  0  0  0
    5.8341    6.0944    6.5469 C   0  0  1  0  0  0  0  0  0  0  0  0
    6.9580    5.2459    6.5710 O   0  0  0  0  0  0  0  0  0  0  0  0
    8.1731    9.9530    6.4940 H   0  0  0  0  0  0  0  0  0  0  0  0
    8.1430    7.5188    6.0603 H   0  0  0  0  0  0  0  0  0  0  0  0
    7.8231    8.1018    7.7225 H   0  0  0  0  0  0  0  0  0  0  0  0
    5.2264    9.1931    7.1985 H   0  0  0  0  0  0  0  0  0  0  0  0
    4.5000    7.1388    5.0815 H   0  0  0  0  0  0  0  0  0  0  0  0
    6.2383    6.9114    4.5000 H   0  0  0  0  0  0  0  0  0  0  0  0
    4.9673    5.7380    7.1122 H   0  0  0  0  0  0  0  0  0  0  0  0
    6.7784    4.5000    5.9776 H   0  0  0  0  0  0  0  0  0  0  0  0
  1  8  1  0  0  0  0
  1  2  1  0  0  0  0
  2 10  1  0  0  0  0
  3  2  1  0  0  0  0
  3  4  1  1  0  0  0
  5  6  1  0  0  0  0
  5  3  1  0  0  0  0
  6  7  1  0  0  0  0
  6  3  1  0  0  0  0
  6 14  1  1  0  0  0
  9  2  1  0  0  0  0
 11  4  1  0  0  0  0
 12  5  1  0  0  0  0
 13  5  1  0  0  0  0
 15  7  1  0  0  0  0
M  END
