Lattice="14.91476761 0.0 0.0 0.0 14.47688583 0.0 0.0 0.0 12.35429977" Properties=species:S:1:pos:R:3:GW_charged:R:1:dKS_charged:R:1:dKS_neutral:R:1 pbc="T T T"
 OpenBabel12102409463D
Lattice="14.91476761 0.0 0.0 0.0 14.47688583 0.0 0.0 0.0 12.35429977" Properties=species:S:1:pos:R:3:GW_charged:R:1:dKS_charged:R:1:dKS_neutral:R:1 pbc="T T T"
 19 20  0  0  1  0  0  0  0  0999 V2000
    5.1844    5.5672    5.8222 C   0  0  0  0  0  0  0  0  0  0  0  0
    5.2638    6.7762    5.8337 C   0  0  0  0  0  0  0  0  0  0  0  0
    5.3491    8.2055    5.8161 C   0  0  1  0  0  0  0  0  0  0  0  0
    5.9912    8.9767    6.9648 C   0  0  0  0  0  0  0  0  0  0  0  0
    6.6867    8.9188    5.6384 C   0  0  1  0  0  0  0  0  0  0  0  0
    7.9889    8.1717    5.4711 C   0  0  1  0  0  0  0  0  0  0  0  0
    9.2735    8.9820    5.7626 C   0  0  0  0  0  0  0  0  0  0  0  0
    9.5653    7.8930    6.8072 C   0  0  0  0  0  0  0  0  0  0  0  0
    8.2963    7.2334    6.5463 O   0  0  0  0  0  0  0  0  0  0  0  0
    5.1250    4.5000    5.8266 H   0  0  0  0  0  0  0  0  0  0  0  0
    4.5000    8.6968    5.3367 H   0  0  0  0  0  0  0  0  0  0  0  0
    5.5105    9.9013    7.2788 H   0  0  0  0  0  0  0  0  0  0  0  0
    6.4230    8.3696    7.7583 H   0  0  0  0  0  0  0  0  0  0  0  0
    6.6391    9.8119    5.0098 H   0  0  0  0  0  0  0  0  0  0  0  0
    7.9983    7.6461    4.5000 H   0  0  0  0  0  0  0  0  0  0  0  0
    9.9857    9.0657    4.9349 H   0  0  0  0  0  0  0  0  0  0  0  0
    9.0825    9.9769    6.1818 H   0  0  0  0  0  0  0  0  0  0  0  0
   10.4148    7.2310    6.5746 H   0  0  0  0  0  0  0  0  0  0  0  0
    9.6437    8.2243    7.8543 H   0  0  0  0  0  0  0  0  0  0  0  0
  1 10  1  0  0  0  0
  1  2  3  0  0  0  0
  3 11  1  6  0  0  0
  3  2  1  0  0  0  0
  3  4  1  0  0  0  0
  4 12  1  0  0  0  0
  4 13  1  0  0  0  0
  5 14  1  6  0  0  0
  5  3  1  0  0  0  0
  5  4  1  0  0  0  0
  6 15  1  6  0  0  0
  6  5  1  0  0  0  0
  6  7  1  0  0  0  0
  6  9  1  0  0  0  0
  7 17  1  0  0  0  0
  7  8  1  0  0  0  0
  8 19  1  0  0  0  0
  9  8  1  0  0  0  0
 16  7  1  0  0  0  0
 18  8  1  0  0  0  0
M  END
