Lattice="12.56580974 0.0 0.0 0.0 14.32017983 0.0 0.0 0.0 13.84079585" Properties=species:S:1:pos:R:3:GW_charged:R:1:dKS_charged:R:1:dKS_neutral:R:1 pbc="T T T"
 OpenBabel12102409263D
Lattice="12.56580974 0.0 0.0 0.0 14.32017983 0.0 0.0 0.0 13.84079585" Properties=species:S:1:pos:R:3:GW_charged:R:1:dKS_charged:R:1:dKS_neutral:R:1 pbc="T T T"
 19 18  0  0  0  0  0  0  0  0999 V2000
    6.3083    9.4092    7.1120 C   0  0  0  0  0  0  0  0  0  0  0  0
    6.3202    7.8763    7.1764 C   0  0  0  0  0  0  0  0  0  0  0  0
    6.9442    7.4019    8.4910 C   0  0  0  0  0  0  0  0  0  0  0  0
    4.9587    7.3835    7.2156 O   0  0  0  0  0  0  0  0  0  0  0  0
    7.0533    7.3145    5.9382 C   0  0  0  0  0  0  0  0  0  0  0  0
    7.1477    5.7978    5.8657 C   0  0  0  0  0  0  0  0  0  0  0  0
    7.6440    5.4646    4.5595 O   0  0  0  0  0  0  0  0  0  0  0  0
    7.3266    9.8202    7.1547 H   0  0  0  0  0  0  0  0  0  0  0  0
    5.8490    9.7593    6.1750 H   0  0  0  0  0  0  0  0  0  0  0  0
    5.7328    9.8178    7.9527 H   0  0  0  0  0  0  0  0  0  0  0  0
    6.4410    7.8808    9.3408 H   0  0  0  0  0  0  0  0  0  0  0  0
    6.8373    6.3163    8.6068 H   0  0  0  0  0  0  0  0  0  0  0  0
    8.0120    7.6540    8.5304 H   0  0  0  0  0  0  0  0  0  0  0  0
    4.5000    7.7240    6.4307 H   0  0  0  0  0  0  0  0  0  0  0  0
    6.5259    7.6615    5.0335 H   0  0  0  0  0  0  0  0  0  0  0  0
    8.0658    7.7443    5.8848 H   0  0  0  0  0  0  0  0  0  0  0  0
    7.8298    5.4123    6.6438 H   0  0  0  0  0  0  0  0  0  0  0  0
    6.1522    5.3536    6.0357 H   0  0  0  0  0  0  0  0  0  0  0  0
    7.7068    4.5000    4.5000 H   0  0  0  0  0  0  0  0  0  0  0  0
  1  8  1  0  0  0  0
  1  2  1  0  0  0  0
  1 10  1  0  0  0  0
  2  4  1  0  0  0  0
  2  3  1  0  0  0  0
  3 13  1  0  0  0  0
  3 12  1  0  0  0  0
  3 11  1  0  0  0  0
  5  2  1  0  0  0  0
  6  5  1  0  0  0  0
  6 18  1  0  0  0  0
  6 17  1  0  0  0  0
  7  6  1  0  0  0  0
  9  1  1  0  0  0  0
 14  4  1  0  0  0  0
 15  5  1  0  0  0  0
 16  5  1  0  0  0  0
 19  7  1  0  0  0  0
M  END
