Lattice="13.33668705 0.0 0.0 0.0 13.86557734 0.0 0.0 0.0 13.41873843" Properties=species:S:1:pos:R:3:GW_charged:R:1:dKS_charged:R:1:dKS_neutral:R:1 pbc="T T T"
 OpenBabel12102411063D
Lattice="13.33668705 0.0 0.0 0.0 13.86557734 0.0 0.0 0.0 13.41873843" Properties=species:S:1:pos:R:3:GW_charged:R:1:dKS_charged:R:1:dKS_neutral:R:1 pbc="T T T"
 21 23  0  0  1  0  0  0  0  0999 V2000
    5.5683    8.7893    6.6956 C   0  0  0  0  0  0  0  0  0  0  0  0
    6.9218    8.1036    6.6221 C   0  0  1  0  0  0  0  0  0  0  0  0
    7.7796    7.5635    7.7712 C   0  0  0  0  0  0  0  0  0  0  0  0
    7.1324    6.1597    7.9919 C   0  0  1  0  0  0  0  0  0  0  0  0
    5.6487    6.5507    7.9635 C   0  0  0  0  0  0  0  0  0  0  0  0
    5.6319    7.2914    6.6189 C   0  0  1  0  0  0  0  0  0  0  0  0
    5.4985    6.3247    5.4648 C   0  0  0  0  0  0  0  0  0  0  0  0
    6.5804    5.2783    5.6864 C   0  0  0  0  0  0  0  0  0  0  0  0
    7.3453    5.2398    6.7938 C   0  0  0  0  0  0  0  0  0  0  0  0
    5.2233    9.2205    7.6373 H   0  0  0  0  0  0  0  0  0  0  0  0
    5.2809    9.3656    5.8144 H   0  0  0  0  0  0  0  0  0  0  0  0
    7.4260    8.2142    5.6616 H   0  0  0  0  0  0  0  0  0  0  0  0
    8.8367    7.5093    7.4801 H   0  0  0  0  0  0  0  0  0  0  0  0
    7.7214    8.1606    8.6956 H   0  0  0  0  0  0  0  0  0  0  0  0
    7.4672    5.6687    8.9187 H   0  0  0  0  0  0  0  0  0  0  0  0
    4.9717    5.6863    7.9725 H   0  0  0  0  0  0  0  0  0  0  0  0
    5.3816    7.2085    8.8032 H   0  0  0  0  0  0  0  0  0  0  0  0
    4.5000    5.8560    5.3920 H   0  0  0  0  0  0  0  0  0  0  0  0
    5.6690    6.8314    4.5000 H   0  0  0  0  0  0  0  0  0  0  0  0
    6.7615    4.5585    4.8842 H   0  0  0  0  0  0  0  0  0  0  0  0
    8.1463    4.5000    6.8606 H   0  0  0  0  0  0  0  0  0  0  0  0
  1 10  1  0  0  0  0
  2 12  1  6  0  0  0
  2  1  1  0  0  0  0
  2  3  1  0  0  0  0
  3  4  1  0  0  0  0
  3 14  1  0  0  0  0
  4 15  1  1  0  0  0
  5 16  1  0  0  0  0
  5  4  1  0  0  0  0
  5 17  1  0  0  0  0
  6  7  1  6  0  0  0
  6  2  1  0  0  0  0
  6  1  1  0  0  0  0
  6  5  1  0  0  0  0
  7  8  1  0  0  0  0
  8  9  2  0  0  0  0
  9 21  1  0  0  0  0
  9  4  1  0  0  0  0
 11  1  1  0  0  0  0
 13  3  1  0  0  0  0
 18  7  1  0  0  0  0
 19  7  1  0  0  0  0
 20  8  1  0  0  0  0
M  END
