Lattice="13.63834439 0.0 0.0 0.0 13.76080565 0.0 0.0 0.0 12.27651286" Properties=species:S:1:pos:R:3:GW_charged:R:1:dKS_charged:R:1:dKS_neutral:R:1 pbc="T T T"
 OpenBabel12102409373D
Lattice="13.63834439 0.0 0.0 0.0 13.76080565 0.0 0.0 0.0 12.27651286" Properties=species:S:1:pos:R:3:GW_charged:R:1:dKS_charged:R:1:dKS_neutral:R:1 pbc="T T T"
 17 17  0  0  0  0  0  0  0  0999 V2000
    8.0931    8.6989    6.4031 C   0  0  0  0  0  0  0  0  0  0  0  0
    7.9965    7.1907    6.6394 C   0  0  0  0  0  0  0  0  0  0  0  0
    6.5624    6.6830    6.7236 C   0  0  0  0  0  0  0  0  0  0  0  0
    5.7085    6.7086    5.4128 C   0  0  0  0  0  0  0  0  0  0  0  0
    5.3331    5.2475    5.6909 C   0  0  0  0  0  0  0  0  0  0  0  0
    4.5000    4.5000    5.2415 O   0  0  0  0  0  0  0  0  0  0  0  0
    6.3518    5.1393    6.8325 C   0  0  0  0  0  0  0  0  0  0  0  0
    9.1383    9.0293    6.3383 H   0  0  0  0  0  0  0  0  0  0  0  0
    7.5950    8.9908    5.4673 H   0  0  0  0  0  0  0  0  0  0  0  0
    7.6164    9.2608    7.2193 H   0  0  0  0  0  0  0  0  0  0  0  0
    8.5180    6.6525    5.8291 H   0  0  0  0  0  0  0  0  0  0  0  0
    8.5258    6.9248    7.5689 H   0  0  0  0  0  0  0  0  0  0  0  0
    6.0295    7.2011    7.5349 H   0  0  0  0  0  0  0  0  0  0  0  0
    4.8721    7.4153    5.3381 H   0  0  0  0  0  0  0  0  0  0  0  0
    6.3194    6.7984    4.5000 H   0  0  0  0  0  0  0  0  0  0  0  0
    7.2377    4.5590    6.5284 H   0  0  0  0  0  0  0  0  0  0  0  0
    5.9751    4.7245    7.7765 H   0  0  0  0  0  0  0  0  0  0  0  0
  1  2  1  0  0  0  0
  1 10  1  0  0  0  0
  2  3  1  0  0  0  0
  2 12  1  0  0  0  0
  3  7  1  0  0  0  0
  3 13  1  0  0  0  0
  4  5  1  0  0  0  0
  4  3  1  0  0  0  0
  5  7  1  0  0  0  0
  6  5  2  0  0  0  0
  7 17  1  0  0  0  0
  8  1  1  0  0  0  0
  9  1  1  0  0  0  0
 11  2  1  0  0  0  0
 14  4  1  0  0  0  0
 15  4  1  0  0  0  0
 16  7  1  0  0  0  0
M  END
