Lattice="14.02556053 0.0 0.0 0.0 15.25258904 0.0 0.0 0.0 13.51259726" Properties=species:S:1:pos:R:3:GW_charged:R:1:dKS_charged:R:1:dKS_neutral:R:1 pbc="T T T"
 OpenBabel12102409463D
Lattice="14.02556053 0.0 0.0 0.0 15.25258904 0.0 0.0 0.0 13.51259726" Properties=species:S:1:pos:R:3:GW_charged:R:1:dKS_charged:R:1:dKS_neutral:R:1 pbc="T T T"
 19 20  0  0  1  0  0  0  0  0999 V2000
    4.9342    5.5536    6.5193 C   0  0  0  0  0  0  0  0  0  0  0  0
    5.0304    6.7518    6.6880 C   0  0  0  0  0  0  0  0  0  0  0  0
    5.1949    8.1546    6.8828 C   0  0  1  0  0  0  0  0  0  0  0  0
    5.6799    8.7108    8.2293 C   0  0  0  0  0  0  0  0  0  0  0  0
    6.5990    8.7769    7.0701 C   0  0  1  0  0  0  0  0  0  0  0  0
    7.8716    7.9631    6.8799 C   0  0  0  0  0  0  0  0  0  0  0  0
    8.6079    8.7236    5.7473 C   0  0  0  0  0  0  0  0  0  0  0  0
    7.5949    9.7981    5.3212 C   0  0  0  0  0  0  0  0  0  0  0  0
    6.7952   10.0445    6.4900 O   0  0  0  0  0  0  0  0  0  0  0  0
    4.8274    4.5000    6.3728 H   0  0  0  0  0  0  0  0  0  0  0  0
    4.5000    8.7998    6.3431 H   0  0  0  0  0  0  0  0  0  0  0  0
    5.2211    9.6404    8.5622 H   0  0  0  0  0  0  0  0  0  0  0  0
    5.8979    7.9867    9.0126 H   0  0  0  0  0  0  0  0  0  0  0  0
    8.4658    7.9499    7.8028 H   0  0  0  0  0  0  0  0  0  0  0  0
    7.6410    6.9241    6.6141 H   0  0  0  0  0  0  0  0  0  0  0  0
    9.5256    9.1903    6.1266 H   0  0  0  0  0  0  0  0  0  0  0  0
    8.8849    8.0699    4.9115 H   0  0  0  0  0  0  0  0  0  0  0  0
    8.0449   10.7526    5.0250 H   0  0  0  0  0  0  0  0  0  0  0  0
    6.9503    9.4353    4.5000 H   0  0  0  0  0  0  0  0  0  0  0  0
  1  2  3  0  0  0  0
  2  3  1  0  0  0  0
  3 11  1  6  0  0  0
  3  5  1  0  0  0  0
  3  4  1  0  0  0  0
  4 12  1  0  0  0  0
  4 13  1  0  0  0  0
  5  9  1  6  0  0  0
  5  4  1  0  0  0  0
  6  5  1  0  0  0  0
  6 14  1  0  0  0  0
  7 16  1  0  0  0  0
  7  6  1  0  0  0  0
  8  7  1  0  0  0  0
  8  9  1  0  0  0  0
 10  1  1  0  0  0  0
 15  6  1  0  0  0  0
 17  7  1  0  0  0  0
 18  8  1  0  0  0  0
 19  8  1  0  0  0  0
M  END
