Lattice="14.546485520000001 0.0 0.0 0.0 14.55506941 0.0 0.0 0.0 13.25567543" Properties=species:S:1:pos:R:3:GW_charged:R:1:dKS_charged:R:1:dKS_neutral:R:1 pbc="T T T"
 OpenBabel12102409423D
Lattice="14.546485520000001 0.0 0.0 0.0 14.55506941 0.0 0.0 0.0 13.25567543" Properties=species:S:1:pos:R:3:GW_charged:R:1:dKS_charged:R:1:dKS_neutral:R:1 pbc="T T T"
 19 20  0  0  0  0  0  0  0  0999 V2000
    5.1917    9.2729    6.6638 C   0  0  0  0  0  0  0  0  0  0  0  0
    6.7416    9.2649    6.6593 C   0  0  0  0  0  0  0  0  0  0  0  0
    6.6977    7.8485    7.3190 C   0  0  0  0  0  0  0  0  0  0  0  0
    5.2237    7.7305    6.8123 C   0  0  0  0  0  0  0  0  0  0  0  0
    7.6965    6.8239    6.9513 C   0  0  0  0  0  0  0  0  0  0  0  0
    8.5582    6.0438    7.6760 C   0  0  0  0  0  0  0  0  0  0  0  0
    9.2803    5.2364    6.7401 C   0  0  0  0  0  0  0  0  0  0  0  0
    8.8112    5.5775    5.5064 C   0  0  0  0  0  0  0  0  0  0  0  0
    7.8470    6.5416    5.6120 O   0  0  0  0  0  0  0  0  0  0  0  0
    4.7916    9.7585    7.5642 H   0  0  0  0  0  0  0  0  0  0  0  0
    4.6813    9.6904    5.7876 H   0  0  0  0  0  0  0  0  0  0  0  0
    7.1427    9.2039    5.6394 H   0  0  0  0  0  0  0  0  0  0  0  0
    7.2731   10.0551    7.2040 H   0  0  0  0  0  0  0  0  0  0  0  0
    6.7088    7.9467    8.4137 H   0  0  0  0  0  0  0  0  0  0  0  0
    4.5000    7.2516    7.4836 H   0  0  0  0  0  0  0  0  0  0  0  0
    5.1896    7.2294    5.8363 H   0  0  0  0  0  0  0  0  0  0  0  0
    8.6620    6.0487    8.7557 H   0  0  0  0  0  0  0  0  0  0  0  0
   10.0465    4.5000    6.9553 H   0  0  0  0  0  0  0  0  0  0  0  0
    9.0410    5.2499    4.5000 H   0  0  0  0  0  0  0  0  0  0  0  0
  1  4  1  0  0  0  0
  1 10  1  0  0  0  0
  2  1  1  0  0  0  0
  2 13  1  0  0  0  0
  2  3  1  0  0  0  0
  3 14  1  0  0  0  0
  4  3  1  0  0  0  0
  4 15  1  0  0  0  0
  5  3  1  0  0  0  0
  5  6  2  0  0  0  0
  6 17  1  0  0  0  0
  7 18  1  0  0  0  0
  7  6  1  0  0  0  0
  8  9  1  0  0  0  0
  8  7  2  0  0  0  0
  9  5  1  0  0  0  0
 11  1  1  0  0  0  0
 12  2  1  0  0  0  0
 16  4  1  0  0  0  0
 19  8  1  0  0  0  0
M  END
