Lattice="14.39632706 0.0 0.0 0.0 13.85632131 0.0 0.0 0.0 12.75508597" Properties=species:S:1:pos:R:3:GW_charged:R:1:dKS_charged:R:1:dKS_neutral:R:1 pbc="T T T"
 OpenBabel12102409403D
Lattice="14.39632706 0.0 0.0 0.0 13.85632131 0.0 0.0 0.0 12.75508597" Properties=species:S:1:pos:R:3:GW_charged:R:1:dKS_charged:R:1:dKS_neutral:R:1 pbc="T T T"
 20 20  0  0  1  0  0  0  0  0999 V2000
    5.9669    8.8060    6.1020 C   0  0  0  0  0  0  0  0  0  0  0  0
    6.2064    7.3034    6.1363 C   0  0  1  0  0  0  0  0  0  0  0  0
    4.9819    6.5814    5.9680 O   0  0  0  0  0  0  0  0  0  0  0  0
    7.4019    6.8196    5.2525 C   0  0  0  0  0  0  0  0  0  0  0  0
    8.2692    6.6636    6.5279 C   0  0  1  0  0  0  0  0  0  0  0  0
    9.0935    5.3965    6.6823 C   0  0  0  0  0  0  0  0  0  0  0  0
    9.1039    7.8320    6.6252 O   0  0  0  0  0  0  0  0  0  0  0  0
    6.9689    6.7881    7.3829 C   0  0  0  0  0  0  0  0  0  0  0  0
    6.9020    9.3563    6.2664 H   0  0  0  0  0  0  0  0  0  0  0  0
    5.5678    9.1117    5.1214 H   0  0  0  0  0  0  0  0  0  0  0  0
    5.2443    9.0941    6.8782 H   0  0  0  0  0  0  0  0  0  0  0  0
    4.5000    6.9785    5.2247 H   0  0  0  0  0  0  0  0  0  0  0  0
    7.1741    5.8523    4.7885 H   0  0  0  0  0  0  0  0  0  0  0  0
    7.7962    7.5143    4.5000 H   0  0  0  0  0  0  0  0  0  0  0  0
    9.8963    5.3700    5.9329 H   0  0  0  0  0  0  0  0  0  0  0  0
    9.5544    5.3477    7.6817 H   0  0  0  0  0  0  0  0  0  0  0  0
    8.4710    4.5000    6.5603 H   0  0  0  0  0  0  0  0  0  0  0  0
    9.5243    7.8210    7.5003 H   0  0  0  0  0  0  0  0  0  0  0  0
    7.0152    7.4539    8.2551 H   0  0  0  0  0  0  0  0  0  0  0  0
    6.5772    5.8096    7.6886 H   0  0  0  0  0  0  0  0  0  0  0  0
  1  2  1  0  0  0  0
  1  9  1  0  0  0  0
  1 11  1  0  0  0  0
  2  3  1  6  0  0  0
  2  8  1  0  0  0  0
  4  2  1  0  0  0  0
  4  5  1  0  0  0  0
  5  7  1  1  0  0  0
  5  6  1  0  0  0  0
  5  8  1  0  0  0  0
  6 16  1  0  0  0  0
  7 18  1  0  0  0  0
  8 20  1  0  0  0  0
  8 19  1  0  0  0  0
 10  1  1  0  0  0  0
 12  3  1  0  0  0  0
 13  4  1  0  0  0  0
 14  4  1  0  0  0  0
 15  6  1  0  0  0  0
 17  6  1  0  0  0  0
M  END
