Lattice="12.9188171 0.0 0.0 0.0 13.98307071 0.0 0.0 0.0 14.46529353" Properties=species:S:1:pos:R:3:GW_charged:R:1:dKS_charged:R:1:dKS_neutral:R:1 pbc="T T T"
 OpenBabel12102409383D
Lattice="12.9188171 0.0 0.0 0.0 13.98307071 0.0 0.0 0.0 14.46529353" Properties=species:S:1:pos:R:3:GW_charged:R:1:dKS_charged:R:1:dKS_neutral:R:1 pbc="T T T"
 21 21  0  0  0  0  0  0  0  0999 V2000
    6.6816    7.2187    5.4008 C   0  0  0  0  0  0  0  0  0  0  0  0
    5.7590    7.1373    6.6199 C   0  0  0  0  0  0  0  0  0  0  0  0
    6.4411    6.6341    7.8864 C   0  0  0  0  0  0  0  0  0  0  0  0
    7.6053    7.4614    8.4182 C   0  0  0  0  0  0  0  0  0  0  0  0
    7.2319    8.8962    8.8002 C   0  0  0  0  0  0  0  0  0  0  0  0
    5.5663    5.9483    8.9109 C   0  0  0  0  0  0  0  0  0  0  0  0
    6.5248    5.1357    8.0679 C   0  0  0  0  0  0  0  0  0  0  0  0
    7.1616    6.2494    5.2039 H   0  0  0  0  0  0  0  0  0  0  0  0
    6.1227    7.5064    4.5000 H   0  0  0  0  0  0  0  0  0  0  0  0
    7.4801    7.9607    5.5404 H   0  0  0  0  0  0  0  0  0  0  0  0
    5.3077    8.1248    6.8115 H   0  0  0  0  0  0  0  0  0  0  0  0
    4.9153    6.4664    6.3930 H   0  0  0  0  0  0  0  0  0  0  0  0
    8.0197    6.9468    9.2995 H   0  0  0  0  0  0  0  0  0  0  0  0
    8.4188    7.4743    7.6742 H   0  0  0  0  0  0  0  0  0  0  0  0
    6.9146    9.4831    7.9269 H   0  0  0  0  0  0  0  0  0  0  0  0
    6.4056    8.9091    9.5253 H   0  0  0  0  0  0  0  0  0  0  0  0
    8.0848    9.4200    9.2528 H   0  0  0  0  0  0  0  0  0  0  0  0
    5.8047    6.0881    9.9653 H   0  0  0  0  0  0  0  0  0  0  0  0
    4.5000    5.8602    8.7034 H   0  0  0  0  0  0  0  0  0  0  0  0
    6.1068    4.5000    7.2873 H   0  0  0  0  0  0  0  0  0  0  0  0
    7.4097    4.7227    8.5520 H   0  0  0  0  0  0  0  0  0  0  0  0
  1 10  1  0  0  0  0
  1  2  1  0  0  0  0
  2 11  1  0  0  0  0
  2  3  1  0  0  0  0
  3  7  1  0  0  0  0
  3  4  1  0  0  0  0
  3  6  1  0  0  0  0
  4  5  1  0  0  0  0
  4 13  1  0  0  0  0
  5 17  1  0  0  0  0
  5 16  1  0  0  0  0
  6 18  1  0  0  0  0
  7 21  1  0  0  0  0
  7  6  1  0  0  0  0
  8  1  1  0  0  0  0
  9  1  1  0  0  0  0
 12  2  1  0  0  0  0
 14  4  1  0  0  0  0
 15  5  1  0  0  0  0
 19  6  1  0  0  0  0
 20  7  1  0  0  0  0
M  END
