Lattice="13.39708821 0.0 0.0 0.0 15.63285457 0.0 0.0 0.0 13.5240677" Properties=species:S:1:pos:R:3:GW_charged:R:1:dKS_charged:R:1:dKS_neutral:R:1 pbc="T T T"
 OpenBabel12102409393D
Lattice="13.39708821 0.0 0.0 0.0 15.63285457 0.0 0.0 0.0 13.5240677" Properties=species:S:1:pos:R:3:GW_charged:R:1:dKS_charged:R:1:dKS_neutral:R:1 pbc="T T T"
 19 19  0  0  0  0  0  0  0  0999 V2000
    5.9495   10.4360    8.2594 C   0  0  0  0  0  0  0  0  0  0  0  0
    5.5272    9.0279    7.8369 C   0  0  0  0  0  0  0  0  0  0  0  0
    6.4475    8.4404    6.7794 C   0  0  0  0  0  0  0  0  0  0  0  0
    5.9818    7.1339    6.4367 O   0  0  0  0  0  0  0  0  0  0  0  0
    6.7791    6.5146    5.4666 C   0  0  0  0  0  0  0  0  0  0  0  0
    8.0312    5.7841    5.8923 C   0  0  0  0  0  0  0  0  0  0  0  0
    6.7886    5.0216    5.4691 C   0  0  0  0  0  0  0  0  0  0  0  0
    6.9655   10.4437    8.6802 H   0  0  0  0  0  0  0  0  0  0  0  0
    5.9387   11.1329    7.4088 H   0  0  0  0  0  0  0  0  0  0  0  0
    5.2730   10.8390    9.0241 H   0  0  0  0  0  0  0  0  0  0  0  0
    5.5189    8.3547    8.7076 H   0  0  0  0  0  0  0  0  0  0  0  0
    4.5000    9.0395    7.4422 H   0  0  0  0  0  0  0  0  0  0  0  0
    6.4600    9.0828    5.8763 H   0  0  0  0  0  0  0  0  0  0  0  0
    7.4878    8.3835    7.1535 H   0  0  0  0  0  0  0  0  0  0  0  0
    6.7960    7.0325    4.5000 H   0  0  0  0  0  0  0  0  0  0  0  0
    8.8971    5.7942    5.2318 H   0  0  0  0  0  0  0  0  0  0  0  0
    8.2640    5.7911    6.9562 H   0  0  0  0  0  0  0  0  0  0  0  0
    6.2137    4.5381    6.2571 H   0  0  0  0  0  0  0  0  0  0  0  0
    6.7871    4.5000    4.5137 H   0  0  0  0  0  0  0  0  0  0  0  0
  1  8  1  0  0  0  0
  1 10  1  0  0  0  0
  2  1  1  0  0  0  0
  2 11  1  0  0  0  0
  3 14  1  0  0  0  0
  3  2  1  0  0  0  0
  4  3  1  0  0  0  0
  5  7  1  0  0  0  0
  5  6  1  0  0  0  0
  5  4  1  0  0  0  0
  6 17  1  0  0  0  0
  7  6  1  0  0  0  0
  7 18  1  0  0  0  0
  9  1  1  0  0  0  0
 12  2  1  0  0  0  0
 13  3  1  0  0  0  0
 15  5  1  0  0  0  0
 16  6  1  0  0  0  0
 19  7  1  0  0  0  0
M  END
