Lattice="13.2212374 0.0 0.0 0.0 15.4782875 0.0 0.0 0.0 13.211874250000001" Properties=species:S:1:pos:R:3:GW_charged:R:1:dKS_charged:R:1:dKS_neutral:R:1 pbc="T T T"
 OpenBabel12102409453D
Lattice="13.2212374 0.0 0.0 0.0 15.4782875 0.0 0.0 0.0 13.211874250000001" Properties=species:S:1:pos:R:3:GW_charged:R:1:dKS_charged:R:1:dKS_neutral:R:1 pbc="T T T"
 19 20  0  0  1  0  0  0  0  0999 V2000
    6.5808    5.5688    6.4476 C   0  0  0  0  0  0  0  0  0  0  0  0
    6.5693    6.7802    6.4851 C   0  0  0  0  0  0  0  0  0  0  0  0
    6.5658    8.2247    6.5360 C   0  0  1  0  0  0  0  0  0  0  0  0
    6.3675    8.9479    7.9160 C   0  0  0  0  0  0  0  0  0  0  0  0
    7.2445   10.0785    7.3142 C   0  0  1  0  0  0  0  0  0  0  0  0
    7.9289    8.9926    6.4478 C   0  0  0  0  0  0  0  0  0  0  0  0
    6.4981   10.9783    6.4902 O   0  0  0  0  0  0  0  0  0  0  0  0
    5.3708   10.3471    5.8642 C   0  0  0  0  0  0  0  0  0  0  0  0
    5.6129    8.8713    5.4991 C   0  0  0  0  0  0  0  0  0  0  0  0
    6.5920    4.5000    6.4158 H   0  0  0  0  0  0  0  0  0  0  0  0
    5.3472    9.1745    8.2489 H   0  0  0  0  0  0  0  0  0  0  0  0
    6.9033    8.4182    8.7119 H   0  0  0  0  0  0  0  0  0  0  0  0
    7.8540   10.7013    7.9782 H   0  0  0  0  0  0  0  0  0  0  0  0
    8.7212    8.4640    6.9921 H   0  0  0  0  0  0  0  0  0  0  0  0
    8.2781    9.2891    5.4507 H   0  0  0  0  0  0  0  0  0  0  0  0
    4.5000   10.4200    6.5390 H   0  0  0  0  0  0  0  0  0  0  0  0
    5.1429   10.9469    4.9740 H   0  0  0  0  0  0  0  0  0  0  0  0
    6.0593    8.7650    4.5000 H   0  0  0  0  0  0  0  0  0  0  0  0
    4.6491    8.3430    5.4879 H   0  0  0  0  0  0  0  0  0  0  0  0
  1  2  3  0  0  0  0
  3  2  1  1  0  0  0
  3  4  1  0  0  0  0
  4 11  1  0  0  0  0
  4 12  1  0  0  0  0
  5  4  1  0  0  0  0
  5 13  1  1  0  0  0
  6  3  1  0  0  0  0
  6 14  1  0  0  0  0
  6  5  1  0  0  0  0
  7  5  1  0  0  0  0
  8  7  1  0  0  0  0
  8 16  1  0  0  0  0
  9  8  1  0  0  0  0
  9  3  1  0  0  0  0
 10  1  1  0  0  0  0
 15  6  1  0  0  0  0
 17  8  1  0  0  0  0
 18  9  1  0  0  0  0
 19  9  1  0  0  0  0
M  END
