Lattice="12.02127144 0.0 0.0 0.0 14.375030259999999 0.0 0.0 0.0 14.22996852" Properties=species:S:1:pos:R:3:GW_charged:R:1:dKS_charged:R:1:dKS_neutral:R:1 pbc="T T T"
 OpenBabel12102409393D
Lattice="12.02127144 0.0 0.0 0.0 14.375030259999999 0.0 0.0 0.0 14.22996852" Properties=species:S:1:pos:R:3:GW_charged:R:1:dKS_charged:R:1:dKS_neutral:R:1 pbc="T T T"
 19 19  0  0  1  0  0  0  0  0999 V2000
    5.5666    9.4250    8.8469 C   0  0  0  0  0  0  0  0  0  0  0  0
    5.6465    7.8985    8.8151 C   0  0  0  0  0  0  0  0  0  0  0  0
    6.3935    7.3495    7.6042 C   0  0  1  0  0  0  0  0  0  0  0  0
    6.5129    5.8202    7.5611 C   0  0  0  0  0  0  0  0  0  0  0  0
    6.5185    5.5231    6.0580 C   0  0  0  0  0  0  0  0  0  0  0  0
    5.5444    6.5800    5.5373 C   0  0  0  0  0  0  0  0  0  0  0  0
    5.7096    7.7273    6.3837 O   0  0  0  0  0  0  0  0  0  0  0  0
    6.5698    9.8750    8.8782 H   0  0  0  0  0  0  0  0  0  0  0  0
    5.0569    9.8078    7.9536 H   0  0  0  0  0  0  0  0  0  0  0  0
    5.0167    9.7771    9.7300 H   0  0  0  0  0  0  0  0  0  0  0  0
    6.1521    7.5275    9.7225 H   0  0  0  0  0  0  0  0  0  0  0  0
    4.6333    7.4647    8.8182 H   0  0  0  0  0  0  0  0  0  0  0  0
    7.4035    7.8050    7.5695 H   0  0  0  0  0  0  0  0  0  0  0  0
    7.4081    5.4593    8.0828 H   0  0  0  0  0  0  0  0  0  0  0  0
    5.6343    5.3608    8.0413 H   0  0  0  0  0  0  0  0  0  0  0  0
    7.5213    5.6830    5.6354 H   0  0  0  0  0  0  0  0  0  0  0  0
    6.2060    4.5000    5.8132 H   0  0  0  0  0  0  0  0  0  0  0  0
    5.7416    6.8864    4.5000 H   0  0  0  0  0  0  0  0  0  0  0  0
    4.5000    6.2203    5.5962 H   0  0  0  0  0  0  0  0  0  0  0  0
  1  8  1  0  0  0  0
  1 10  1  0  0  0  0
  2 12  1  0  0  0  0
  2  1  1  0  0  0  0
  2 11  1  0  0  0  0
  3 13  1  6  0  0  0
  3  2  1  0  0  0  0
  4  3  1  0  0  0  0
  4 15  1  0  0  0  0
  4 14  1  0  0  0  0
  5  4  1  0  0  0  0
  6 19  1  0  0  0  0
  6  5  1  0  0  0  0
  6  7  1  0  0  0  0
  7  3  1  0  0  0  0
  9  1  1  0  0  0  0
 16  5  1  0  0  0  0
 17  5  1  0  0  0  0
 18  6  1  0  0  0  0
M  END
