Lattice="12.78373908 0.0 0.0 0.0 14.70824228 0.0 0.0 0.0 12.813892209999999" Properties=species:S:1:pos:R:3:GW_charged:R:1:dKS_charged:R:1:dKS_neutral:R:1 pbc="T T T"
 OpenBabel12102409423D
Lattice="12.78373908 0.0 0.0 0.0 14.70824228 0.0 0.0 0.0 12.813892209999999" Properties=species:S:1:pos:R:3:GW_charged:R:1:dKS_charged:R:1:dKS_neutral:R:1 pbc="T T T"
 18 18  0  0  1  0  0  0  0  0999 V2000
    6.7004    9.6708    7.1377 C   0  0  0  0  0  0  0  0  0  0  0  0
    7.1146    8.2184    7.2472 C   0  0  0  0  0  0  0  0  0  0  0  0
    7.4627    7.7271    8.3139 O   0  0  0  0  0  0  0  0  0  0  0  0
    7.0567    7.4316    5.9821 C   0  0  1  0  0  0  0  0  0  0  0  0
    7.7654    6.0865    5.8828 C   0  0  0  0  0  0  0  0  0  0  0  0
    6.2714    6.1171    5.9113 C   0  0  1  0  0  0  0  0  0  0  0  0
    5.4918    5.5873    7.0879 C   0  0  0  0  0  0  0  0  0  0  0  0
    5.6037    6.0027    4.6670 O   0  0  0  0  0  0  0  0  0  0  0  0
    7.3849   10.2082    6.4641 H   0  0  0  0  0  0  0  0  0  0  0  0
    5.6968    9.7490    6.6940 H   0  0  0  0  0  0  0  0  0  0  0  0
    6.7126   10.1429    8.1248 H   0  0  0  0  0  0  0  0  0  0  0  0
    6.9770    8.0088    5.0614 H   0  0  0  0  0  0  0  0  0  0  0  0
    8.2527    5.8614    4.9362 H   0  0  0  0  0  0  0  0  0  0  0  0
    8.2837    5.7707    6.7885 H   0  0  0  0  0  0  0  0  0  0  0  0
    6.0167    5.7736    8.0317 H   0  0  0  0  0  0  0  0  0  0  0  0
    4.5000    6.0568    7.1327 H   0  0  0  0  0  0  0  0  0  0  0  0
    5.3536    4.5000    6.9852 H   0  0  0  0  0  0  0  0  0  0  0  0
    5.4558    5.0573    4.5000 H   0  0  0  0  0  0  0  0  0  0  0  0
  1  2  1  0  0  0  0
  1 11  1  0  0  0  0
  2  3  2  0  0  0  0
  4 12  1  6  0  0  0
  4  2  1  0  0  0  0
  5  6  1  0  0  0  0
  5  4  1  0  0  0  0
  5 14  1  0  0  0  0
  6  8  1  6  0  0  0
  6  4  1  0  0  0  0
  6  7  1  0  0  0  0
  7 16  1  0  0  0  0
  7 15  1  0  0  0  0
  9  1  1  0  0  0  0
 10  1  1  0  0  0  0
 13  5  1  0  0  0  0
 17  7  1  0  0  0  0
 18  8  1  0  0  0  0
M  END
