Lattice="14.40734684 0.0 0.0 0.0 13.82382606 0.0 0.0 0.0 15.60437504" Properties=species:S:1:pos:R:3:GW_charged:R:1:dKS_charged:R:1:dKS_neutral:R:1 pbc="T T T"
 OpenBabel12102409443D
Lattice="14.40734684 0.0 0.0 0.0 13.82382606 0.0 0.0 0.0 15.60437504" Properties=species:S:1:pos:R:3:GW_charged:R:1:dKS_charged:R:1:dKS_neutral:R:1 pbc="T T T"
 21 21  0  0  0  0  0  0  0  0999 V2000
    5.9172    8.6733    5.4414 C   0  0  0  0  0  0  0  0  0  0  0  0
    5.5883    7.2002    5.7349 C   0  0  0  0  0  0  0  0  0  0  0  0
    6.1886    6.6903    6.9973 C   0  0  0  0  0  0  0  0  0  0  0  0
    5.6722    6.2951    8.1970 C   0  0  0  0  0  0  0  0  0  0  0  0
    6.7771    5.9252    9.0416 C   0  0  0  0  0  0  0  0  0  0  0  0
    6.6857    5.4265   10.4487 C   0  0  0  0  0  0  0  0  0  0  0  0
    7.9049    6.1241    8.2895 C   0  0  0  0  0  0  0  0  0  0  0  0
    9.3568    5.9436    8.5383 C   0  0  0  0  0  0  0  0  0  0  0  0
    7.5590    6.5914    7.0392 O   0  0  0  0  0  0  0  0  0  0  0  0
    7.0008    8.8242    5.3541 H   0  0  0  0  0  0  0  0  0  0  0  0
    5.4531    8.9976    4.5000 H   0  0  0  0  0  0  0  0  0  0  0  0
    5.5508    9.3238    6.2467 H   0  0  0  0  0  0  0  0  0  0  0  0
    4.5000    7.0641    5.8079 H   0  0  0  0  0  0  0  0  0  0  0  0
    5.9243    6.5749    4.8912 H   0  0  0  0  0  0  0  0  0  0  0  0
    4.6185    6.2662    8.4574 H   0  0  0  0  0  0  0  0  0  0  0  0
    6.0954    4.5000   10.5085 H   0  0  0  0  0  0  0  0  0  0  0  0
    7.6755    5.2144   10.8719 H   0  0  0  0  0  0  0  0  0  0  0  0
    6.1970    6.1624   11.1044 H   0  0  0  0  0  0  0  0  0  0  0  0
    9.8026    5.2239    7.8353 H   0  0  0  0  0  0  0  0  0  0  0  0
    9.9073    6.8906    8.4331 H   0  0  0  0  0  0  0  0  0  0  0  0
    9.5237    5.5686    9.5547 H   0  0  0  0  0  0  0  0  0  0  0  0
  1  2  1  0  0  0  0
  1 12  1  0  0  0  0
  2 13  1  0  0  0  0
  2  3  1  0  0  0  0
  3  9  1  0  0  0  0
  3  4  2  0  0  0  0
  4 15  1  0  0  0  0
  4  5  1  0  0  0  0
  5  6  1  0  0  0  0
  6 16  1  0  0  0  0
  6 17  1  0  0  0  0
  6 18  1  0  0  0  0
  7  8  1  0  0  0  0
  7  5  2  0  0  0  0
  8 21  1  0  0  0  0
  9  7  1  0  0  0  0
 10  1  1  0  0  0  0
 11  1  1  0  0  0  0
 14  2  1  0  0  0  0
 19  8  1  0  0  0  0
 20  8  1  0  0  0  0
M  END
