Lattice="12.97920878 0.0 0.0 0.0 13.71376688 0.0 0.0 0.0 14.285037280000001" Properties=species:S:1:pos:R:3:GW_charged:R:1:dKS_charged:R:1:dKS_neutral:R:1 pbc="T T T"
 OpenBabel12102409333D
Lattice="12.97920878 0.0 0.0 0.0 13.71376688 0.0 0.0 0.0 14.285037280000001" Properties=species:S:1:pos:R:3:GW_charged:R:1:dKS_charged:R:1:dKS_neutral:R:1 pbc="T T T"
 19 19  0  0  1  0  0  0  0  0999 V2000
    5.3684    8.5610    6.4532 C   0  0  0  0  0  0  0  0  0  0  0  0
    5.7761    7.0892    6.3931 C   0  0  1  0  0  0  0  0  0  0  0  0
    6.6584    6.8339    5.2830 O   0  0  0  0  0  0  0  0  0  0  0  0
    6.4789    6.5989    7.6499 C   0  0  0  0  0  0  0  0  0  0  0  0
    7.7650    7.3080    8.0265 C   0  0  0  0  0  0  0  0  0  0  0  0
    5.5792    6.1023    8.7587 C   0  0  0  0  0  0  0  0  0  0  0  0
    6.3735    5.1187    7.9317 C   0  0  0  0  0  0  0  0  0  0  0  0
    6.2491    9.2138    6.5143 H   0  0  0  0  0  0  0  0  0  0  0  0
    4.7955    8.8445    5.5577 H   0  0  0  0  0  0  0  0  0  0  0  0
    4.7316    8.7509    7.3283 H   0  0  0  0  0  0  0  0  0  0  0  0
    4.8594    6.4781    6.2725 H   0  0  0  0  0  0  0  0  0  0  0  0
    6.2840    7.2656    4.5000 H   0  0  0  0  0  0  0  0  0  0  0  0
    7.5889    8.3589    8.2988 H   0  0  0  0  0  0  0  0  0  0  0  0
    8.2368    6.8213    8.8905 H   0  0  0  0  0  0  0  0  0  0  0  0
    8.4792    7.2849    7.1927 H   0  0  0  0  0  0  0  0  0  0  0  0
    5.8936    6.2883    9.7850 H   0  0  0  0  0  0  0  0  0  0  0  0
    4.5000    6.1433    8.6093 H   0  0  0  0  0  0  0  0  0  0  0  0
    5.8372    4.5000    7.2131 H   0  0  0  0  0  0  0  0  0  0  0  0
    7.2282    4.6274    8.3948 H   0  0  0  0  0  0  0  0  0  0  0  0
  1  8  1  0  0  0  0
  1 10  1  0  0  0  0
  2 11  1  6  0  0  0
  2  1  1  0  0  0  0
  2  4  1  0  0  0  0
  3  2  1  0  0  0  0
  4  7  1  0  0  0  0
  4  5  1  0  0  0  0
  4  6  1  0  0  0  0
  5 13  1  0  0  0  0
  5 14  1  0  0  0  0
  6 16  1  0  0  0  0
  7 19  1  0  0  0  0
  7  6  1  0  0  0  0
  9  1  1  0  0  0  0
 12  3  1  0  0  0  0
 15  5  1  0  0  0  0
 17  6  1  0  0  0  0
 18  7  1  0  0  0  0
M  END
