Lattice="13.854792159999999 0.0 0.0 0.0 13.36732939 0.0 0.0 0.0 13.257976769999999" Properties=species:S:1:pos:R:3:GW_charged:R:1:dKS_charged:R:1:dKS_neutral:R:1 pbc="T T T"
 OpenBabel12102409273D
Lattice="13.854792159999999 0.0 0.0 0.0 13.36732939 0.0 0.0 0.0 13.257976769999999" Properties=species:S:1:pos:R:3:GW_charged:R:1:dKS_charged:R:1:dKS_neutral:R:1 pbc="T T T"
 19 19  0  0  0  0  0  0  0  0999 V2000
    6.8368    8.3517    6.5604 C   0  0  0  0  0  0  0  0  0  0  0  0
    6.4874    6.8478    6.5511 C   0  0  0  0  0  0  0  0  0  0  0  0
    4.9619    6.6707    6.5484 C   0  0  0  0  0  0  0  0  0  0  0  0
    7.1644    6.1124    5.3531 C   0  0  0  0  0  0  0  0  0  0  0  0
    8.4691    5.4905    5.9029 C   0  0  0  0  0  0  0  0  0  0  0  0
    8.2197    5.4442    7.3893 C   0  0  0  0  0  0  0  0  0  0  0  0
    7.1489    6.1659    7.7364 C   0  0  0  0  0  0  0  0  0  0  0  0
    7.9234    8.5055    6.5057 H   0  0  0  0  0  0  0  0  0  0  0  0
    6.3725    8.8673    5.7065 H   0  0  0  0  0  0  0  0  0  0  0  0
    6.4775    8.8356    7.4803 H   0  0  0  0  0  0  0  0  0  0  0  0
    4.5180    7.1009    5.6382 H   0  0  0  0  0  0  0  0  0  0  0  0
    4.6886    5.6073    6.5903 H   0  0  0  0  0  0  0  0  0  0  0  0
    4.5000    7.1728    7.4113 H   0  0  0  0  0  0  0  0  0  0  0  0
    6.4991    5.3087    5.0050 H   0  0  0  0  0  0  0  0  0  0  0  0
    7.3334    6.7833    4.5000 H   0  0  0  0  0  0  0  0  0  0  0  0
    8.6767    4.5000    5.4717 H   0  0  0  0  0  0  0  0  0  0  0  0
    9.3548    6.1107    5.6789 H   0  0  0  0  0  0  0  0  0  0  0  0
    8.8707    4.9137    8.0847 H   0  0  0  0  0  0  0  0  0  0  0  0
    6.7947    6.3151    8.7580 H   0  0  0  0  0  0  0  0  0  0  0  0
  1 10  1  0  0  0  0
  2  1  1  0  0  0  0
  2  7  1  0  0  0  0
  3  2  1  0  0  0  0
  3 12  1  0  0  0  0
  3 13  1  0  0  0  0
  4  5  1  0  0  0  0
  4  2  1  0  0  0  0
  5  6  1  0  0  0  0
  6  7  2  0  0  0  0
  6 18  1  0  0  0  0
  7 19  1  0  0  0  0
  8  1  1  0  0  0  0
  9  1  1  0  0  0  0
 11  3  1  0  0  0  0
 14  4  1  0  0  0  0
 15  4  1  0  0  0  0
 16  5  1  0  0  0  0
 17  5  1  0  0  0  0
M  END
