Lattice="13.068269919999999 0.0 0.0 0.0 12.89673667 0.0 0.0 0.0 14.22389977" Properties=species:S:1:pos:R:3:GW_charged:R:1:dKS_charged:R:1:dKS_neutral:R:1 pbc="T T T"
 OpenBabel12102409323D
Lattice="13.068269919999999 0.0 0.0 0.0 12.89673667 0.0 0.0 0.0 14.22389977" Properties=species:S:1:pos:R:3:GW_charged:R:1:dKS_charged:R:1:dKS_neutral:R:1 pbc="T T T"
 15 15  0  0  1  0  0  0  0  0999 V2000
    7.0554    7.9011    5.8537 C   0  0  0  0  0  0  0  0  0  0  0  0
    6.9960    6.4019    6.0145 C   0  0  1  0  0  0  0  0  0  0  0  0
    5.6681    5.8210    6.5077 C   0  0  0  0  0  0  0  0  0  0  0  0
    5.2040    6.3998    7.7618 C   0  0  0  0  0  0  0  0  0  0  0  0
    4.8312    6.8946    8.8012 C   0  0  0  0  0  0  0  0  0  0  0  0
    7.8741    5.5273    5.2196 C   0  0  0  0  0  0  0  0  0  0  0  0
    8.1663    5.7952    6.6028 O   0  0  0  0  0  0  0  0  0  0  0  0
    8.0466    8.2110    5.5027 H   0  0  0  0  0  0  0  0  0  0  0  0
    6.3029    8.2438    5.1291 H   0  0  0  0  0  0  0  0  0  0  0  0
    6.8513    8.3967    6.8121 H   0  0  0  0  0  0  0  0  0  0  0  0
    4.9029    5.9789    5.7287 H   0  0  0  0  0  0  0  0  0  0  0  0
    5.7836    4.7330    6.6250 H   0  0  0  0  0  0  0  0  0  0  0  0
    4.5000    7.3218    9.7239 H   0  0  0  0  0  0  0  0  0  0  0  0
    7.5666    4.5000    4.9980 H   0  0  0  0  0  0  0  0  0  0  0  0
    8.5683    5.9723    4.5000 H   0  0  0  0  0  0  0  0  0  0  0  0
  1 10  1  0  0  0  0
  2  1  1  6  0  0  0
  2  3  1  0  0  0  0
  2  7  1  0  0  0  0
  3 12  1  0  0  0  0
  3  4  1  0  0  0  0
  4  5  3  0  0  0  0
  5 13  1  0  0  0  0
  6  2  1  0  0  0  0
  6  7  1  0  0  0  0
  8  1  1  0  0  0  0
  9  1  1  0  0  0  0
 11  3  1  0  0  0  0
 14  6  1  0  0  0  0
 15  6  1  0  0  0  0
M  END
