Lattice="14.06906592 0.0 0.0 0.0 16.379546089999998 0.0 0.0 0.0 10.80150503" Properties=species:S:1:pos:R:3:GW_charged:R:1:dKS_charged:R:1:dKS_neutral:R:1 pbc="T T T"
 OpenBabel12102409393D
Lattice="14.06906592 0.0 0.0 0.0 16.379546089999998 0.0 0.0 0.0 10.80150503" Properties=species:S:1:pos:R:3:GW_charged:R:1:dKS_charged:R:1:dKS_neutral:R:1 pbc="T T T"
 19 18  0  0  0  0  0  0  0  0999 V2000
    8.6708   11.5179    5.4078 O   0  0  0  0  0  0  0  0  0  0  0  0
    8.7622   10.0877    5.3992 C   0  0  0  0  0  0  0  0  0  0  0  0
    7.3517    9.5205    5.4097 C   0  0  0  0  0  0  0  0  0  0  0  0
    7.3257    7.9897    5.4017 C   0  0  0  0  0  0  0  0  0  0  0  0
    5.9062    7.4162    5.4122 C   0  0  0  0  0  0  0  0  0  0  0  0
    5.8829    5.8961    5.4043 C   0  0  0  0  0  0  0  0  0  0  0  0
    4.5153    5.4683    5.4150 O   0  0  0  0  0  0  0  0  0  0  0  0
    9.5691   11.8795    5.4012 H   0  0  0  0  0  0  0  0  0  0  0  0
    9.3028    9.7365    4.5000 H   0  0  0  0  0  0  0  0  0  0  0  0
    9.3199    9.7270    6.2842 H   0  0  0  0  0  0  0  0  0  0  0  0
    6.8262    9.9029    6.2989 H   0  0  0  0  0  0  0  0  0  0  0  0
    6.8093    9.9123    4.5348 H   0  0  0  0  0  0  0  0  0  0  0  0
    7.8650    7.6182    4.5134 H   0  0  0  0  0  0  0  0  0  0  0  0
    7.8818    7.6088    6.2756 H   0  0  0  0  0  0  0  0  0  0  0  0
    5.3617    7.7710    6.3015 H   0  0  0  0  0  0  0  0  0  0  0  0
    5.3449    7.7804    4.5373 H   0  0  0  0  0  0  0  0  0  0  0  0
    6.4038    5.5160    4.5051 H   0  0  0  0  0  0  0  0  0  0  0  0
    6.4207    5.5065    6.2893 H   0  0  0  0  0  0  0  0  0  0  0  0
    4.5000    4.5000    5.4100 H   0  0  0  0  0  0  0  0  0  0  0  0
  2  1  1  0  0  0  0
  2  3  1  0  0  0  0
  2 10  1  0  0  0  0
  3 11  1  0  0  0  0
  4  3  1  0  0  0  0
  4  5  1  0  0  0  0
  4 14  1  0  0  0  0
  5 15  1  0  0  0  0
  6  5  1  0  0  0  0
  6  7  1  0  0  0  0
  6 18  1  0  0  0  0
  8  1  1  0  0  0  0
  9  2  1  0  0  0  0
 12  3  1  0  0  0  0
 13  4  1  0  0  0  0
 16  5  1  0  0  0  0
 17  6  1  0  0  0  0
 19  7  1  0  0  0  0
M  END
