Lattice="13.2902886 0.0 0.0 0.0 16.3330345 0.0 0.0 0.0 12.14708682" Properties=species:S:1:pos:R:3:GW_charged:R:1:dKS_charged:R:1:dKS_neutral:R:1 pbc="T T T"
 OpenBabel12102409453D
Lattice="13.2902886 0.0 0.0 0.0 16.3330345 0.0 0.0 0.0 12.14708682" Properties=species:S:1:pos:R:3:GW_charged:R:1:dKS_charged:R:1:dKS_neutral:R:1 pbc="T T T"
 19 20  0  0  1  0  0  0  0  0999 V2000
    6.6780    5.5674    5.4871 C   0  0  0  0  0  0  0  0  0  0  0  0
    6.6517    6.7761    5.5528 C   0  0  0  0  0  0  0  0  0  0  0  0
    6.6378    8.2198    5.6540 C   0  0  1  0  0  0  0  0  0  0  0  0
    5.7027    8.8943    6.6938 C   0  0  0  0  0  0  0  0  0  0  0  0
    5.5072    9.9180    5.5625 C   0  0  1  0  0  0  0  0  0  0  0  0
    6.6014   10.9803    5.5310 C   0  0  0  0  0  0  0  0  0  0  0  0
    7.9426   10.3604    5.9855 C   0  0  0  0  0  0  0  0  0  0  0  0
    8.0397    8.8556    5.6475 C   0  0  0  0  0  0  0  0  0  0  0  0
    5.8641    8.8829    4.5773 O   0  0  0  0  0  0  0  0  0  0  0  0
    6.6933    4.5000    5.4212 H   0  0  0  0  0  0  0  0  0  0  0  0
    4.8067    8.2899    6.8632 H   0  0  0  0  0  0  0  0  0  0  0  0
    6.1376    9.2180    7.6471 H   0  0  0  0  0  0  0  0  0  0  0  0
    4.5000   10.3155    5.3811 H   0  0  0  0  0  0  0  0  0  0  0  0
    6.6635   11.3581    4.5000 H   0  0  0  0  0  0  0  0  0  0  0  0
    6.3355   11.8330    6.1746 H   0  0  0  0  0  0  0  0  0  0  0  0
    8.7903   10.9030    5.5468 H   0  0  0  0  0  0  0  0  0  0  0  0
    8.0404   10.4846    7.0737 H   0  0  0  0  0  0  0  0  0  0  0  0
    8.6956    8.3389    6.3628 H   0  0  0  0  0  0  0  0  0  0  0  0
    8.4539    8.6905    4.6430 H   0  0  0  0  0  0  0  0  0  0  0  0
  1  2  3  0  0  0  0
  3  2  1  6  0  0  0
  3  4  1  0  0  0  0
  4 11  1  0  0  0  0
  4 12  1  0  0  0  0
  5 13  1  6  0  0  0
  5  4  1  0  0  0  0
  6  5  1  0  0  0  0
  6  7  1  0  0  0  0
  6 15  1  0  0  0  0
  7 17  1  0  0  0  0
  8  3  1  0  0  0  0
  8  7  1  0  0  0  0
  8 18  1  0  0  0  0
  9  5  1  0  0  0  0
  9  3  1  0  0  0  0
 10  1  1  0  0  0  0
 14  6  1  0  0  0  0
 16  7  1  0  0  0  0
 19  8  1  0  0  0  0
M  END
