Lattice="12.99068045 0.0 0.0 0.0 13.7891754 0.0 0.0 0.0 12.616435580000001" Properties=species:S:1:pos:R:3:GW_charged:R:1:dKS_charged:R:1:dKS_neutral:R:1 pbc="T T T"
 OpenBabel12102409263D
Lattice="12.99068045 0.0 0.0 0.0 13.7891754 0.0 0.0 0.0 12.616435580000001" Properties=species:S:1:pos:R:3:GW_charged:R:1:dKS_charged:R:1:dKS_neutral:R:1 pbc="T T T"
 16 16  0  0  0  0  0  0  0  0999 V2000
    5.8799    8.6288    7.2421 C   0  0  0  0  0  0  0  0  0  0  0  0
    5.5728    7.1622    6.9265 C   0  0  0  0  0  0  0  0  0  0  0  0
    6.3601    6.6162    5.7501 C   0  0  0  0  0  0  0  0  0  0  0  0
    6.0510    7.2114    4.5000 O   0  0  0  0  0  0  0  0  0  0  0  0
    7.7802    6.1376    5.9516 C   0  0  0  0  0  0  0  0  0  0  0  0
    6.6599    5.1528    5.6574 C   0  0  0  0  0  0  0  0  0  0  0  0
    6.9485    8.7740    7.4566 H   0  0  0  0  0  0  0  0  0  0  0  0
    5.6092    9.2892    6.4051 H   0  0  0  0  0  0  0  0  0  0  0  0
    5.3125    8.9740    8.1164 H   0  0  0  0  0  0  0  0  0  0  0  0
    5.7871    6.5419    7.8103 H   0  0  0  0  0  0  0  0  0  0  0  0
    4.5000    7.0384    6.7085 H   0  0  0  0  0  0  0  0  0  0  0  0
    6.4140    8.1116    4.5015 H   0  0  0  0  0  0  0  0  0  0  0  0
    8.4907    6.3325    5.1499 H   0  0  0  0  0  0  0  0  0  0  0  0
    8.2018    6.1640    6.9563 H   0  0  0  0  0  0  0  0  0  0  0  0
    6.3141    4.5000    6.4579 H   0  0  0  0  0  0  0  0  0  0  0  0
    6.6338    4.7148    4.6614 H   0  0  0  0  0  0  0  0  0  0  0  0
  1  7  1  0  0  0  0
  1  9  1  0  0  0  0
  2  1  1  0  0  0  0
  2 10  1  0  0  0  0
  3  5  1  0  0  0  0
  3  2  1  0  0  0  0
  4 12  1  0  0  0  0
  4  3  1  0  0  0  0
  5 14  1  0  0  0  0
  6  3  1  0  0  0  0
  6  5  1  0  0  0  0
  6 15  1  0  0  0  0
  8  1  1  0  0  0  0
 11  2  1  0  0  0  0
 13  5  1  0  0  0  0
 16  6  1  0  0  0  0
M  END
