Lattice="14.80725381 0.0 0.0 0.0 14.29779161 0.0 0.0 0.0 13.53561994" Properties=species:S:1:pos:R:3:GW_charged:R:1:dKS_charged:R:1:dKS_neutral:R:1 pbc="T T T"
 OpenBabel12102411073D
Lattice="14.80725381 0.0 0.0 0.0 14.29779161 0.0 0.0 0.0 13.53561994" Properties=species:S:1:pos:R:3:GW_charged:R:1:dKS_charged:R:1:dKS_neutral:R:1 pbc="T T T"
 23 23  0  0  0  0  0  0  0  0999 V2000
    5.5131    8.0568    6.8042 C   0  0  0  0  0  0  0  0  0  0  0  0
    6.9160    8.7037    6.8070 C   0  0  0  0  0  0  0  0  0  0  0  0
    7.7237    8.3137    8.0083 C   0  0  0  0  0  0  0  0  0  0  0  0
    8.7140    7.4095    8.0553 C   0  0  0  0  0  0  0  0  0  0  0  0
    9.2763    6.6008    6.9158 C   0  0  0  0  0  0  0  0  0  0  0  0
    8.4569    5.3016    6.6106 C   0  0  0  0  0  0  0  0  0  0  0  0
    7.4642    5.4691    5.4901 C   0  0  0  0  0  0  0  0  0  0  0  0
    6.2207    5.9675    5.5645 C   0  0  0  0  0  0  0  0  0  0  0  0
    5.5397    6.5123    6.7841 C   0  0  0  0  0  0  0  0  0  0  0  0
    4.9529    8.3868    7.6938 H   0  0  0  0  0  0  0  0  0  0  0  0
    4.9569    8.4277    5.9284 H   0  0  0  0  0  0  0  0  0  0  0  0
    7.4385    8.4228    5.8809 H   0  0  0  0  0  0  0  0  0  0  0  0
    6.7898    9.7978    6.7858 H   0  0  0  0  0  0  0  0  0  0  0  0
    7.4259    8.7833    8.9517 H   0  0  0  0  0  0  0  0  0  0  0  0
    9.1521    7.1991    9.0356 H   0  0  0  0  0  0  0  0  0  0  0  0
    9.3365    7.2016    5.9966 H   0  0  0  0  0  0  0  0  0  0  0  0
   10.3073    6.3154    7.1681 H   0  0  0  0  0  0  0  0  0  0  0  0
    9.1573    4.5000    6.3370 H   0  0  0  0  0  0  0  0  0  0  0  0
    7.9582    4.9761    7.5351 H   0  0  0  0  0  0  0  0  0  0  0  0
    7.8268    5.1768    4.5000 H   0  0  0  0  0  0  0  0  0  0  0  0
    5.6518    6.0421    4.6317 H   0  0  0  0  0  0  0  0  0  0  0  0
    6.0359    6.1536    7.6976 H   0  0  0  0  0  0  0  0  0  0  0  0
    4.5000    6.1503    6.8195 H   0  0  0  0  0  0  0  0  0  0  0  0
  1  2  1  0  0  0  0
  1 10  1  0  0  0  0
  2  3  1  0  0  0  0
  3  4  2  0  0  0  0
  3 14  1  0  0  0  0
  4 15  1  0  0  0  0
  5 17  1  0  0  0  0
  5  4  1  0  0  0  0
  6  5  1  0  0  0  0
  6 19  1  0  0  0  0
  7  8  2  0  0  0  0
  7  6  1  0  0  0  0
  8  9  1  0  0  0  0
  9  1  1  0  0  0  0
  9 23  1  0  0  0  0
  9 22  1  0  0  0  0
 11  1  1  0  0  0  0
 12  2  1  0  0  0  0
 13  2  1  0  0  0  0
 16  5  1  0  0  0  0
 18  6  1  0  0  0  0
 20  7  1  0  0  0  0
 21  8  1  0  0  0  0
M  END
