Lattice="12.1784518 0.0 0.0 0.0 17.057761919999997 0.0 0.0 0.0 11.62283497" Properties=species:S:1:pos:R:3:GW_charged:R:1:dKS_charged:R:1:dKS_neutral:R:1 pbc="T T T"
 OpenBabel12102409393D
Lattice="12.1784518 0.0 0.0 0.0 17.057761919999997 0.0 0.0 0.0 11.62283497" Properties=species:S:1:pos:R:3:GW_charged:R:1:dKS_charged:R:1:dKS_neutral:R:1 pbc="T T T"
 17 16  0  0  0  0  0  0  0  0999 V2000
    6.7263   12.1099    5.5743 C   0  0  0  0  0  0  0  0  0  0  0  0
    6.6706   10.5835    5.5320 C   0  0  0  0  0  0  0  0  0  0  0  0
    5.3438   10.0260    6.0857 C   0  0  0  0  0  0  0  0  0  0  0  0
    5.2617    8.5731    6.0530 C   0  0  0  0  0  0  0  0  0  0  0  0
    5.2201    7.3621    6.0014 C   0  0  0  0  0  0  0  0  0  0  0  0
    5.1707    5.9097    5.9667 C   0  0  0  0  0  0  0  0  0  0  0  0
    4.5548    5.4697    4.7434 O   0  0  0  0  0  0  0  0  0  0  0  0
    7.6785   12.4845    5.1758 H   0  0  0  0  0  0  0  0  0  0  0  0
    5.9183   12.5578    4.9774 H   0  0  0  0  0  0  0  0  0  0  0  0
    6.6258   12.4876    6.6024 H   0  0  0  0  0  0  0  0  0  0  0  0
    6.7991   10.2252    4.5000 H   0  0  0  0  0  0  0  0  0  0  0  0
    7.5024   10.1557    6.1112 H   0  0  0  0  0  0  0  0  0  0  0  0
    5.2012   10.3749    7.1228 H   0  0  0  0  0  0  0  0  0  0  0  0
    4.5000   10.4453    5.5114 H   0  0  0  0  0  0  0  0  0  0  0  0
    6.1985    5.5093    6.0522 H   0  0  0  0  0  0  0  0  0  0  0  0
    4.6025    5.5447    6.8431 H   0  0  0  0  0  0  0  0  0  0  0  0
    4.5396    4.5000    4.7629 H   0  0  0  0  0  0  0  0  0  0  0  0
  1 10  1  0  0  0  0
  2  1  1  0  0  0  0
  2  3  1  0  0  0  0
  2 12  1  0  0  0  0
  3 13  1  0  0  0  0
  4  3  1  0  0  0  0
  5  4  3  0  0  0  0
  6  5  1  0  0  0  0
  6 15  1  0  0  0  0
  6 16  1  0  0  0  0
  7 17  1  0  0  0  0
  7  6  1  0  0  0  0
  8  1  1  0  0  0  0
  9  1  1  0  0  0  0
 11  2  1  0  0  0  0
 14  3  1  0  0  0  0
M  END
