Lattice="11.981700329999999 0.0 0.0 0.0 16.10642151 0.0 0.0 0.0 13.14600973" Properties=species:S:1:pos:R:3:GW_charged:R:1:dKS_charged:R:1:dKS_neutral:R:1 pbc="T T T"
 OpenBabel12102409393D
Lattice="11.981700329999999 0.0 0.0 0.0 16.10642151 0.0 0.0 0.0 13.14600973" Properties=species:S:1:pos:R:3:GW_charged:R:1:dKS_charged:R:1:dKS_neutral:R:1 pbc="T T T"
 19 19  0  0  1  0  0  0  0  0999 V2000
    5.2091   10.9585    5.7050 C   0  0  0  0  0  0  0  0  0  0  0  0
    5.6933    9.5467    5.3617 C   0  0  0  0  0  0  0  0  0  0  0  0
    6.3905    8.8831    6.5329 C   0  0  1  0  0  0  0  0  0  0  0  0
    5.6098    8.1541    7.5999 C   0  0  0  0  0  0  0  0  0  0  0  0
    6.5430    7.3834    6.6939 C   0  0  1  0  0  0  0  0  0  0  0  0
    6.0074    6.4019    5.6903 C   0  0  0  0  0  0  0  0  0  0  0  0
    5.7774    5.1540    6.3655 O   0  0  0  0  0  0  0  0  0  0  0  0
    6.0476   11.6064    5.9989 H   0  0  0  0  0  0  0  0  0  0  0  0
    4.7069   11.4316    4.8502 H   0  0  0  0  0  0  0  0  0  0  0  0
    4.5000   10.9362    6.5445 H   0  0  0  0  0  0  0  0  0  0  0  0
    4.8344    8.9402    5.0369 H   0  0  0  0  0  0  0  0  0  0  0  0
    6.3798    9.5887    4.5000 H   0  0  0  0  0  0  0  0  0  0  0  0
    7.2490    9.4540    6.8969 H   0  0  0  0  0  0  0  0  0  0  0  0
    5.8828    8.2814    8.6460 H   0  0  0  0  0  0  0  0  0  0  0  0
    4.5403    8.0205    7.4301 H   0  0  0  0  0  0  0  0  0  0  0  0
    7.4817    7.0561    7.1453 H   0  0  0  0  0  0  0  0  0  0  0  0
    5.0698    6.7742    5.2411 H   0  0  0  0  0  0  0  0  0  0  0  0
    6.7387    6.2664    4.8716 H   0  0  0  0  0  0  0  0  0  0  0  0
    5.5115    4.5000    5.7019 H   0  0  0  0  0  0  0  0  0  0  0  0
  1  8  1  0  0  0  0
  1 10  1  0  0  0  0
  2  1  1  0  0  0  0
  2  3  1  0  0  0  0
  3  5  1  0  0  0  0
  3 13  1  1  0  0  0
  3  4  1  0  0  0  0
  4 14  1  0  0  0  0
  5 16  1  1  0  0  0
  5  4  1  0  0  0  0
  6  7  1  0  0  0  0
  6  5  1  0  0  0  0
  9  1  1  0  0  0  0
 11  2  1  0  0  0  0
 12  2  1  0  0  0  0
 15  4  1  0  0  0  0
 17  6  1  0  0  0  0
 18  6  1  0  0  0  0
 19  7  1  0  0  0  0
M  END
