Lattice="13.23724827 0.0 0.0 0.0 13.80667434 0.0 0.0 0.0 12.38463382" Properties=species:S:1:pos:R:3:GW_charged:R:1:dKS_charged:R:1:dKS_neutral:R:1 pbc="T T T"
 OpenBabel12102409383D
Lattice="13.23724827 0.0 0.0 0.0 13.80667434 0.0 0.0 0.0 12.38463382" Properties=species:S:1:pos:R:3:GW_charged:R:1:dKS_charged:R:1:dKS_neutral:R:1 pbc="T T T"
 17 18  0  0  1  0  0  0  0  0999 V2000
    6.6430    8.9036    5.9517 C   0  0  0  0  0  0  0  0  0  0  0  0
    6.6314    7.4030    5.9503 C   0  0  2  0  0  0  0  0  0  0  0  0
    5.3509    6.5522    5.9227 C   0  0  0  0  0  0  0  0  0  0  0  0
    5.9934    5.5372    6.9125 C   0  0  0  0  0  0  0  0  0  0  0  0
    7.2778    6.3685    6.9296 C   0  0  1  0  0  0  0  0  0  0  0  0
    7.7984    6.5736    5.5328 C   0  0  1  0  0  0  0  0  0  0  0  0
    7.6690    5.6192    4.5000 O   0  0  0  0  0  0  0  0  0  0  0  0
    7.6504    9.3007    6.1382 H   0  0  0  0  0  0  0  0  0  0  0  0
    6.3045    9.2971    4.9806 H   0  0  0  0  0  0  0  0  0  0  0  0
    5.9741    9.3067    6.7263 H   0  0  0  0  0  0  0  0  0  0  0  0
    4.5000    7.0818    6.3695 H   0  0  0  0  0  0  0  0  0  0  0  0
    5.0561    6.1698    4.9367 H   0  0  0  0  0  0  0  0  0  0  0  0
    5.4866    5.5287    7.8846 H   0  0  0  0  0  0  0  0  0  0  0  0
    6.0923    4.5000    6.5614 H   0  0  0  0  0  0  0  0  0  0  0  0
    7.9116    6.5430    7.8002 H   0  0  0  0  0  0  0  0  0  0  0  0
    8.7372    7.1384    5.4950 H   0  0  0  0  0  0  0  0  0  0  0  0
    8.2281    4.8588    4.7235 H   0  0  0  0  0  0  0  0  0  0  0  0
  1  8  1  0  0  0  0
  1 10  1  0  0  0  0
  2  1  1  1  0  0  0
  2  5  1  0  0  0  0
  3  2  1  0  0  0  0
  3 11  1  0  0  0  0
  3  4  1  0  0  0  0
  4  5  1  0  0  0  0
  4 13  1  0  0  0  0
  5 15  1  1  0  0  0
  6 16  1  6  0  0  0
  6  2  1  0  0  0  0
  6  5  1  0  0  0  0
  7 17  1  0  0  0  0
  7  6  1  0  0  0  0
  9  1  1  0  0  0  0
 12  3  1  0  0  0  0
 14  4  1  0  0  0  0
M  END
