Lattice="13.81336335 0.0 0.0 0.0 15.44430782 0.0 0.0 0.0 13.34688612" Properties=species:S:1:pos:R:3:GW_charged:R:1:dKS_charged:R:1:dKS_neutral:R:1 pbc="T T T"
 OpenBabel12102409453D
Lattice="13.81336335 0.0 0.0 0.0 15.44430782 0.0 0.0 0.0 13.34688612" Properties=species:S:1:pos:R:3:GW_charged:R:1:dKS_charged:R:1:dKS_neutral:R:1 pbc="T T T"
 19 21  0  0  1  0  0  0  0  0999 V2000
    7.0343    5.5689    6.6137 C   0  0  0  0  0  0  0  0  0  0  0  0
    7.0266    6.7835    6.6351 C   0  0  0  0  0  0  0  0  0  0  0  0
    7.0176    8.2025    6.6601 C   0  0  1  0  0  0  0  0  0  0  0  0
    6.3821    9.1330    7.7830 C   0  0  1  0  0  0  0  0  0  0  0  0
    7.7625    9.7999    7.9776 C   0  0  0  0  0  0  0  0  0  0  0  0
    8.2844    9.1648    6.6690 C   0  0  2  0  0  0  0  0  0  0  0  0
    7.7462    9.8455    5.3903 C   0  0  0  0  0  0  0  0  0  0  0  0
    6.3682    9.1718    5.5787 C   0  0  2  0  0  0  0  0  0  0  0  0
    5.5134    9.8082    6.6979 C   0  0  0  0  0  0  0  0  0  0  0  0
    7.0408    4.5000    6.5948 H   0  0  0  0  0  0  0  0  0  0  0  0
    5.8769    8.7330    8.6684 H   0  0  0  0  0  0  0  0  0  0  0  0
    7.7911   10.8966    8.0577 H   0  0  0  0  0  0  0  0  0  0  0  0
    8.2788    9.3707    8.8469 H   0  0  0  0  0  0  0  0  0  0  0  0
    9.3134    8.7903    6.6559 H   0  0  0  0  0  0  0  0  0  0  0  0
    7.7740   10.9443    5.3484 H   0  0  0  0  0  0  0  0  0  0  0  0
    8.2513    9.4472    4.5000 H   0  0  0  0  0  0  0  0  0  0  0  0
    5.8517    8.8030    4.6863 H   0  0  0  0  0  0  0  0  0  0  0  0
    4.5000    9.3846    6.6968 H   0  0  0  0  0  0  0  0  0  0  0  0
    5.4359   10.9053    6.7177 H   0  0  0  0  0  0  0  0  0  0  0  0
  1  2  3  0  0  0  0
  3  2  1  6  0  0  0
  3  6  1  0  0  0  0
  3  4  1  0  0  0  0
  4  5  1  0  0  0  0
  4 11  1  1  0  0  0
  5 12  1  0  0  0  0
  5 13  1  0  0  0  0
  6 14  1  6  0  0  0
  6  5  1  0  0  0  0
  7  8  1  0  0  0  0
  7  6  1  0  0  0  0
  8 17  1  6  0  0  0
  8  3  1  0  0  0  0
  8  9  1  0  0  0  0
  9 19  1  0  0  0  0
  9  4  1  0  0  0  0
 10  1  1  0  0  0  0
 15  7  1  0  0  0  0
 16  7  1  0  0  0  0
 18  9  1  0  0  0  0
M  END
