Lattice="13.28564707 0.0 0.0 0.0 15.61012612 0.0 0.0 0.0 12.68722215" Properties=species:S:1:pos:R:3:GW_charged:R:1:dKS_charged:R:1:dKS_neutral:R:1 pbc="T T T"
 OpenBabel12102409453D
Lattice="13.28564707 0.0 0.0 0.0 15.61012612 0.0 0.0 0.0 12.68722215" Properties=species:S:1:pos:R:3:GW_charged:R:1:dKS_charged:R:1:dKS_neutral:R:1 pbc="T T T"
 19 20  0  0  1  0  0  0  0  0999 V2000
    6.7454    5.5693    6.0194 C   0  0  0  0  0  0  0  0  0  0  0  0
    6.7228    6.7790    6.0221 C   0  0  0  0  0  0  0  0  0  0  0  0
    6.7270    8.2255    6.0820 C   0  0  1  0  0  0  0  0  0  0  0  0
    5.9191    8.8418    7.2619 C   0  0  0  0  0  0  0  0  0  0  0  0
    5.5829   10.2494    6.6995 C   0  0  0  0  0  0  0  0  0  0  0  0
    6.2628   10.1931    5.3162 C   0  0  1  0  0  0  0  0  0  0  0  0
    7.7938   10.2938    5.4734 C   0  0  0  0  0  0  0  0  0  0  0  0
    8.1361    8.8863    6.0325 C   0  0  0  0  0  0  0  0  0  0  0  0
    6.0722    8.8157    4.9225 O   0  0  0  0  0  0  0  0  0  0  0  0
    6.7574    4.5000    6.0029 H   0  0  0  0  0  0  0  0  0  0  0  0
    5.0172    8.2469    7.4436 H   0  0  0  0  0  0  0  0  0  0  0  0
    6.5075    8.8647    8.1872 H   0  0  0  0  0  0  0  0  0  0  0  0
    4.5000   10.3841    6.5912 H   0  0  0  0  0  0  0  0  0  0  0  0
    5.9675   11.0674    7.3222 H   0  0  0  0  0  0  0  0  0  0  0  0
    5.8255   10.8432    4.5513 H   0  0  0  0  0  0  0  0  0  0  0  0
    8.2708   10.4599    4.5000 H   0  0  0  0  0  0  0  0  0  0  0  0
    8.0933   11.1101    6.1433 H   0  0  0  0  0  0  0  0  0  0  0  0
    8.6087    8.9069    7.0219 H   0  0  0  0  0  0  0  0  0  0  0  0
    8.7856    8.3226    5.3537 H   0  0  0  0  0  0  0  0  0  0  0  0
  1  2  3  0  0  0  0
  3  2  1  6  0  0  0
  3  4  1  0  0  0  0
  4 11  1  0  0  0  0
  4 12  1  0  0  0  0
  5  4  1  0  0  0  0
  5 14  1  0  0  0  0
  6 15  1  6  0  0  0
  6  7  1  0  0  0  0
  6  5  1  0  0  0  0
  7  8  1  0  0  0  0
  7 17  1  0  0  0  0
  8  3  1  0  0  0  0
  8 18  1  0  0  0  0
  9  6  1  0  0  0  0
  9  3  1  0  0  0  0
 10  1  1  0  0  0  0
 13  5  1  0  0  0  0
 16  7  1  0  0  0  0
 19  8  1  0  0  0  0
M  END
