Lattice="13.787414680000001 0.0 0.0 0.0 14.72867014 0.0 0.0 0.0 12.351596650000001" Properties=species:S:1:pos:R:3:GW_charged:R:1:dKS_charged:R:1:dKS_neutral:R:1 pbc="T T T"
 OpenBabel12102409393D
Lattice="13.787414680000001 0.0 0.0 0.0 14.72867014 0.0 0.0 0.0 12.351596650000001" Properties=species:S:1:pos:R:3:GW_charged:R:1:dKS_charged:R:1:dKS_neutral:R:1 pbc="T T T"
 19 19  0  0  1  0  0  0  0  0999 V2000
    6.9139    9.5829    6.8905 C   0  0  0  0  0  0  0  0  0  0  0  0
    6.2906    8.3558    6.5510 O   0  0  0  0  0  0  0  0  0  0  0  0
    7.1832    7.4467    5.9434 C   0  0  1  0  0  0  0  0  0  0  0  0
    8.2589    6.7277    6.8039 C   0  0  0  0  0  0  0  0  0  0  0  0
    7.9289    5.4327    6.0124 C   0  0  0  0  0  0  0  0  0  0  0  0
    6.5760    6.0684    5.5665 C   0  0  1  0  0  0  0  0  0  0  0  0
    5.3793    5.6387    6.4088 C   0  0  0  0  0  0  0  0  0  0  0  0
    7.7230    9.4433    7.6297 H   0  0  0  0  0  0  0  0  0  0  0  0
    7.3390   10.0803    5.9986 H   0  0  0  0  0  0  0  0  0  0  0  0
    6.1431   10.2287    7.3267 H   0  0  0  0  0  0  0  0  0  0  0  0
    7.6524    7.9208    5.0586 H   0  0  0  0  0  0  0  0  0  0  0  0
    9.2874    7.1074    6.7718 H   0  0  0  0  0  0  0  0  0  0  0  0
    7.9364    6.6597    7.8516 H   0  0  0  0  0  0  0  0  0  0  0  0
    8.6143    5.2736    5.1702 H   0  0  0  0  0  0  0  0  0  0  0  0
    7.8626    4.5000    6.5872 H   0  0  0  0  0  0  0  0  0  0  0  0
    6.3322    5.9600    4.5000 H   0  0  0  0  0  0  0  0  0  0  0  0
    5.5834    5.7138    7.4858 H   0  0  0  0  0  0  0  0  0  0  0  0
    4.5000    6.2614    6.1987 H   0  0  0  0  0  0  0  0  0  0  0  0
    5.1200    4.5935    6.1877 H   0  0  0  0  0  0  0  0  0  0  0  0
  1 10  1  0  0  0  0
  1  8  1  0  0  0  0
  2  1  1  0  0  0  0
  3 11  1  6  0  0  0
  3  2  1  0  0  0  0
  3  4  1  0  0  0  0
  4 13  1  0  0  0  0
  5 15  1  0  0  0  0
  5  4  1  0  0  0  0
  6 16  1  6  0  0  0
  6  3  1  0  0  0  0
  6  5  1  0  0  0  0
  6  7  1  0  0  0  0
  7 17  1  0  0  0  0
  9  1  1  0  0  0  0
 12  4  1  0  0  0  0
 14  5  1  0  0  0  0
 18  7  1  0  0  0  0
 19  7  1  0  0  0  0
M  END
