Lattice="14.25897278 0.0 0.0 0.0 13.8136515 0.0 0.0 0.0 14.12135202" Properties=species:S:1:pos:R:3:GW_charged:R:1:dKS_charged:R:1:dKS_neutral:R:1 pbc="T T T"
 OpenBabel12102409443D
Lattice="14.25897278 0.0 0.0 0.0 13.8136515 0.0 0.0 0.0 14.12135202" Properties=species:S:1:pos:R:3:GW_charged:R:1:dKS_charged:R:1:dKS_neutral:R:1 pbc="T T T"
 19 19  0  0  0  0  0  0  0  0999 V2000
    5.2012    8.6516    8.5317 C   0  0  0  0  0  0  0  0  0  0  0  0
    5.6790    7.2091    8.7562 C   0  0  0  0  0  0  0  0  0  0  0  0
    6.3639    6.6219    7.5590 C   0  0  0  0  0  0  0  0  0  0  0  0
    7.6998    6.3398    7.4155 C   0  0  0  0  0  0  0  0  0  0  0  0
    8.8746    6.4257    8.3185 C   0  0  0  0  0  0  0  0  0  0  0  0
    9.1568    5.2092    9.0377 O   0  0  0  0  0  0  0  0  0  0  0  0
    7.9402    5.8179    6.1585 O   0  0  0  0  0  0  0  0  0  0  0  0
    6.7411    5.7784    5.5108 C   0  0  0  0  0  0  0  0  0  0  0  0
    5.7495    6.2599    6.3119 C   0  0  0  0  0  0  0  0  0  0  0  0
    6.0479    9.3137    8.3050 H   0  0  0  0  0  0  0  0  0  0  0  0
    4.5000    8.7126    7.6882 H   0  0  0  0  0  0  0  0  0  0  0  0
    4.6908    9.0418    9.4227 H   0  0  0  0  0  0  0  0  0  0  0  0
    6.3563    7.1715    9.6214 H   0  0  0  0  0  0  0  0  0  0  0  0
    4.8175    6.5762    9.0224 H   0  0  0  0  0  0  0  0  0  0  0  0
    9.7590    6.7475    7.7408 H   0  0  0  0  0  0  0  0  0  0  0  0
    8.6898    7.1813    9.0919 H   0  0  0  0  0  0  0  0  0  0  0  0
    9.2528    4.5000    8.3828 H   0  0  0  0  0  0  0  0  0  0  0  0
    6.7628    5.3893    4.5000 H   0  0  0  0  0  0  0  0  0  0  0  0
    4.6997    6.3472    6.0514 H   0  0  0  0  0  0  0  0  0  0  0  0
  1  2  1  0  0  0  0
  1 12  1  0  0  0  0
  2 14  1  0  0  0  0
  2 13  1  0  0  0  0
  3  2  1  0  0  0  0
  4  3  2  0  0  0  0
  4  5  1  0  0  0  0
  5  6  1  0  0  0  0
  5 16  1  0  0  0  0
  7  4  1  0  0  0  0
  8  7  1  0  0  0  0
  8  9  2  0  0  0  0
  9  3  1  0  0  0  0
 10  1  1  0  0  0  0
 11  1  1  0  0  0  0
 15  5  1  0  0  0  0
 17  6  1  0  0  0  0
 18  8  1  0  0  0  0
 19  9  1  0  0  0  0
M  END
