Lattice="13.341362329999999 0.0 0.0 0.0 15.72653707 0.0 0.0 0.0 12.9948692" Properties=species:S:1:pos:R:3:GW_charged:R:1:dKS_charged:R:1:dKS_neutral:R:1 pbc="T T T"
 OpenBabel12102409453D
Lattice="13.341362329999999 0.0 0.0 0.0 15.72653707 0.0 0.0 0.0 12.9948692" Properties=species:S:1:pos:R:3:GW_charged:R:1:dKS_charged:R:1:dKS_neutral:R:1 pbc="T T T"
 19 21  0  0  1  0  0  0  0  0999 V2000
    6.6433    5.5686    6.6740 C   0  0  0  0  0  0  0  0  0  0  0  0
    6.6038    6.7814    6.6606 C   0  0  0  0  0  0  0  0  0  0  0  0
    6.5535    8.2107    6.6490 C   0  0  1  0  0  0  0  0  0  0  0  0
    5.5111    9.0533    7.4094 C   0  0  0  0  0  0  0  0  0  0  0  0
    5.9852   10.1888    6.4701 C   0  0  1  0  0  0  0  0  0  0  0  0
    7.4212   10.4227    6.9821 C   0  0  0  0  0  0  0  0  0  0  0  0
    7.9407    9.0324    6.5785 C   0  0  2  0  0  0  0  0  0  0  0  0
    7.7798    9.0750    5.0379 C   0  0  0  0  0  0  0  0  0  0  0  0
    6.2835    9.0903    5.3591 C   0  0  1  0  0  0  0  0  0  0  0  0
    6.6745    4.5000    6.6870 H   0  0  0  0  0  0  0  0  0  0  0  0
    4.5000    8.6977    7.1717 H   0  0  0  0  0  0  0  0  0  0  0  0
    5.6194    9.1911    8.4949 H   0  0  0  0  0  0  0  0  0  0  0  0
    5.3560   11.0586    6.2599 H   0  0  0  0  0  0  0  0  0  0  0  0
    7.9605   11.2265    6.4623 H   0  0  0  0  0  0  0  0  0  0  0  0
    7.4493   10.6226    8.0617 H   0  0  0  0  0  0  0  0  0  0  0  0
    8.8414    8.6384    7.0589 H   0  0  0  0  0  0  0  0  0  0  0  0
    8.2317    9.9207    4.5000 H   0  0  0  0  0  0  0  0  0  0  0  0
    8.0646    8.1283    4.5609 H   0  0  0  0  0  0  0  0  0  0  0  0
    5.4876    8.8440    4.6492 H   0  0  0  0  0  0  0  0  0  0  0  0
  1 10  1  0  0  0  0
  2  1  3  0  0  0  0
  3  2  1  6  0  0  0
  3  4  1  0  0  0  0
  4 12  1  0  0  0  0
  5 13  1  6  0  0  0
  5  6  1  0  0  0  0
  5  4  1  0  0  0  0
  6 15  1  0  0  0  0
  7  3  1  0  0  0  0
  7  6  1  0  0  0  0
  7 16  1  1  0  0  0
  8  9  1  0  0  0  0
  8  7  1  0  0  0  0
  9 19  1  6  0  0  0
  9  5  1  0  0  0  0
  9  3  1  0  0  0  0
 11  4  1  0  0  0  0
 14  6  1  0  0  0  0
 17  8  1  0  0  0  0
 18  8  1  0  0  0  0
M  END
