Lattice="13.52573424 0.0 0.0 0.0 12.89784311 0.0 0.0 0.0 12.96484747" Properties=species:S:1:pos:R:3:GW_charged:R:1:dKS_charged:R:1:dKS_neutral:R:1 pbc="T T T"
 OpenBabel12102409323D
Lattice="13.52573424 0.0 0.0 0.0 12.89784311 0.0 0.0 0.0 12.96484747" Properties=species:S:1:pos:R:3:GW_charged:R:1:dKS_charged:R:1:dKS_neutral:R:1 pbc="T T T"
 15 15  0  0  1  0  0  0  0  0999 V2000
    7.4603    7.8980    5.7500 C   0  0  0  0  0  0  0  0  0  0  0  0
    7.3398    6.3975    5.8817 C   0  0  1  0  0  0  0  0  0  0  0  0
    5.9667    5.8700    6.2815 C   0  0  0  0  0  0  0  0  0  0  0  0
    5.5533    6.3418    7.6594 C   0  0  0  0  0  0  0  0  0  0  0  0
    4.5000    6.8878    7.9122 O   0  0  0  0  0  0  0  0  0  0  0  0
    8.2608    5.5123    5.1479 C   0  0  0  0  0  0  0  0  0  0  0  0
    8.4461    5.7461    6.5549 O   0  0  0  0  0  0  0  0  0  0  0  0
    8.4837    8.1821    5.4789 H   0  0  0  0  0  0  0  0  0  0  0  0
    6.7743    8.2744    4.9781 H   0  0  0  0  0  0  0  0  0  0  0  0
    7.2036    8.3978    6.6949 H   0  0  0  0  0  0  0  0  0  0  0  0
    5.1988    6.1708    5.5553 H   0  0  0  0  0  0  0  0  0  0  0  0
    6.0096    4.7689    6.3117 H   0  0  0  0  0  0  0  0  0  0  0  0
    6.3058    6.1484    8.4648 H   0  0  0  0  0  0  0  0  0  0  0  0
    7.9428    4.5000    4.8790 H   0  0  0  0  0  0  0  0  0  0  0  0
    9.0257    5.9508    4.5000 H   0  0  0  0  0  0  0  0  0  0  0  0
  1 10  1  0  0  0  0
  2  1  1  6  0  0  0
  2  3  1  0  0  0  0
  2  7  1  0  0  0  0
  3 12  1  0  0  0  0
  3  4  1  0  0  0  0
  4  5  2  0  0  0  0
  4 13  1  0  0  0  0
  6  2  1  0  0  0  0
  6  7  1  0  0  0  0
  8  1  1  0  0  0  0
  9  1  1  0  0  0  0
 11  3  1  0  0  0  0
 14  6  1  0  0  0  0
 15  6  1  0  0  0  0
M  END
