Lattice="13.98452322 0.0 0.0 0.0 12.64968898 0.0 0.0 0.0 14.47989038" Properties=species:S:1:pos:R:3:GW_charged:R:1:dKS_charged:R:1:dKS_neutral:R:1 pbc="T T T"
 OpenBabel12102411063D
Lattice="13.98452322 0.0 0.0 0.0 12.64968898 0.0 0.0 0.0 14.47989038" Properties=species:S:1:pos:R:3:GW_charged:R:1:dKS_charged:R:1:dKS_neutral:R:1 pbc="T T T"
 21 23  0  0  1  0  0  0  0  0999 V2000
    6.7832    7.4424    5.5428 C   0  0  0  0  0  0  0  0  0  0  0  0
    8.0938    6.7725    5.8725 C   0  0  1  0  0  0  0  0  0  0  0  0
    8.6043    6.8971    7.3014 C   0  0  0  0  0  0  0  0  0  0  0  0
    7.4681    6.4094    8.2073 C   0  0  1  0  0  0  0  0  0  0  0  0
    6.6853    7.5078    8.7031 O   0  0  0  0  0  0  0  0  0  0  0  0
    5.3994    6.9592    9.0012 C   0  0  0  0  0  0  0  0  0  0  0  0
    5.0881    5.9657    7.8656 C   0  0  0  0  0  0  0  0  0  0  0  0
    6.4893    5.5752    7.3310 C   0  0  1  0  0  0  0  0  0  0  0  0
    6.8066    5.9714    5.8934 C   0  0  1  0  0  0  0  0  0  0  0  0
    6.3731    8.1497    6.2637 H   0  0  0  0  0  0  0  0  0  0  0  0
    6.6012    7.6993    4.5000 H   0  0  0  0  0  0  0  0  0  0  0  0
    8.8231    6.6414    5.0734 H   0  0  0  0  0  0  0  0  0  0  0  0
    9.4845    6.2519    7.4379 H   0  0  0  0  0  0  0  0  0  0  0  0
    8.9019    7.9192    7.5761 H   0  0  0  0  0  0  0  0  0  0  0  0
    7.8454    5.8251    9.0679 H   0  0  0  0  0  0  0  0  0  0  0  0
    5.4260    6.4409    9.9799 H   0  0  0  0  0  0  0  0  0  0  0  0
    4.6926    7.7955    9.0723 H   0  0  0  0  0  0  0  0  0  0  0  0
    4.5189    5.1005    8.2274 H   0  0  0  0  0  0  0  0  0  0  0  0
    4.5000    6.4463    7.0734 H   0  0  0  0  0  0  0  0  0  0  0  0
    6.6784    4.5000    7.4582 H   0  0  0  0  0  0  0  0  0  0  0  0
    6.5807    5.2562    5.1028 H   0  0  0  0  0  0  0  0  0  0  0  0
  1  2  1  0  0  0  0
  1  9  1  0  0  0  0
  1 10  1  0  0  0  0
  2 12  1  6  0  0  0
  2  9  1  0  0  0  0
  2  3  1  0  0  0  0
  3 13  1  0  0  0  0
  3 14  1  0  0  0  0
  3  4  1  0  0  0  0
  4  5  1  0  0  0  0
  4 15  1  1  0  0  0
  5  6  1  0  0  0  0
  6 17  1  0  0  0  0
  6 16  1  0  0  0  0
  7 18  1  0  0  0  0
  7  6  1  0  0  0  0
  8 20  1  1  0  0  0
  8  7  1  0  0  0  0
  8  4  1  0  0  0  0
  9 21  1  6  0  0  0
  9  8  1  0  0  0  0
 11  1  1  0  0  0  0
 19  7  1  0  0  0  0
M  END
