Lattice="13.552715769999999 0.0 0.0 0.0 13.663881570000001 0.0 0.0 0.0 13.83423699" Properties=species:S:1:pos:R:3:GW_charged:R:1:dKS_charged:R:1:dKS_neutral:R:1 pbc="T T T"
 OpenBabel12102411043D
Lattice="13.552715769999999 0.0 0.0 0.0 13.663881570000001 0.0 0.0 0.0 13.83423699" Properties=species:S:1:pos:R:3:GW_charged:R:1:dKS_charged:R:1:dKS_neutral:R:1 pbc="T T T"
 21 23  0  0  1  0  0  0  0  0999 V2000
    5.4467    8.6567    6.8626 C   0  0  0  0  0  0  0  0  0  0  0  0
    6.9314    8.1917    6.9197 C   0  0  1  0  0  0  0  0  0  0  0  0
    6.4607    7.1647    8.0014 C   0  0  2  0  0  0  0  0  0  0  0  0
    7.3033    5.9801    8.4595 C   0  0  0  0  0  0  0  0  0  0  0  0
    8.2639    5.3806    7.4424 C   0  0  0  0  0  0  0  0  0  0  0  0
    7.5947    4.9300    6.2711 O   0  0  0  0  0  0  0  0  0  0  0  0
    7.3660    5.9760    5.3398 C   0  0  0  0  0  0  0  0  0  0  0  0
    6.5393    7.1741    5.7911 C   0  0  1  0  0  0  0  0  0  0  0  0
    5.3958    7.0997    6.8503 C   0  0  2  0  0  0  0  0  0  0  0  0
    5.0569    9.1496    7.7629 H   0  0  0  0  0  0  0  0  0  0  0  0
    5.1280    9.1639    5.9425 H   0  0  0  0  0  0  0  0  0  0  0  0
    7.8217    8.8347    6.9511 H   0  0  0  0  0  0  0  0  0  0  0  0
    6.0490    7.6613    8.8952 H   0  0  0  0  0  0  0  0  0  0  0  0
    7.8962    6.2979    9.3342 H   0  0  0  0  0  0  0  0  0  0  0  0
    6.6277    5.1870    8.8197 H   0  0  0  0  0  0  0  0  0  0  0  0
    9.0527    6.1099    7.1698 H   0  0  0  0  0  0  0  0  0  0  0  0
    8.7643    4.5000    7.8711 H   0  0  0  0  0  0  0  0  0  0  0  0
    8.3367    6.3501    4.9504 H   0  0  0  0  0  0  0  0  0  0  0  0
    6.8432    5.4956    4.5000 H   0  0  0  0  0  0  0  0  0  0  0  0
    6.2329    7.6954    4.8668 H   0  0  0  0  0  0  0  0  0  0  0  0
    4.5000    6.4660    6.8165 H   0  0  0  0  0  0  0  0  0  0  0  0
  1  2  1  0  0  0  0
  1 10  1  0  0  0  0
  2 12  1  1  0  0  0
  2  3  1  0  0  0  0
  3  4  1  0  0  0  0
  3 13  1  1  0  0  0
  4 15  1  0  0  0  0
  4 14  1  0  0  0  0
  5 17  1  0  0  0  0
  5  4  1  0  0  0  0
  6  5  1  0  0  0  0
  7  8  1  0  0  0  0
  7  6  1  0  0  0  0
  8 20  1  6  0  0  0
  8  9  1  0  0  0  0
  8  2  1  0  0  0  0
  9 21  1  6  0  0  0
  9  1  1  0  0  0  0
  9  3  1  0  0  0  0
 11  1  1  0  0  0  0
 16  5  1  0  0  0  0
 18  7  1  0  0  0  0
 19  7  1  0  0  0  0
M  END
