Lattice="13.50270753 0.0 0.0 0.0 14.8381334 0.0 0.0 0.0 12.28841914" Properties=species:S:1:pos:R:3:GW_charged:R:1:dKS_charged:R:1:dKS_neutral:R:1 pbc="T T T"
 OpenBabel12102409263D
Lattice="13.50270753 0.0 0.0 0.0 14.8381334 0.0 0.0 0.0 12.28841914" Properties=species:S:1:pos:R:3:GW_charged:R:1:dKS_charged:R:1:dKS_neutral:R:1 pbc="T T T"
 20 19  0  0  0  0  0  0  0  0999 V2000
    7.9899    9.8873    6.7864 C   0  0  0  0  0  0  0  0  0  0  0  0
    8.0189    8.3617    6.6740 C   0  0  0  0  0  0  0  0  0  0  0  0
    6.6205    7.7361    6.6740 C   0  0  0  0  0  0  0  0  0  0  0  0
    6.5801    6.1972    6.6669 C   0  0  0  0  0  0  0  0  0  0  0  0
    5.1436    5.6962    6.8597 C   0  0  0  0  0  0  0  0  0  0  0  0
    7.1961    5.5976    5.3961 C   0  0  0  0  0  0  0  0  0  0  0  0
    9.0027   10.3128    6.7835 H   0  0  0  0  0  0  0  0  0  0  0  0
    7.4386   10.3381    5.9482 H   0  0  0  0  0  0  0  0  0  0  0  0
    7.4963   10.2103    7.7148 H   0  0  0  0  0  0  0  0  0  0  0  0
    8.5583    8.0779    5.7570 H   0  0  0  0  0  0  0  0  0  0  0  0
    8.6023    7.9415    7.5105 H   0  0  0  0  0  0  0  0  0  0  0  0
    6.0752    8.0946    7.5641 H   0  0  0  0  0  0  0  0  0  0  0  0
    6.0520    8.1122    5.8041 H   0  0  0  0  0  0  0  0  0  0  0  0
    7.1769    5.8472    7.5290 H   0  0  0  0  0  0  0  0  0  0  0  0
    4.5000    6.0182    6.0263 H   0  0  0  0  0  0  0  0  0  0  0  0
    5.1031    4.5986    6.9031 H   0  0  0  0  0  0  0  0  0  0  0  0
    4.7030    6.0859    7.7884 H   0  0  0  0  0  0  0  0  0  0  0  0
    8.2530    5.8707    5.2776 H   0  0  0  0  0  0  0  0  0  0  0  0
    7.1397    4.5000    5.4102 H   0  0  0  0  0  0  0  0  0  0  0  0
    6.6587    5.9455    4.5000 H   0  0  0  0  0  0  0  0  0  0  0  0
  1  9  1  0  0  0  0
  2  3  1  0  0  0  0
  2  1  1  0  0  0  0
  2 11  1  0  0  0  0
  3 12  1  0  0  0  0
  4  3  1  0  0  0  0
  4  5  1  0  0  0  0
  4 14  1  0  0  0  0
  5 16  1  0  0  0  0
  5 17  1  0  0  0  0
  6 19  1  0  0  0  0
  6  4  1  0  0  0  0
  7  1  1  0  0  0  0
  8  1  1  0  0  0  0
 10  2  1  0  0  0  0
 13  3  1  0  0  0  0
 15  5  1  0  0  0  0
 18  6  1  0  0  0  0
 20  6  1  0  0  0  0
M  END
