Lattice="13.73309617 0.0 0.0 0.0 12.831261099999999 0.0 0.0 0.0 13.56339442" Properties=species:S:1:pos:R:3:GW_charged:R:1:dKS_charged:R:1:dKS_neutral:R:1 pbc="T T T"
 OpenBabel12102409323D
Lattice="13.73309617 0.0 0.0 0.0 12.831261099999999 0.0 0.0 0.0 13.56339442" Properties=species:S:1:pos:R:3:GW_charged:R:1:dKS_charged:R:1:dKS_neutral:R:1 pbc="T T T"
 17 17  0  0  0  0  0  0  0  0999 V2000
    6.9041    7.7978    7.4242 C   0  0  0  0  0  0  0  0  0  0  0  0
    7.0433    6.3029    7.2072 C   0  0  0  0  0  0  0  0  0  0  0  0
    5.8210    5.6395    6.5828 C   0  0  0  0  0  0  0  0  0  0  0  0
    5.5644    6.1211    5.1731 C   0  0  0  0  0  0  0  0  0  0  0  0
    4.5000    6.5275    4.7567 O   0  0  0  0  0  0  0  0  0  0  0  0
    8.4084    5.7537    6.8473 C   0  0  0  0  0  0  0  0  0  0  0  0
    7.8307    5.5068    8.2217 C   0  0  0  0  0  0  0  0  0  0  0  0
    7.8063    8.2172    7.8888 H   0  0  0  0  0  0  0  0  0  0  0  0
    6.7398    8.3313    6.4761 H   0  0  0  0  0  0  0  0  0  0  0  0
    6.0517    8.0221    8.0824 H   0  0  0  0  0  0  0  0  0  0  0  0
    5.9888    4.5496    6.5208 H   0  0  0  0  0  0  0  0  0  0  0  0
    4.9160    5.8044    7.1856 H   0  0  0  0  0  0  0  0  0  0  0  0
    6.4613    6.0857    4.5000 H   0  0  0  0  0  0  0  0  0  0  0  0
    8.4661    4.9118    6.1580 H   0  0  0  0  0  0  0  0  0  0  0  0
    9.2331    6.4593    6.7548 H   0  0  0  0  0  0  0  0  0  0  0  0
    8.2627    6.0468    9.0634 H   0  0  0  0  0  0  0  0  0  0  0  0
    7.4921    4.5000    8.4643 H   0  0  0  0  0  0  0  0  0  0  0  0
  1  8  1  0  0  0  0
  1 10  1  0  0  0  0
  2  1  1  0  0  0  0
  2  7  1  0  0  0  0
  3 12  1  0  0  0  0
  3  2  1  0  0  0  0
  4  3  1  0  0  0  0
  5  4  2  0  0  0  0
  6  2  1  0  0  0  0
  6  7  1  0  0  0  0
  7 17  1  0  0  0  0
  7 16  1  0  0  0  0
  9  1  1  0  0  0  0
 11  3  1  0  0  0  0
 13  4  1  0  0  0  0
 14  6  1  0  0  0  0
 15  6  1  0  0  0  0
M  END
