Lattice="13.2495318 0.0 0.0 0.0 12.83935512 0.0 0.0 0.0 14.4761934" Properties=species:S:1:pos:R:3:GW_charged:R:1:dKS_charged:R:1:dKS_neutral:R:1 pbc="T T T"
 OpenBabel12102411043D
Lattice="13.2495318 0.0 0.0 0.0 12.83935512 0.0 0.0 0.0 14.4761934" Properties=species:S:1:pos:R:3:GW_charged:R:1:dKS_charged:R:1:dKS_neutral:R:1 pbc="T T T"
 23 25  0  0  1  0  0  0  0  0999 V2000
    5.7956    7.7044    9.0429 C   0  0  0  0  0  0  0  0  0  0  0  0
    7.1055    6.9732    9.1342 C   0  0  1  0  0  0  0  0  0  0  0  0
    5.7769    6.2026    9.1127 C   0  0  2  0  0  0  0  0  0  0  0  0
    6.1259    5.5827    7.7484 C   0  0  1  0  0  0  0  0  0  0  0  0
    5.2018    5.8766    6.5555 C   0  0  0  0  0  0  0  0  0  0  0  0
    5.9814    6.3193    5.3097 C   0  0  0  0  0  0  0  0  0  0  0  0
    6.8733    7.5263    5.6211 C   0  0  0  0  0  0  0  0  0  0  0  0
    7.9923    7.1605    6.6111 C   0  0  0  0  0  0  0  0  0  0  0  0
    7.5236    6.3225    7.8114 C   0  0  1  0  0  0  0  0  0  0  0  0
    5.4921    8.2074    9.9610 H   0  0  0  0  0  0  0  0  0  0  0  0
    5.4983    8.2348    8.1367 H   0  0  0  0  0  0  0  0  0  0  0  0
    7.7785    7.1337    9.9762 H   0  0  0  0  0  0  0  0  0  0  0  0
    5.2845    5.6807    9.9322 H   0  0  0  0  0  0  0  0  0  0  0  0
    6.2858    4.5000    7.8354 H   0  0  0  0  0  0  0  0  0  0  0  0
    4.5829    4.9954    6.3302 H   0  0  0  0  0  0  0  0  0  0  0  0
    4.5000    6.6823    6.8246 H   0  0  0  0  0  0  0  0  0  0  0  0
    6.6061    5.4885    4.9372 H   0  0  0  0  0  0  0  0  0  0  0  0
    5.2777    6.5637    4.5000 H   0  0  0  0  0  0  0  0  0  0  0  0
    7.3227    7.9191    4.6967 H   0  0  0  0  0  0  0  0  0  0  0  0
    6.2479    8.3394    6.0250 H   0  0  0  0  0  0  0  0  0  0  0  0
    8.7495    6.5824    6.0569 H   0  0  0  0  0  0  0  0  0  0  0  0
    8.5022    8.0685    6.9692 H   0  0  0  0  0  0  0  0  0  0  0  0
    8.2899    5.5679    8.0352 H   0  0  0  0  0  0  0  0  0  0  0  0
  1  3  1  0  0  0  0
  1  2  1  0  0  0  0
  1 10  1  0  0  0  0
  2 12  1  1  0  0  0
  3  2  1  0  0  0  0
  3 13  1  1  0  0  0
  4  9  1  0  0  0  0
  4 14  1  1  0  0  0
  4  3  1  0  0  0  0
  5 16  1  0  0  0  0
  5  4  1  0  0  0  0
  6  7  1  0  0  0  0
  6  5  1  0  0  0  0
  7 20  1  0  0  0  0
  7  8  1  0  0  0  0
  8 22  1  0  0  0  0
  8  9  1  0  0  0  0
  9 23  1  1  0  0  0
  9  2  1  0  0  0  0
 11  1  1  0  0  0  0
 15  5  1  0  0  0  0
 17  6  1  0  0  0  0
 18  6  1  0  0  0  0
 19  7  1  0  0  0  0
 21  8  1  0  0  0  0
M  END
