Lattice="14.69020695 0.0 0.0 0.0 13.86603955 0.0 0.0 0.0 12.656363240000001" Properties=species:S:1:pos:R:3:GW_charged:R:1:dKS_charged:R:1:dKS_neutral:R:1 pbc="T T T"
 OpenBabel12102409403D
Lattice="14.69020695 0.0 0.0 0.0 13.86603955 0.0 0.0 0.0 12.656363240000001" Properties=species:S:1:pos:R:3:GW_charged:R:1:dKS_charged:R:1:dKS_neutral:R:1 pbc="T T T"
 22 22  0  0  0  0  0  0  0  0999 V2000
    6.2787    8.7958    6.0633 C   0  0  0  0  0  0  0  0  0  0  0  0
    6.5421    7.2896    6.0892 C   0  0  0  0  0  0  0  0  0  0  0  0
    5.2570    6.5052    5.8409 C   0  0  0  0  0  0  0  0  0  0  0  0
    7.7570    6.8691    5.1969 C   0  0  0  0  0  0  0  0  0  0  0  0
    8.6357    6.6731    6.4583 C   0  0  0  0  0  0  0  0  0  0  0  0
    9.4044    5.3670    6.5844 C   0  0  0  0  0  0  0  0  0  0  0  0
    9.5262    7.7986    6.5505 O   0  0  0  0  0  0  0  0  0  0  0  0
    7.3603    6.8351    7.3435 C   0  0  0  0  0  0  0  0  0  0  0  0
    7.2007    9.3660    6.2371 H   0  0  0  0  0  0  0  0  0  0  0  0
    5.8684    9.1039    5.0896 H   0  0  0  0  0  0  0  0  0  0  0  0
    5.5510    9.0790    6.8391 H   0  0  0  0  0  0  0  0  0  0  0  0
    4.8241    6.7557    4.8605 H   0  0  0  0  0  0  0  0  0  0  0  0
    5.4376    5.4204    5.8592 H   0  0  0  0  0  0  0  0  0  0  0  0
    4.5000    6.7317    6.6070 H   0  0  0  0  0  0  0  0  0  0  0  0
    7.5863    5.9327    4.6488 H   0  0  0  0  0  0  0  0  0  0  0  0
    8.1373    7.6265    4.5000 H   0  0  0  0  0  0  0  0  0  0  0  0
   10.1902    5.3113    5.8184 H   0  0  0  0  0  0  0  0  0  0  0  0
    9.8815    5.2863    7.5742 H   0  0  0  0  0  0  0  0  0  0  0  0
    8.7401    4.5000    6.4661 H   0  0  0  0  0  0  0  0  0  0  0  0
    9.9681    7.7548    7.4142 H   0  0  0  0  0  0  0  0  0  0  0  0
    7.4486    7.5690    8.1564 H   0  0  0  0  0  0  0  0  0  0  0  0
    7.0078    5.8826    7.7636 H   0  0  0  0  0  0  0  0  0  0  0  0
  1  2  1  0  0  0  0
  1  9  1  0  0  0  0
  1 11  1  0  0  0  0
  2  8  1  0  0  0  0
  3 13  1  0  0  0  0
  3  2  1  0  0  0  0
  3 14  1  0  0  0  0
  4  2  1  0  0  0  0
  4  5  1  0  0  0  0
  5  7  1  0  0  0  0
  5  6  1  0  0  0  0
  5  8  1  0  0  0  0
  6 18  1  0  0  0  0
  7 20  1  0  0  0  0
  8 22  1  0  0  0  0
  8 21  1  0  0  0  0
 10  1  1  0  0  0  0
 12  3  1  0  0  0  0
 15  4  1  0  0  0  0
 16  4  1  0  0  0  0
 17  6  1  0  0  0  0
 19  6  1  0  0  0  0
M  END
