Lattice="13.75000197 0.0 0.0 0.0 13.10196514 0.0 0.0 0.0 14.757236540000001" Properties=species:S:1:pos:R:3:GW_charged:R:1:dKS_charged:R:1:dKS_neutral:R:1 pbc="T T T"
 OpenBabel12102411053D
Lattice="13.75000197 0.0 0.0 0.0 13.10196514 0.0 0.0 0.0 14.757236540000001" Properties=species:S:1:pos:R:3:GW_charged:R:1:dKS_charged:R:1:dKS_neutral:R:1 pbc="T T T"
 21 23  0  0  1  0  0  0  0  0999 V2000
    6.8953    8.0214    8.3708 C   0  0  0  0  0  0  0  0  0  0  0  0
    8.4011    7.6686    8.2417 C   0  0  1  0  0  0  0  0  0  0  0  0
    8.1230    6.4823    9.2220 C   0  0  0  0  0  0  0  0  0  0  0  0
    6.9532    6.4675    8.1982 C   0  0  1  0  0  0  0  0  0  0  0  0
    5.7996    5.5455    7.9164 C   0  0  0  0  0  0  0  0  0  0  0  0
    5.4239    5.6653    6.4551 C   0  0  0  0  0  0  0  0  0  0  0  0
    6.1237    6.3291    5.5196 C   0  0  0  0  0  0  0  0  0  0  0  0
    7.4229    7.0728    5.7419 C   0  0  0  0  0  0  0  0  0  0  0  0
    8.0219    6.6853    7.0889 C   0  0  1  0  0  0  0  0  0  0  0  0
    6.5618    8.3806    9.3543 H   0  0  0  0  0  0  0  0  0  0  0  0
    6.4360    8.6020    7.5620 H   0  0  0  0  0  0  0  0  0  0  0  0
    9.2500    8.3632    8.2810 H   0  0  0  0  0  0  0  0  0  0  0  0
    8.8205    5.6338    9.1749 H   0  0  0  0  0  0  0  0  0  0  0  0
    7.8762    6.7557   10.2572 H   0  0  0  0  0  0  0  0  0  0  0  0
    6.0725    4.5000    8.1451 H   0  0  0  0  0  0  0  0  0  0  0  0
    4.9280    5.7747    8.5512 H   0  0  0  0  0  0  0  0  0  0  0  0
    4.5000    5.1674    6.1500 H   0  0  0  0  0  0  0  0  0  0  0  0
    5.7292    6.3414    4.5000 H   0  0  0  0  0  0  0  0  0  0  0  0
    8.1224    6.8371    4.9250 H   0  0  0  0  0  0  0  0  0  0  0  0
    7.2424    8.1583    5.6564 H   0  0  0  0  0  0  0  0  0  0  0  0
    8.7168    5.8368    6.9844 H   0  0  0  0  0  0  0  0  0  0  0  0
  1 10  1  0  0  0  0
  2 12  1  1  0  0  0
  2  1  1  0  0  0  0
  2  3  1  0  0  0  0
  3 14  1  0  0  0  0
  4  5  1  6  0  0  0
  4  1  1  0  0  0  0
  4  3  1  0  0  0  0
  5 15  1  0  0  0  0
  5 16  1  0  0  0  0
  6  5  1  0  0  0  0
  7  8  1  0  0  0  0
  7  6  2  0  0  0  0
  8  9  1  0  0  0  0
  9 21  1  6  0  0  0
  9  4  1  0  0  0  0
  9  2  1  0  0  0  0
 11  1  1  0  0  0  0
 13  3  1  0  0  0  0
 17  6  1  0  0  0  0
 18  7  1  0  0  0  0
 19  8  1  0  0  0  0
 20  8  1  0  0  0  0
M  END
