Lattice="12.482156 0.0 0.0 0.0 14.06010515 0.0 0.0 0.0 12.4358593" Properties=species:S:1:pos:R:3:GW_charged:R:1:dKS_charged:R:1:dKS_neutral:R:1 pbc="T T T"
 OpenBabel12102409273D
Lattice="12.482156 0.0 0.0 0.0 14.06010515 0.0 0.0 0.0 12.4358593" Properties=species:S:1:pos:R:3:GW_charged:R:1:dKS_charged:R:1:dKS_neutral:R:1 pbc="T T T"
 15 14  0  0  1  0  0  0  0  0999 V2000
    6.3437    9.0577    7.1560 C   0  0  0  0  0  0  0  0  0  0  0  0
    6.4376    7.6463    7.0407 O   0  0  0  0  0  0  0  0  0  0  0  0
    5.5561    7.1257    6.0625 C   0  0  0  0  0  0  0  0  0  0  0  0
    5.7340    5.5973    6.0133 C   0  0  1  0  0  0  0  0  0  0  0  0
    4.7167    5.0184    5.2350 O   0  0  0  0  0  0  0  0  0  0  0  0
    7.0980    5.2239    5.4726 C   0  0  0  0  0  0  0  0  0  0  0  0
    7.2104    4.5000    4.5000 O   0  0  0  0  0  0  0  0  0  0  0  0
    6.6102    9.5601    6.2086 H   0  0  0  0  0  0  0  0  0  0  0  0
    5.3249    9.3714    7.4461 H   0  0  0  0  0  0  0  0  0  0  0  0
    7.0493    9.3648    7.9359 H   0  0  0  0  0  0  0  0  0  0  0  0
    4.5000    7.3367    6.3133 H   0  0  0  0  0  0  0  0  0  0  0  0
    5.7580    7.5623    5.0648 H   0  0  0  0  0  0  0  0  0  0  0  0
    5.6937    5.2316    7.0610 H   0  0  0  0  0  0  0  0  0  0  0  0
    5.1866    4.5027    4.5450 H   0  0  0  0  0  0  0  0  0  0  0  0
    7.9822    5.6453    5.9986 H   0  0  0  0  0  0  0  0  0  0  0  0
  1  9  1  0  0  0  0
  1 10  1  0  0  0  0
  2  1  1  0  0  0  0
  3 11  1  0  0  0  0
  3  2  1  0  0  0  0
  4  3  1  0  0  0  0
  4 13  1  1  0  0  0
  5  4  1  0  0  0  0
  6 15  1  0  0  0  0
  6  4  1  0  0  0  0
  7  6  2  0  0  0  0
  8  1  1  0  0  0  0
 12  3  1  0  0  0  0
 14  5  1  0  0  0  0
M  END
