Lattice="13.46575755 0.0 0.0 0.0 14.977973769999998 0.0 0.0 0.0 12.94064436" Properties=species:S:1:pos:R:3:GW_charged:R:1:dKS_charged:R:1:dKS_neutral:R:1 pbc="T T T"
 OpenBabel12102409393D
Lattice="13.46575755 0.0 0.0 0.0 14.977973769999998 0.0 0.0 0.0 12.94064436" Properties=species:S:1:pos:R:3:GW_charged:R:1:dKS_charged:R:1:dKS_neutral:R:1 pbc="T T T"
 17 17  0  0  1  0  0  0  0  0999 V2000
    7.2180    9.7166    7.7685 C   0  0  0  0  0  0  0  0  0  0  0  0
    6.4514    8.8509    6.9409 O   0  0  0  0  0  0  0  0  0  0  0  0
    7.2435    8.1564    6.0291 C   0  0  1  0  0  0  0  0  0  0  0  0
    7.9713    6.8961    6.4728 C   0  0  0  0  0  0  0  0  0  0  0  0
    6.7601    6.8224    5.5549 C   0  0  1  0  0  0  0  0  0  0  0  0
    5.5464    6.3534    6.0532 O   0  0  0  0  0  0  0  0  0  0  0  0
    5.4847    4.9329    6.0681 C   0  0  0  0  0  0  0  0  0  0  0  0
    7.9570    9.1557    8.3667 H   0  0  0  0  0  0  0  0  0  0  0  0
    7.7532   10.4780    7.1723 H   0  0  0  0  0  0  0  0  0  0  0  0
    6.5131   10.2186    8.4406 H   0  0  0  0  0  0  0  0  0  0  0  0
    7.7427    8.7932    5.2874 H   0  0  0  0  0  0  0  0  0  0  0  0
    8.9658    6.6722    6.0890 H   0  0  0  0  0  0  0  0  0  0  0  0
    7.7841    6.5974    7.5041 H   0  0  0  0  0  0  0  0  0  0  0  0
    6.9400    6.5780    4.5000 H   0  0  0  0  0  0  0  0  0  0  0  0
    5.5915    4.5120    5.0518 H   0  0  0  0  0  0  0  0  0  0  0  0
    6.2701    4.5000    6.7119 H   0  0  0  0  0  0  0  0  0  0  0  0
    4.5000    4.6628    6.4659 H   0  0  0  0  0  0  0  0  0  0  0  0
  1  8  1  0  0  0  0
  1 10  1  0  0  0  0
  2  1  1  0  0  0  0
  3 11  1  6  0  0  0
  3  4  1  0  0  0  0
  3  2  1  0  0  0  0
  4 13  1  0  0  0  0
  5 14  1  6  0  0  0
  5  3  1  0  0  0  0
  5  6  1  0  0  0  0
  5  4  1  0  0  0  0
  6  7  1  0  0  0  0
  7 17  1  0  0  0  0
  7 16  1  0  0  0  0
  9  1  1  0  0  0  0
 12  4  1  0  0  0  0
 15  7  1  0  0  0  0
M  END
