Lattice="13.66976775 0.0 0.0 0.0 13.43260156 0.0 0.0 0.0 14.39110783" Properties=species:S:1:pos:R:3:GW_charged:R:1:dKS_charged:R:1:dKS_neutral:R:1 pbc="T T T"
 OpenBabel12102410123D
Lattice="13.66976775 0.0 0.0 0.0 13.43260156 0.0 0.0 0.0 14.39110783" Properties=species:S:1:pos:R:3:GW_charged:R:1:dKS_charged:R:1:dKS_neutral:R:1 pbc="T T T"
 21 24  0  0  1  0  0  0  0  0999 V2000
    6.2982    8.3354    8.8969 C   0  0  0  0  0  0  0  0  0  0  0  0
    7.6284    7.6375    8.7184 C   0  0  1  0  0  0  0  0  0  0  0  0
    6.3203    6.8288    8.8142 C   0  0  2  0  0  0  0  0  0  0  0  0
    6.4058    6.1968    7.4312 C   0  0  1  0  0  0  0  0  0  0  0  0
    5.5163    5.5948    6.3335 C   0  0  0  0  0  0  0  0  0  0  0  0
    6.4303    6.3485    5.3010 C   0  0  0  0  0  0  0  0  0  0  0  0
    6.9203    7.2989    6.4533 C   0  0  2  0  0  0  0  0  0  0  0  0
    8.1893    7.2088    7.3189 C   0  0  2  0  0  0  0  0  0  0  0  0
    7.9100    5.6849    7.4367 C   0  0  0  0  0  0  0  0  0  0  0  0
    6.1273    8.7495    9.8911 H   0  0  0  0  0  0  0  0  0  0  0  0
    5.8505    8.9326    8.1043 H   0  0  0  0  0  0  0  0  0  0  0  0
    8.3349    7.6474    9.5481 H   0  0  0  0  0  0  0  0  0  0  0  0
    6.0954    6.2293    9.6963 H   0  0  0  0  0  0  0  0  0  0  0  0
    5.4518    4.5000    6.2680 H   0  0  0  0  0  0  0  0  0  0  0  0
    4.5000    6.0125    6.3460 H   0  0  0  0  0  0  0  0  0  0  0  0
    7.1962    5.7150    4.8401 H   0  0  0  0  0  0  0  0  0  0  0  0
    5.9014    6.8779    4.5000 H   0  0  0  0  0  0  0  0  0  0  0  0
    6.4146    8.2691    6.3928 H   0  0  0  0  0  0  0  0  0  0  0  0
    9.1698    7.6230    7.0480 H   0  0  0  0  0  0  0  0  0  0  0  0
    8.2438    5.1849    8.3554 H   0  0  0  0  0  0  0  0  0  0  0  0
    8.1968    5.0933    6.5597 H   0  0  0  0  0  0  0  0  0  0  0  0
  1 10  1  0  0  0  0
  2  3  1  0  0  0  0
  2  1  1  0  0  0  0
  2 12  1  1  0  0  0
  3  1  1  0  0  0  0
  3 13  1  1  0  0  0
  4  5  1  6  0  0  0
  4  9  1  0  0  0  0
  4  3  1  0  0  0  0
  5 15  1  0  0  0  0
  6  5  1  0  0  0  0
  6  7  1  0  0  0  0
  7 18  1  1  0  0  0
  7  8  1  0  0  0  0
  7  4  1  0  0  0  0
  8 19  1  6  0  0  0
  8  9  1  0  0  0  0
  8  2  1  0  0  0  0
  9 20  1  0  0  0  0
 11  1  1  0  0  0  0
 14  5  1  0  0  0  0
 16  6  1  0  0  0  0
 17  6  1  0  0  0  0
 21  9  1  0  0  0  0
M  END
