Lattice="12.573613609999999 0.0 0.0 0.0 14.6831089 0.0 0.0 0.0 12.245336850000001" Properties=species:S:1:pos:R:3:GW_charged:R:1:dKS_charged:R:1:dKS_neutral:R:1 pbc="T T T"
 OpenBabel12102409263D
Lattice="12.573613609999999 0.0 0.0 0.0 14.6831089 0.0 0.0 0.0 12.245336850000001" Properties=species:S:1:pos:R:3:GW_charged:R:1:dKS_charged:R:1:dKS_neutral:R:1 pbc="T T T"
 16 16  0  0  0  0  0  0  0  0999 V2000
    5.9597    9.5546    5.3890 C   0  0  0  0  0  0  0  0  0  0  0  0
    6.3620    8.2701    4.9412 O   0  0  0  0  0  0  0  0  0  0  0  0
    6.5920    7.3732    6.0065 C   0  0  0  0  0  0  0  0  0  0  0  0
    5.3835    6.7607    6.7737 C   0  0  0  0  0  0  0  0  0  0  0  0
    6.1442    5.4070    6.7479 C   0  0  0  0  0  0  0  0  0  0  0  0
    7.0042    5.9555    5.5763 C   0  0  0  0  0  0  0  0  0  0  0  0
    6.7228   10.0103    6.0474 H   0  0  0  0  0  0  0  0  0  0  0  0
    5.8338   10.1831    4.5000 H   0  0  0  0  0  0  0  0  0  0  0  0
    5.0021    9.5173    5.9387 H   0  0  0  0  0  0  0  0  0  0  0  0
    7.3215    7.8107    6.7169 H   0  0  0  0  0  0  0  0  0  0  0  0
    5.1056    7.1874    7.7453 H   0  0  0  0  0  0  0  0  0  0  0  0
    4.5000    6.7364    6.1207 H   0  0  0  0  0  0  0  0  0  0  0  0
    6.7400    5.2563    7.6574 H   0  0  0  0  0  0  0  0  0  0  0  0
    5.5571    4.5000    6.5636 H   0  0  0  0  0  0  0  0  0  0  0  0
    6.5516    5.7217    4.6032 H   0  0  0  0  0  0  0  0  0  0  0  0
    8.0736    5.7152    5.5430 H   0  0  0  0  0  0  0  0  0  0  0  0
  1  9  1  0  0  0  0
  1  7  1  0  0  0  0
  2  1  1  0  0  0  0
  2  3  1  0  0  0  0
  3 10  1  0  0  0  0
  3  4  1  0  0  0  0
  4 11  1  0  0  0  0
  5  4  1  0  0  0  0
  5 13  1  0  0  0  0
  6  3  1  0  0  0  0
  6  5  1  0  0  0  0
  8  1  1  0  0  0  0
 12  4  1  0  0  0  0
 14  5  1  0  0  0  0
 15  6  1  0  0  0  0
 16  6  1  0  0  0  0
M  END
