Lattice="14.47128221 0.0 0.0 0.0 14.49948226 0.0 0.0 0.0 12.23411123" Properties=species:S:1:pos:R:3:GW_charged:R:1:dKS_charged:R:1:dKS_neutral:R:1 pbc="T T T"
 OpenBabel12102411053D
Lattice="14.47128221 0.0 0.0 0.0 14.49948226 0.0 0.0 0.0 12.23411123" Properties=species:S:1:pos:R:3:GW_charged:R:1:dKS_charged:R:1:dKS_neutral:R:1 pbc="T T T"
 21 23  0  0  1  0  0  0  0  0999 V2000
    5.2708    9.2733    5.4683 C   0  0  0  0  0  0  0  0  0  0  0  0
    6.8175    9.2483    5.5888 C   0  0  0  0  0  0  0  0  0  0  0  0
    6.7093    7.7940    6.1304 C   0  0  0  0  0  0  0  0  0  0  0  0
    5.2831    7.7226    5.5122 C   0  0  0  0  0  0  0  0  0  0  0  0
    7.7468    6.7771    5.7144 C   0  0  1  0  0  0  0  0  0  0  0  0
    9.2047    6.8742    6.3085 C   0  0  0  0  0  0  0  0  0  0  0  0
    9.0308    5.4518    6.8506 C   0  0  1  0  0  0  0  0  0  0  0  0
    7.8921    5.4646    7.7341 O   0  0  0  0  0  0  0  0  0  0  0  0
    7.6577    5.3590    6.3156 C   0  0  1  0  0  0  0  0  0  0  0  0
    4.8029    9.6983    6.3663 H   0  0  0  0  0  0  0  0  0  0  0  0
    4.8332    9.7583    4.5868 H   0  0  0  0  0  0  0  0  0  0  0  0
    7.2979    9.2670    4.5991 H   0  0  0  0  0  0  0  0  0  0  0  0
    7.3024    9.9995    6.2252 H   0  0  0  0  0  0  0  0  0  0  0  0
    6.6385    7.8099    7.2287 H   0  0  0  0  0  0  0  0  0  0  0  0
    4.5000    7.2124    6.0869 H   0  0  0  0  0  0  0  0  0  0  0  0
    5.3106    7.2915    4.5000 H   0  0  0  0  0  0  0  0  0  0  0  0
    7.8004    6.7139    4.6153 H   0  0  0  0  0  0  0  0  0  0  0  0
    9.9713    6.9582    5.5283 H   0  0  0  0  0  0  0  0  0  0  0  0
    9.3762    7.6416    7.0751 H   0  0  0  0  0  0  0  0  0  0  0  0
    9.7781    4.6779    7.0224 H   0  0  0  0  0  0  0  0  0  0  0  0
    7.0792    4.5000    5.9765 H   0  0  0  0  0  0  0  0  0  0  0  0
  1  4  1  0  0  0  0
  1  2  1  0  0  0  0
  1 10  1  0  0  0  0
  2  3  1  0  0  0  0
  2 13  1  0  0  0  0
  3 14  1  0  0  0  0
  4 15  1  0  0  0  0
  4  3  1  0  0  0  0
  5 17  1  6  0  0  0
  5  3  1  0  0  0  0
  5  6  1  0  0  0  0
  5  9  1  0  0  0  0
  6  7  1  0  0  0  0
  6 19  1  0  0  0  0
  7 20  1  6  0  0  0
  7  8  1  0  0  0  0
  9 21  1  6  0  0  0
  9  7  1  0  0  0  0
  9  8  1  0  0  0  0
 11  1  1  0  0  0  0
 12  2  1  0  0  0  0
 16  4  1  0  0  0  0
 18  6  1  0  0  0  0
M  END
