Lattice="12.96454224 0.0 0.0 0.0 14.309892569999999 0.0 0.0 0.0 13.32562751" Properties=species:S:1:pos:R:3:GW_charged:R:1:dKS_charged:R:1:dKS_neutral:R:1 pbc="T T T"
 OpenBabel12102409373D
Lattice="12.96454224 0.0 0.0 0.0 14.309892569999999 0.0 0.0 0.0 13.32562751" Properties=species:S:1:pos:R:3:GW_charged:R:1:dKS_charged:R:1:dKS_neutral:R:1 pbc="T T T"
 17 17  0  0  1  0  0  0  0  0999 V2000
    5.4399    9.3564    6.6332 C   0  0  0  0  0  0  0  0  0  0  0  0
    5.5288    7.8255    6.6493 C   0  0  1  0  0  0  0  0  0  0  0  0
    6.2455    7.2995    5.4001 C   0  0  0  0  0  0  0  0  0  0  0  0
    6.5096    5.9007    5.4807 O   0  0  0  0  0  0  0  0  0  0  0  0
    7.4202    5.5873    6.5285 C   0  0  0  0  0  0  0  0  0  0  0  0
    7.1351    6.3169    7.8076 C   0  0  0  0  0  0  0  0  0  0  0  0
    6.2491    7.3166    7.8718 C   0  0  0  0  0  0  0  0  0  0  0  0
    6.4415    9.8099    6.6500 H   0  0  0  0  0  0  0  0  0  0  0  0
    4.9188    9.7164    5.7346 H   0  0  0  0  0  0  0  0  0  0  0  0
    4.8901    9.7285    7.5086 H   0  0  0  0  0  0  0  0  0  0  0  0
    4.5000    7.4210    6.6496 H   0  0  0  0  0  0  0  0  0  0  0  0
    5.6315    7.4377    4.5000 H   0  0  0  0  0  0  0  0  0  0  0  0
    7.1920    7.8602    5.2571 H   0  0  0  0  0  0  0  0  0  0  0  0
    7.3389    4.5000    6.6800 H   0  0  0  0  0  0  0  0  0  0  0  0
    8.4645    5.7867    6.2031 H   0  0  0  0  0  0  0  0  0  0  0  0
    7.6835    5.9913    8.6944 H   0  0  0  0  0  0  0  0  0  0  0  0
    6.0446    7.8104    8.8256 H   0  0  0  0  0  0  0  0  0  0  0  0
  1  2  1  0  0  0  0
  1  8  1  0  0  0  0
  1 10  1  0  0  0  0
  2 11  1  1  0  0  0
  2  7  1  0  0  0  0
  3  4  1  0  0  0  0
  3  2  1  0  0  0  0
  4  5  1  0  0  0  0
  5 14  1  0  0  0  0
  5  6  1  0  0  0  0
  6  7  2  0  0  0  0
  6 16  1  0  0  0  0
  7 17  1  0  0  0  0
  9  1  1  0  0  0  0
 12  3  1  0  0  0  0
 13  3  1  0  0  0  0
 15  5  1  0  0  0  0
M  END
