Lattice="12.78469695 0.0 0.0 0.0 14.52385107 0.0 0.0 0.0 12.83075908" Properties=species:S:1:pos:R:3:GW_charged:R:1:dKS_charged:R:1:dKS_neutral:R:1 pbc="T T T"
 OpenBabel12102409373D
Lattice="12.78469695 0.0 0.0 0.0 14.52385107 0.0 0.0 0.0 12.83075908" Properties=species:S:1:pos:R:3:GW_charged:R:1:dKS_charged:R:1:dKS_neutral:R:1 pbc="T T T"
 17 18  0  0  1  0  0  0  0  0999 V2000
    5.9827    9.5961    6.4360 C   0  0  0  0  0  0  0  0  0  0  0  0
    5.9885    8.0985    6.3595 C   0  0  2  0  0  0  0  0  0  0  0  0
    5.0708    7.2137    7.1509 C   0  0  0  0  0  0  0  0  0  0  0  0
    6.5584    7.0645    7.3565 C   0  0  1  0  0  0  0  0  0  0  0  0
    7.1868    6.2912    6.2133 C   0  0  1  0  0  0  0  0  0  0  0  0
    6.8207    4.9134    6.1727 O   0  0  0  0  0  0  0  0  0  0  0  0
    6.5491    7.2867    5.1820 C   0  0  0  0  0  0  0  0  0  0  0  0
    6.9657   10.0143    6.1731 H   0  0  0  0  0  0  0  0  0  0  0  0
    5.2423   10.0239    5.7424 H   0  0  0  0  0  0  0  0  0  0  0  0
    5.7281    9.9441    7.4469 H   0  0  0  0  0  0  0  0  0  0  0  0
    4.5535    7.7013    7.9775 H   0  0  0  0  0  0  0  0  0  0  0  0
    4.5000    6.4176    6.6690 H   0  0  0  0  0  0  0  0  0  0  0  0
    7.0175    7.2281    8.3308 H   0  0  0  0  0  0  0  0  0  0  0  0
    8.2847    6.3949    6.2213 H   0  0  0  0  0  0  0  0  0  0  0  0
    7.2797    4.5000    5.4254 H   0  0  0  0  0  0  0  0  0  0  0  0
    5.8007    6.8566    4.5000 H   0  0  0  0  0  0  0  0  0  0  0  0
    7.3070    7.8211    4.5940 H   0  0  0  0  0  0  0  0  0  0  0  0
  1 10  1  0  0  0  0
  2  1  1  1  0  0  0
  2  3  1  0  0  0  0
  2  4  1  0  0  0  0
  3  4  1  0  0  0  0
  3 11  1  0  0  0  0
  4 13  1  1  0  0  0
  5 14  1  1  0  0  0
  5  4  1  0  0  0  0
  6  5  1  0  0  0  0
  7  5  1  0  0  0  0
  7  2  1  0  0  0  0
  8  1  1  0  0  0  0
  9  1  1  0  0  0  0
 12  3  1  0  0  0  0
 15  6  1  0  0  0  0
 16  7  1  0  0  0  0
 17  7  1  0  0  0  0
M  END
