Lattice="13.19095925 0.0 0.0 0.0 17.52783102 0.0 0.0 0.0 12.74277311" Properties=species:S:1:pos:R:3:GW_charged:R:1:dKS_charged:R:1:dKS_neutral:R:1 pbc="T T T"
 OpenBabel12102410123D
Lattice="13.19095925 0.0 0.0 0.0 17.52783102 0.0 0.0 0.0 12.74277311" Properties=species:S:1:pos:R:3:GW_charged:R:1:dKS_charged:R:1:dKS_neutral:R:1 pbc="T T T"
 21 21  0  0  1  0  0  0  0  0999 V2000
    5.0410    5.5691    7.1162 C   0  0  0  0  0  0  0  0  0  0  0  0
    5.0330    6.7799    7.1306 C   0  0  0  0  0  0  0  0  0  0  0  0
    5.0624    8.2349    7.1491 C   0  0  0  0  0  0  0  0  0  0  0  0
    6.4928    8.8061    7.1797 C   0  0  0  0  0  0  0  0  0  0  0  0
    6.5179   10.3298    7.1958 C   0  0  1  0  0  0  0  0  0  0  0  0
    7.9274   10.9391    7.2204 C   0  0  0  0  0  0  0  0  0  0  0  0
    7.7540   12.2312    6.4141 C   0  0  0  0  0  0  0  0  0  0  0  0
    6.7427   11.7930    5.3563 C   0  0  0  0  0  0  0  0  0  0  0  0
    5.8756   10.8513    6.0072 O   0  0  0  0  0  0  0  0  0  0  0  0
    5.0355    4.5000    7.1018 H   0  0  0  0  0  0  0  0  0  0  0  0
    4.5388    8.6274    6.2639 H   0  0  0  0  0  0  0  0  0  0  0  0
    4.5000    8.5982    8.0258 H   0  0  0  0  0  0  0  0  0  0  0  0
    7.0189    8.4296    8.0710 H   0  0  0  0  0  0  0  0  0  0  0  0
    7.0484    8.4463    6.3005 H   0  0  0  0  0  0  0  0  0  0  0  0
    5.9355   10.6915    8.0659 H   0  0  0  0  0  0  0  0  0  0  0  0
    8.2885   11.1053    8.2428 H   0  0  0  0  0  0  0  0  0  0  0  0
    8.6384   10.2651    6.7177 H   0  0  0  0  0  0  0  0  0  0  0  0
    7.3306   13.0278    7.0430 H   0  0  0  0  0  0  0  0  0  0  0  0
    8.6910   12.6018    5.9798 H   0  0  0  0  0  0  0  0  0  0  0  0
    6.1233   12.6139    4.9692 H   0  0  0  0  0  0  0  0  0  0  0  0
    7.2481   11.3086    4.5000 H   0  0  0  0  0  0  0  0  0  0  0  0
  1  2  3  0  0  0  0
  2  3  1  0  0  0  0
  3  4  1  0  0  0  0
  3 12  1  0  0  0  0
  4  5  1  0  0  0  0
  4 13  1  0  0  0  0
  5  6  1  0  0  0  0
  5 15  1  1  0  0  0
  6 16  1  0  0  0  0
  7 18  1  0  0  0  0
  7  6  1  0  0  0  0
  8  9  1  0  0  0  0
  8  7  1  0  0  0  0
  9  5  1  0  0  0  0
 10  1  1  0  0  0  0
 11  3  1  0  0  0  0
 14  4  1  0  0  0  0
 17  6  1  0  0  0  0
 19  7  1  0  0  0  0
 20  8  1  0  0  0  0
 21  8  1  0  0  0  0
M  END
