Lattice="15.08172697 0.0 0.0 0.0 13.066675759999999 0.0 0.0 0.0 14.48100628" Properties=species:S:1:pos:R:3:GW_charged:R:1:dKS_charged:R:1:dKS_neutral:R:1 pbc="T T T"
 OpenBabel12102411083D
Lattice="15.08172697 0.0 0.0 0.0 13.066675759999999 0.0 0.0 0.0 14.48100628" Properties=species:S:1:pos:R:3:GW_charged:R:1:dKS_charged:R:1:dKS_neutral:R:1 pbc="T T T"
 25 25  0  0  0  0  0  0  0  0999 V2000
    6.4976    7.9062    8.5257 C   0  0  0  0  0  0  0  0  0  0  0  0
    6.5327    6.4572    8.0031 C   0  0  0  0  0  0  0  0  0  0  0  0
    7.3106    5.5769    8.9960 C   0  0  0  0  0  0  0  0  0  0  0  0
    5.0848    5.9410    7.8980 C   0  0  0  0  0  0  0  0  0  0  0  0
    7.1483    6.3802    6.5777 C   0  0  0  0  0  0  0  0  0  0  0  0
    8.6398    6.6068    6.4010 C   0  0  0  0  0  0  0  0  0  0  0  0
    9.1445    7.8537    6.8551 O   0  0  0  0  0  0  0  0  0  0  0  0
    9.6210    5.4845    6.5705 C   0  0  0  0  0  0  0  0  0  0  0  0
    9.3227    6.0202    5.1836 C   0  0  0  0  0  0  0  0  0  0  0  0
    7.5073    8.3070    8.6710 H   0  0  0  0  0  0  0  0  0  0  0  0
    5.9656    8.5667    7.8242 H   0  0  0  0  0  0  0  0  0  0  0  0
    5.9674    7.9523    9.4884 H   0  0  0  0  0  0  0  0  0  0  0  0
    6.8218    5.5885    9.9810 H   0  0  0  0  0  0  0  0  0  0  0  0
    7.3526    4.5305    8.6595 H   0  0  0  0  0  0  0  0  0  0  0  0
    8.3407    5.9317    9.1285 H   0  0  0  0  0  0  0  0  0  0  0  0
    4.5000    6.5353    7.1802 H   0  0  0  0  0  0  0  0  0  0  0  0
    5.0563    4.8923    7.5673 H   0  0  0  0  0  0  0  0  0  0  0  0
    4.5763    6.0002    8.8712 H   0  0  0  0  0  0  0  0  0  0  0  0
    6.9216    5.3855    6.1604 H   0  0  0  0  0  0  0  0  0  0  0  0
    6.6084    7.0977    5.9322 H   0  0  0  0  0  0  0  0  0  0  0  0
    8.7462    8.5493    6.3066 H   0  0  0  0  0  0  0  0  0  0  0  0
   10.5817    5.7438    7.0113 H   0  0  0  0  0  0  0  0  0  0  0  0
    9.2437    4.5000    6.8404 H   0  0  0  0  0  0  0  0  0  0  0  0
    8.7380    5.4050    4.5000 H   0  0  0  0  0  0  0  0  0  0  0  0
   10.0898    6.6326    4.7126 H   0  0  0  0  0  0  0  0  0  0  0  0
  1 10  1  0  0  0  0
  1 12  1  0  0  0  0
  2  1  1  0  0  0  0
  2  3  1  0  0  0  0
  3 15  1  0  0  0  0
  3 13  1  0  0  0  0
  4  2  1  0  0  0  0
  4 18  1  0  0  0  0
  5  2  1  0  0  0  0
  6  8  1  0  0  0  0
  6  5  1  0  0  0  0
  6  7  1  0  0  0  0
  8 23  1  0  0  0  0
  8 22  1  0  0  0  0
  9  6  1  0  0  0  0
  9  8  1  0  0  0  0
 11  1  1  0  0  0  0
 14  3  1  0  0  0  0
 16  4  1  0  0  0  0
 17  4  1  0  0  0  0
 19  5  1  0  0  0  0
 20  5  1  0  0  0  0
 21  7  1  0  0  0  0
 24  9  1  0  0  0  0
 25  9  1  0  0  0  0
M  END
