Lattice="15.75970054 0.0 0.0 0.0 16.029131290000002 0.0 0.0 0.0 10.7955141" Properties=species:S:1:pos:R:3:GW_charged:R:1:dKS_charged:R:1:dKS_neutral:R:1 pbc="T T T"
 OpenBabel12102409443D
Lattice="15.75970054 0.0 0.0 0.0 16.029131290000002 0.0 0.0 0.0 10.7955141" Properties=species:S:1:pos:R:3:GW_charged:R:1:dKS_charged:R:1:dKS_neutral:R:1 pbc="T T T"
 19 19  0  0  0  0  0  0  0  0999 V2000
   10.2264   11.1104    5.3943 C   0  0  0  0  0  0  0  0  0  0  0  0
   10.1929    9.5809    5.3884 C   0  0  0  0  0  0  0  0  0  0  0  0
    8.7720    9.0472    5.3987 C   0  0  0  0  0  0  0  0  0  0  0  0
    8.8458    7.6048    5.3922 O   0  0  0  0  0  0  0  0  0  0  0  0
    7.6904    6.9255    5.3993 C   0  0  0  0  0  0  0  0  0  0  0  0
    7.4647    5.5754    5.3956 C   0  0  0  0  0  0  0  0  0  0  0  0
    6.0381    5.4299    5.4073 C   0  0  0  0  0  0  0  0  0  0  0  0
    5.5044    6.6817    5.4171 C   0  0  0  0  0  0  0  0  0  0  0  0
    6.5204    7.6240    5.4123 O   0  0  0  0  0  0  0  0  0  0  0  0
   11.2597   11.4796    5.3867 H   0  0  0  0  0  0  0  0  0  0  0  0
    9.7191   11.5291    4.5134 H   0  0  0  0  0  0  0  0  0  0  0  0
    9.7348   11.5219    6.2875 H   0  0  0  0  0  0  0  0  0  0  0  0
   10.7119    9.1911    4.5000 H   0  0  0  0  0  0  0  0  0  0  0  0
   10.7274    9.1839    6.2644 H   0  0  0  0  0  0  0  0  0  0  0  0
    8.2252    9.3812    6.2955 H   0  0  0  0  0  0  0  0  0  0  0  0
    8.2096    9.3884    4.5144 H   0  0  0  0  0  0  0  0  0  0  0  0
    8.2194    4.7994    5.3859 H   0  0  0  0  0  0  0  0  0  0  0  0
    5.4800    4.5000    5.4082 H   0  0  0  0  0  0  0  0  0  0  0  0
    4.5000    7.0825    5.4274 H   0  0  0  0  0  0  0  0  0  0  0  0
  1 12  1  0  0  0  0
  2  1  1  0  0  0  0
  2  3  1  0  0  0  0
  2 14  1  0  0  0  0
  3 15  1  0  0  0  0
  4  3  1  0  0  0  0
  4  5  1  0  0  0  0
  5  9  1  0  0  0  0
  6  5  2  0  0  0  0
  6  7  1  0  0  0  0
  7 18  1  0  0  0  0
  7  8  2  0  0  0  0
  8 19  1  0  0  0  0
  9  8  1  0  0  0  0
 10  1  1  0  0  0  0
 11  1  1  0  0  0  0
 13  2  1  0  0  0  0
 16  3  1  0  0  0  0
 17  6  1  0  0  0  0
M  END
