Lattice="15.92241676 0.0 0.0 0.0 16.76177835 0.0 0.0 0.0 12.51585417" Properties=species:S:1:pos:R:3:GW_charged:R:1:dKS_charged:R:1:dKS_neutral:R:1 pbc="T T T"
 OpenBabel12102410123D
Lattice="15.92241676 0.0 0.0 0.0 16.76177835 0.0 0.0 0.0 12.51585417" Properties=species:S:1:pos:R:3:GW_charged:R:1:dKS_charged:R:1:dKS_neutral:R:1 pbc="T T T"
 23 24  0  0  0  0  0  0  0  0999 V2000
    7.9108    8.6238    6.2149 C   0  0  0  0  0  0  0  0  0  0  0  0
    7.9359    7.1033    6.2679 C   0  0  0  0  0  0  0  0  0  0  0  0
    6.5818    6.5182    6.6023 C   0  0  0  0  0  0  0  0  0  0  0  0
    5.5452    6.3268    5.5194 C   0  0  0  0  0  0  0  0  0  0  0  0
    6.2160    5.1279    6.1468 C   0  0  0  0  0  0  0  0  0  0  0  0
    9.2213    9.0918    5.8904 O   0  0  0  0  0  0  0  0  0  0  0  0
    9.2919   10.4884    5.8199 C   0  0  0  0  0  0  0  0  0  0  0  0
    9.4933   11.2850    7.0877 C   0  0  0  0  0  0  0  0  0  0  0  0
   10.6257   11.1009    6.0934 C   0  0  0  0  0  0  0  0  0  0  0  0
    7.1858    8.9697    5.4532 H   0  0  0  0  0  0  0  0  0  0  0  0
    7.5901    9.0443    7.1871 H   0  0  0  0  0  0  0  0  0  0  0  0
    8.2801    6.7206    5.2939 H   0  0  0  0  0  0  0  0  0  0  0  0
    8.6835    6.7838    7.0112 H   0  0  0  0  0  0  0  0  0  0  0  0
    6.1903    6.8082    7.5804 H   0  0  0  0  0  0  0  0  0  0  0  0
    4.5000    6.5187    5.7564 H   0  0  0  0  0  0  0  0  0  0  0  0
    5.8277    6.5900    4.5000 H   0  0  0  0  0  0  0  0  0  0  0  0
    6.9472    4.5839    5.5494 H   0  0  0  0  0  0  0  0  0  0  0  0
    5.6304    4.5000    6.8163 H   0  0  0  0  0  0  0  0  0  0  0  0
    8.6679   10.9316    5.0344 H   0  0  0  0  0  0  0  0  0  0  0  0
    9.0200   12.2618    7.1768 H   0  0  0  0  0  0  0  0  0  0  0  0
    9.5588   10.7190    8.0159 H   0  0  0  0  0  0  0  0  0  0  0  0
   11.4224   10.4143    6.3740 H   0  0  0  0  0  0  0  0  0  0  0  0
   10.9422   11.9487    5.4884 H   0  0  0  0  0  0  0  0  0  0  0  0
  1  2  1  0  0  0  0
  1 11  1  0  0  0  0
  2  3  1  0  0  0  0
  2 13  1  0  0  0  0
  3 14  1  0  0  0  0
  4 15  1  0  0  0  0
  4  5  1  0  0  0  0
  4  3  1  0  0  0  0
  5  3  1  0  0  0  0
  5 18  1  0  0  0  0
  6  1  1  0  0  0  0
  7  6  1  0  0  0  0
  7  9  1  0  0  0  0
  7  8  1  0  0  0  0
  8 20  1  0  0  0  0
  8 21  1  0  0  0  0
  9 22  1  0  0  0  0
  9  8  1  0  0  0  0
 10  1  1  0  0  0  0
 12  2  1  0  0  0  0
 16  4  1  0  0  0  0
 17  5  1  0  0  0  0
 19  7  1  0  0  0  0
 23  9  1  0  0  0  0
M  END
