Lattice="13.95355236 0.0 0.0 0.0 14.0053182 0.0 0.0 0.0 15.45258525" Properties=species:S:1:pos:R:3:GW_charged:R:1:dKS_charged:R:1:dKS_neutral:R:1 pbc="T T T"
 OpenBabel12102409403D
Lattice="13.95355236 0.0 0.0 0.0 14.0053182 0.0 0.0 0.0 15.45258525" Properties=species:S:1:pos:R:3:GW_charged:R:1:dKS_charged:R:1:dKS_neutral:R:1 pbc="T T T"
 20 19  0  0  0  0  0  0  0  0999 V2000
    6.4939    9.1083    8.7828 C   0  0  0  0  0  0  0  0  0  0  0  0
    6.5016    7.5623    8.7893 C   0  0  0  0  0  0  0  0  0  0  0  0
    7.2529    7.0478   10.0386 C   0  0  0  0  0  0  0  0  0  0  0  0
    5.0496    7.0316    8.7957 C   0  0  0  0  0  0  0  0  0  0  0  0
    7.1860    7.0831    7.5830 C   0  0  0  0  0  0  0  0  0  0  0  0
    7.7507    6.6759    6.5895 C   0  0  0  0  0  0  0  0  0  0  0  0
    8.4305    6.2077    5.3926 C   0  0  0  0  0  0  0  0  0  0  0  0
    8.4722    4.7697    5.3863 O   0  0  0  0  0  0  0  0  0  0  0  0
    7.5172    9.5053    8.7727 H   0  0  0  0  0  0  0  0  0  0  0  0
    5.9691    9.4940    7.8992 H   0  0  0  0  0  0  0  0  0  0  0  0
    5.9844    9.4861    9.6808 H   0  0  0  0  0  0  0  0  0  0  0  0
    6.7503    7.3955   10.9526 H   0  0  0  0  0  0  0  0  0  0  0  0
    7.2799    5.9507   10.0534 H   0  0  0  0  0  0  0  0  0  0  0  0
    8.2877    7.4136   10.0508 H   0  0  0  0  0  0  0  0  0  0  0  0
    4.5000    7.3855    7.9140 H   0  0  0  0  0  0  0  0  0  0  0  0
    5.0352    5.9342    8.7875 H   0  0  0  0  0  0  0  0  0  0  0  0
    4.5232    7.3794    9.6962 H   0  0  0  0  0  0  0  0  0  0  0  0
    7.8978    6.5865    4.5000 H   0  0  0  0  0  0  0  0  0  0  0  0
    9.4536    6.6279    5.3673 H   0  0  0  0  0  0  0  0  0  0  0  0
    8.9310    4.5000    4.5753 H   0  0  0  0  0  0  0  0  0  0  0  0
  1  2  1  0  0  0  0
  1 11  1  0  0  0  0
  2  4  1  0  0  0  0
  2  3  1  0  0  0  0
  3 14  1  0  0  0  0
  3 13  1  0  0  0  0
  3 12  1  0  0  0  0
  4 17  1  0  0  0  0
  5  2  1  0  0  0  0
  6  5  3  0  0  0  0
  7  6  1  0  0  0  0
  8  7  1  0  0  0  0
  9  1  1  0  0  0  0
 10  1  1  0  0  0  0
 15  4  1  0  0  0  0
 16  4  1  0  0  0  0
 18  7  1  0  0  0  0
 19  7  1  0  0  0  0
 20  8  1  0  0  0  0
M  END
