Lattice="13.01556364 0.0 0.0 0.0 13.03475944 0.0 0.0 0.0 11.49004245" Properties=species:S:1:pos:R:3:GW_charged:R:1:dKS_charged:R:1:dKS_neutral:R:1 pbc="T T T"
 OpenBabel12102409263D
Lattice="13.01556364 0.0 0.0 0.0 13.03475944 0.0 0.0 0.0 11.49004245" Properties=species:S:1:pos:R:3:GW_charged:R:1:dKS_charged:R:1:dKS_neutral:R:1 pbc="T T T"
 13 13  0  0  0  0  0  0  0  0999 V2000
    5.2981    7.4300    5.5958 C   0  0  0  0  0  0  0  0  0  0  0  0
    6.7105    7.8850    6.0440 C   0  0  0  0  0  0  0  0  0  0  0  0
    7.4404    6.5817    6.2549 C   0  0  0  0  0  0  0  0  0  0  0  0
    6.6070    5.5345    6.2574 C   0  0  0  0  0  0  0  0  0  0  0  0
    5.1727    5.9527    6.0485 C   0  0  0  0  0  0  0  0  0  0  0  0
    4.5000    8.0661    5.9981 H   0  0  0  0  0  0  0  0  0  0  0  0
    5.2305    7.4812    4.5000 H   0  0  0  0  0  0  0  0  0  0  0  0
    7.1982    8.5348    5.3023 H   0  0  0  0  0  0  0  0  0  0  0  0
    6.6793    8.4643    6.9839 H   0  0  0  0  0  0  0  0  0  0  0  0
    8.5156    6.5251    6.4262 H   0  0  0  0  0  0  0  0  0  0  0  0
    6.9038    4.5000    6.4310 H   0  0  0  0  0  0  0  0  0  0  0  0
    4.6033    5.8559    6.9900 H   0  0  0  0  0  0  0  0  0  0  0  0
    4.6472    5.3296    5.3098 H   0  0  0  0  0  0  0  0  0  0  0  0
  1  6  1  0  0  0  0
  1  2  1  0  0  0  0
  1  5  1  0  0  0  0
  2  3  1  0  0  0  0
  2  9  1  0  0  0  0
  3  4  2  0  0  0  0
  3 10  1  0  0  0  0
  4 11  1  0  0  0  0
  5  4  1  0  0  0  0
  5 12  1  0  0  0  0
  7  1  1  0  0  0  0
  8  2  1  0  0  0  0
 13  5  1  0  0  0  0
M  END
