Lattice="12.596696210000001 0.0 0.0 0.0 14.53086543 0.0 0.0 0.0 13.12954083" Properties=species:S:1:pos:R:3:GW_charged:R:1:dKS_charged:R:1:dKS_neutral:R:1 pbc="T T T"
 OpenBabel12102409263D
Lattice="12.596696210000001 0.0 0.0 0.0 14.53086543 0.0 0.0 0.0 13.12954083" Properties=species:S:1:pos:R:3:GW_charged:R:1:dKS_charged:R:1:dKS_neutral:R:1 pbc="T T T"
 17 18  0  0  1  0  0  0  0  0999 V2000
    6.3523    9.6319    6.5652 C   0  0  0  0  0  0  0  0  0  0  0  0
    6.3601    8.1294    6.5660 C   0  0  1  0  0  0  0  0  0  0  0  0
    6.9801    7.1865    5.4822 C   0  0  0  0  0  0  0  0  0  0  0  0
    6.3755    6.2619    6.5568 C   0  0  1  0  0  0  0  0  0  0  0  0
    6.4310    4.8709    6.4723 O   0  0  0  0  0  0  0  0  0  0  0  0
    7.0003    7.1936    7.6390 C   0  0  0  0  0  0  0  0  0  0  0  0
    5.1184    7.1834    6.5713 C   0  0  0  0  0  0  0  0  0  0  0  0
    7.3764   10.0309    6.5576 H   0  0  0  0  0  0  0  0  0  0  0  0
    5.8308   10.0224    5.6800 H   0  0  0  0  0  0  0  0  0  0  0  0
    5.8436   10.0234    7.4574 H   0  0  0  0  0  0  0  0  0  0  0  0
    6.4884    7.1829    4.5000 H   0  0  0  0  0  0  0  0  0  0  0  0
    8.0755    7.1916    5.4005 H   0  0  0  0  0  0  0  0  0  0  0  0
    5.9903    4.5000    7.2530 H   0  0  0  0  0  0  0  0  0  0  0  0
    8.0967    7.2019    7.7041 H   0  0  0  0  0  0  0  0  0  0  0  0
    6.5229    7.1934    8.6295 H   0  0  0  0  0  0  0  0  0  0  0  0
    4.5130    7.1824    7.4892 H   0  0  0  0  0  0  0  0  0  0  0  0
    4.5000    7.1823    5.6635 H   0  0  0  0  0  0  0  0  0  0  0  0
  1 10  1  0  0  0  0
  2  1  1  6  0  0  0
  2  7  1  0  0  0  0
  2  6  1  0  0  0  0
  3  4  1  0  0  0  0
  3  2  1  0  0  0  0
  4  5  1  6  0  0  0
  4  7  1  0  0  0  0
  4  6  1  0  0  0  0
  5 13  1  0  0  0  0
  6 14  1  0  0  0  0
  6 15  1  0  0  0  0
  7 16  1  0  0  0  0
  8  1  1  0  0  0  0
  9  1  1  0  0  0  0
 11  3  1  0  0  0  0
 12  3  1  0  0  0  0
 17  7  1  0  0  0  0
M  END
