Lattice="12.73458334 0.0 0.0 0.0 14.69885096 0.0 0.0 0.0 13.77795226" Properties=species:S:1:pos:R:3:GW_charged:R:1:dKS_charged:R:1:dKS_neutral:R:1 pbc="T T T"
 OpenBabel12102409383D
Lattice="12.73458334 0.0 0.0 0.0 14.69885096 0.0 0.0 0.0 13.77795226" Properties=species:S:1:pos:R:3:GW_charged:R:1:dKS_charged:R:1:dKS_neutral:R:1 pbc="T T T"
 19 19  0  0  1  0  0  0  0  0999 V2000
    5.3522    9.6830    5.5253 C   0  0  0  0  0  0  0  0  0  0  0  0
    5.5252    8.1644    5.5760 C   0  0  0  0  0  0  0  0  0  0  0  0
    5.7735    7.6332    6.9925 C   0  0  0  0  0  0  0  0  0  0  0  0
    5.9379    6.1299    7.0385 C   0  0  1  0  0  0  0  0  0  0  0  0
    7.2690    5.4918    6.6739 C   0  0  0  0  0  0  0  0  0  0  0  0
    6.7654    5.4568    8.0970 C   0  0  1  0  0  0  0  0  0  0  0  0
    7.3593    6.2820    9.0741 O   0  0  0  0  0  0  0  0  0  0  0  0
    6.2461   10.1989    5.9055 H   0  0  0  0  0  0  0  0  0  0  0  0
    5.1762   10.0362    4.5000 H   0  0  0  0  0  0  0  0  0  0  0  0
    4.5000   10.0091    6.1394 H   0  0  0  0  0  0  0  0  0  0  0  0
    4.6307    7.6762    5.1547 H   0  0  0  0  0  0  0  0  0  0  0  0
    6.3646    7.8628    4.9286 H   0  0  0  0  0  0  0  0  0  0  0  0
    6.6670    8.1125    7.4203 H   0  0  0  0  0  0  0  0  0  0  0  0
    4.9352    7.9245    7.6476 H   0  0  0  0  0  0  0  0  0  0  0  0
    5.0502    5.5706    6.7327 H   0  0  0  0  0  0  0  0  0  0  0  0
    7.2885    4.5698    6.0940 H   0  0  0  0  0  0  0  0  0  0  0  0
    8.0913    6.1789    6.4710 H   0  0  0  0  0  0  0  0  0  0  0  0
    6.3984    4.5000    8.4821 H   0  0  0  0  0  0  0  0  0  0  0  0
    8.2346    5.9181    9.2780 H   0  0  0  0  0  0  0  0  0  0  0  0
  1  2  1  0  0  0  0
  1  8  1  0  0  0  0
  1 10  1  0  0  0  0
  2  3  1  0  0  0  0
  3  4  1  0  0  0  0
  3 13  1  0  0  0  0
  3 14  1  0  0  0  0
  4 15  1  6  0  0  0
  4  6  1  0  0  0  0
  5  4  1  0  0  0  0
  5  6  1  0  0  0  0
  6 18  1  1  0  0  0
  6  7  1  0  0  0  0
  7 19  1  0  0  0  0
  9  1  1  0  0  0  0
 11  2  1  0  0  0  0
 12  2  1  0  0  0  0
 16  5  1  0  0  0  0
 17  5  1  0  0  0  0
M  END
