Lattice="12.86984157 0.0 0.0 0.0 14.70598886 0.0 0.0 0.0 12.28391582" Properties=species:S:1:pos:R:3:GW_charged:R:1:dKS_charged:R:1:dKS_neutral:R:1 pbc="T T T"
 OpenBabel12102409263D
Lattice="12.86984157 0.0 0.0 0.0 14.70598886 0.0 0.0 0.0 12.28391582" Properties=species:S:1:pos:R:3:GW_charged:R:1:dKS_charged:R:1:dKS_neutral:R:1 pbc="T T T"
 16 16  0  0  1  0  0  0  0  0999 V2000
    7.3754    9.5708    6.1962 C   0  0  0  0  0  0  0  0  0  0  0  0
    7.3747    8.1366    6.7314 C   0  0  0  0  0  0  0  0  0  0  0  0
    6.0134    7.4811    6.6348 C   0  0  1  0  0  0  0  0  0  0  0  0
    5.5380    6.8922    5.3163 C   0  0  0  0  0  0  0  0  0  0  0  0
    5.8593    5.9939    6.4872 C   0  0  1  0  0  0  0  0  0  0  0  0
    7.0382    5.2201    6.4775 O   0  0  0  0  0  0  0  0  0  0  0  0
    8.3698   10.0297    6.2823 H   0  0  0  0  0  0  0  0  0  0  0  0
    7.0832    9.5969    5.1367 H   0  0  0  0  0  0  0  0  0  0  0  0
    6.6673   10.2060    6.7483 H   0  0  0  0  0  0  0  0  0  0  0  0
    8.1100    7.5278    6.1864 H   0  0  0  0  0  0  0  0  0  0  0  0
    7.7007    8.1297    7.7839 H   0  0  0  0  0  0  0  0  0  0  0  0
    5.2403    7.9609    7.2404 H   0  0  0  0  0  0  0  0  0  0  0  0
    4.5000    7.0145    5.0094 H   0  0  0  0  0  0  0  0  0  0  0  0
    6.2613    6.8962    4.5000 H   0  0  0  0  0  0  0  0  0  0  0  0
    5.0207    5.5255    7.0124 H   0  0  0  0  0  0  0  0  0  0  0  0
    6.9156    4.5000    5.8400 H   0  0  0  0  0  0  0  0  0  0  0  0
  1  7  1  0  0  0  0
  1  2  1  0  0  0  0
  1  9  1  0  0  0  0
  2 11  1  0  0  0  0
  3  2  1  0  0  0  0
  3 12  1  1  0  0  0
  4  5  1  0  0  0  0
  4  3  1  0  0  0  0
  5  3  1  0  0  0  0
  5 15  1  1  0  0  0
  6  5  1  0  0  0  0
  8  1  1  0  0  0  0
 10  2  1  0  0  0  0
 13  4  1  0  0  0  0
 14  4  1  0  0  0  0
 16  6  1  0  0  0  0
M  END
