Lattice="11.1303604 0.0 0.0 0.0 15.69566692 0.0 0.0 0.0 13.28059079" Properties=species:S:1:pos:R:3:GW_charged:R:1:dKS_charged:R:1:dKS_neutral:R:1 pbc="T T T"
 OpenBabel12102409403D
Lattice="11.1303604 0.0 0.0 0.0 15.69566692 0.0 0.0 0.0 13.28059079" Properties=species:S:1:pos:R:3:GW_charged:R:1:dKS_charged:R:1:dKS_neutral:R:1 pbc="T T T"
 18 18  0  0  0  0  0  0  0  0999 V2000
    5.5258   10.7777    6.6565 C   0  0  0  0  0  0  0  0  0  0  0  0
    5.5606    9.2716    6.6459 C   0  0  0  0  0  0  0  0  0  0  0  0
    5.4245    8.5503    5.4528 C   0  0  0  0  0  0  0  0  0  0  0  0
    5.4240    7.1554    5.4473 C   0  0  0  0  0  0  0  0  0  0  0  0
    5.5633    6.4246    6.6343 C   0  0  0  0  0  0  0  0  0  0  0  0
    5.5983    4.9185    6.6249 C   0  0  0  0  0  0  0  0  0  0  0  0
    5.6995    7.1462    7.8278 C   0  0  0  0  0  0  0  0  0  0  0  0
    5.7000    8.5406    7.8332 C   0  0  0  0  0  0  0  0  0  0  0  0
    6.1401   11.1893    7.4680 H   0  0  0  0  0  0  0  0  0  0  0  0
    5.8898   11.1957    5.7089 H   0  0  0  0  0  0  0  0  0  0  0  0
    4.5000   11.1498    6.8042 H   0  0  0  0  0  0  0  0  0  0  0  0
    5.3149    9.0895    4.5097 H   0  0  0  0  0  0  0  0  0  0  0  0
    5.3148    6.6236    4.5000 H   0  0  0  0  0  0  0  0  0  0  0  0
    6.6304    4.5462    6.5316 H   0  0  0  0  0  0  0  0  0  0  0  0
    5.1851    4.5000    7.5521 H   0  0  0  0  0  0  0  0  0  0  0  0
    5.0271    4.5076    5.7822 H   0  0  0  0  0  0  0  0  0  0  0  0
    5.8091    6.6069    8.7709 H   0  0  0  0  0  0  0  0  0  0  0  0
    5.8092    9.0725    8.7806 H   0  0  0  0  0  0  0  0  0  0  0  0
  1 11  1  0  0  0  0
  1  9  1  0  0  0  0
  2  1  1  0  0  0  0
  2  8  1  0  0  0  0
  3  2  2  0  0  0  0
  4  3  1  0  0  0  0
  4  5  2  0  0  0  0
  5  7  1  0  0  0  0
  6  5  1  0  0  0  0
  6 15  1  0  0  0  0
  7  8  2  0  0  0  0
  7 17  1  0  0  0  0
  8 18  1  0  0  0  0
 10  1  1  0  0  0  0
 12  3  1  0  0  0  0
 13  4  1  0  0  0  0
 14  6  1  0  0  0  0
 16  6  1  0  0  0  0
M  END
