Lattice="12.850746489999999 0.0 0.0 0.0 13.41123909 0.0 0.0 0.0 14.44341898" Properties=species:S:1:pos:R:3:GW_charged:R:1:dKS_charged:R:1:dKS_neutral:R:1 pbc="T T T"
 OpenBabel12102409403D
Lattice="12.850746489999999 0.0 0.0 0.0 13.41123909 0.0 0.0 0.0 14.44341898" Properties=species:S:1:pos:R:3:GW_charged:R:1:dKS_charged:R:1:dKS_neutral:R:1 pbc="T T T"
 20 19  0  0  1  0  0  0  0  0999 V2000
    5.6213    8.3657    6.3016 C   0  0  0  0  0  0  0  0  0  0  0  0
    5.5765    6.8446    6.5278 C   0  0  1  0  0  0  0  0  0  0  0  0
    6.1141    6.1510    5.2879 C   0  0  0  0  0  0  0  0  0  0  0  0
    5.4274    5.5355    4.5000 O   0  0  0  0  0  0  0  0  0  0  0  0
    6.3224    6.3386    7.8024 C   0  0  0  0  0  0  0  0  0  0  0  0
    7.7448    6.8846    7.9407 C   0  0  0  0  0  0  0  0  0  0  0  0
    5.5022    6.6514    9.0591 C   0  0  0  0  0  0  0  0  0  0  0  0
    6.4938    4.9058    7.6795 O   0  0  0  0  0  0  0  0  0  0  0  0
    6.6319    8.7095    6.0412 H   0  0  0  0  0  0  0  0  0  0  0  0
    4.9495    8.6491    5.4812 H   0  0  0  0  0  0  0  0  0  0  0  0
    5.3014    8.9112    7.1992 H   0  0  0  0  0  0  0  0  0  0  0  0
    4.5229    6.5308    6.6142 H   0  0  0  0  0  0  0  0  0  0  0  0
    7.2123    6.2727    5.1051 H   0  0  0  0  0  0  0  0  0  0  0  0
    7.7437    7.9687    8.1060 H   0  0  0  0  0  0  0  0  0  0  0  0
    8.2292    6.4064    8.8014 H   0  0  0  0  0  0  0  0  0  0  0  0
    8.3507    6.6662    7.0527 H   0  0  0  0  0  0  0  0  0  0  0  0
    4.5000    6.2030    8.9933 H   0  0  0  0  0  0  0  0  0  0  0  0
    6.0062    6.2404    9.9434 H   0  0  0  0  0  0  0  0  0  0  0  0
    5.3758    7.7325    9.2089 H   0  0  0  0  0  0  0  0  0  0  0  0
    5.6154    4.5000    7.5914 H   0  0  0  0  0  0  0  0  0  0  0  0
  1  2  1  0  0  0  0
  1 11  1  0  0  0  0
  2 12  1  1  0  0  0
  2  5  1  0  0  0  0
  3  2  1  0  0  0  0
  4  3  2  0  0  0  0
  5  6  1  0  0  0  0
  5  7  1  0  0  0  0
  6 14  1  0  0  0  0
  6 15  1  0  0  0  0
  7 19  1  0  0  0  0
  7 18  1  0  0  0  0
  8  5  1  0  0  0  0
  9  1  1  0  0  0  0
 10  1  1  0  0  0  0
 13  3  1  0  0  0  0
 16  6  1  0  0  0  0
 17  7  1  0  0  0  0
 20  8  1  0  0  0  0
M  END
