Lattice="13.6553693 0.0 0.0 0.0 16.07205682 0.0 0.0 0.0 13.31407001" Properties=species:S:1:pos:R:3:GW_charged:R:1:dKS_charged:R:1:dKS_neutral:R:1 pbc="T T T"
 OpenBabel12102411073D
Lattice="13.6553693 0.0 0.0 0.0 16.07205682 0.0 0.0 0.0 13.31407001" Properties=species:S:1:pos:R:3:GW_charged:R:1:dKS_charged:R:1:dKS_neutral:R:1 pbc="T T T"
 23 22  0  0  1  0  0  0  0  0999 V2000
    6.3099   11.1365    8.0973 C   0  0  0  0  0  0  0  0  0  0  0  0
    6.3681    9.6854    8.0438 C   0  0  0  0  0  0  0  0  0  0  0  0
    6.4268    8.4734    8.0125 C   0  0  0  0  0  0  0  0  0  0  0  0
    6.4414    7.0136    7.9464 C   0  0  1  0  0  0  0  0  0  0  0  0
    5.1092    6.4837    8.1013 O   0  0  0  0  0  0  0  0  0  0  0  0
    7.1563    6.4642    6.6640 C   0  0  0  0  0  0  0  0  0  0  0  0
    8.6042    6.9798    6.6534 C   0  0  0  0  0  0  0  0  0  0  0  0
    7.1533    4.9290    6.7418 C   0  0  0  0  0  0  0  0  0  0  0  0
    6.4212    6.9279    5.3976 C   0  0  0  0  0  0  0  0  0  0  0  0
    7.2242   11.5507    8.5462 H   0  0  0  0  0  0  0  0  0  0  0  0
    6.2028   11.5721    7.0935 H   0  0  0  0  0  0  0  0  0  0  0  0
    5.4586   11.4770    8.7042 H   0  0  0  0  0  0  0  0  0  0  0  0
    7.0024    6.6244    8.8141 H   0  0  0  0  0  0  0  0  0  0  0  0
    4.5000    7.1266    7.7062 H   0  0  0  0  0  0  0  0  0  0  0  0
    9.1368    6.6942    7.5729 H   0  0  0  0  0  0  0  0  0  0  0  0
    9.1554    6.5515    5.8045 H   0  0  0  0  0  0  0  0  0  0  0  0
    8.6422    8.0738    6.5673 H   0  0  0  0  0  0  0  0  0  0  0  0
    6.1302    4.5376    6.7984 H   0  0  0  0  0  0  0  0  0  0  0  0
    7.6398    4.5000    5.8546 H   0  0  0  0  0  0  0  0  0  0  0  0
    7.7008    4.5748    7.6279 H   0  0  0  0  0  0  0  0  0  0  0  0
    6.3879    8.0244    5.3338 H   0  0  0  0  0  0  0  0  0  0  0  0
    6.9319    6.5524    4.5000 H   0  0  0  0  0  0  0  0  0  0  0  0
    5.3903    6.5479    5.3727 H   0  0  0  0  0  0  0  0  0  0  0  0
  1 10  1  0  0  0  0
  1 12  1  0  0  0  0
  2  1  1  0  0  0  0
  3  2  3  0  0  0  0
  4  3  1  0  0  0  0
  4  5  1  0  0  0  0
  4 13  1  1  0  0  0
  6  8  1  0  0  0  0
  6  4  1  0  0  0  0
  7  6  1  0  0  0  0
  7 15  1  0  0  0  0
  8 18  1  0  0  0  0
  8 20  1  0  0  0  0
  9  6  1  0  0  0  0
 11  1  1  0  0  0  0
 14  5  1  0  0  0  0
 16  7  1  0  0  0  0
 17  7  1  0  0  0  0
 19  8  1  0  0  0  0
 21  9  1  0  0  0  0
 22  9  1  0  0  0  0
 23  9  1  0  0  0  0
M  END
