Lattice="12.79630462 0.0 0.0 0.0 13.63931989 0.0 0.0 0.0 12.12274126" Properties=species:S:1:pos:R:3:GW_charged:R:1:dKS_charged:R:1:dKS_neutral:R:1 pbc="T T T"
 OpenBabel12102409263D
Lattice="12.79630462 0.0 0.0 0.0 13.63931989 0.0 0.0 0.0 12.12274126" Properties=species:S:1:pos:R:3:GW_charged:R:1:dKS_charged:R:1:dKS_neutral:R:1 pbc="T T T"
 16 15  0  0  1  0  0  0  0  0999 V2000
    5.4677    8.6886    6.7657 C   0  0  0  0  0  0  0  0  0  0  0  0
    5.5255    7.1638    6.6509 C   0  0  0  0  0  0  0  0  0  0  0  0
    6.2949    6.6507    5.4104 C   0  0  1  0  0  0  0  0  0  0  0  0
    7.7804    7.0448    5.4121 C   0  0  0  0  0  0  0  0  0  0  0  0
    6.1813    5.1419    5.3745 C   0  0  0  0  0  0  0  0  0  0  0  0
    5.5787    4.5000    4.5407 O   0  0  0  0  0  0  0  0  0  0  0  0
    6.4617    9.1321    6.9105 H   0  0  0  0  0  0  0  0  0  0  0  0
    5.0276    9.1393    5.8648 H   0  0  0  0  0  0  0  0  0  0  0  0
    4.8495    8.9874    7.6227 H   0  0  0  0  0  0  0  0  0  0  0  0
    5.9840    6.7401    7.5603 H   0  0  0  0  0  0  0  0  0  0  0  0
    4.5000    6.7653    6.6094 H   0  0  0  0  0  0  0  0  0  0  0  0
    5.8055    7.0302    4.5000 H   0  0  0  0  0  0  0  0  0  0  0  0
    8.2963    6.6482    4.5275 H   0  0  0  0  0  0  0  0  0  0  0  0
    7.8996    8.1353    5.4033 H   0  0  0  0  0  0  0  0  0  0  0  0
    8.2937    6.6595    6.3059 H   0  0  0  0  0  0  0  0  0  0  0  0
    6.7106    4.6186    6.2181 H   0  0  0  0  0  0  0  0  0  0  0  0
  1  7  1  0  0  0  0
  1  9  1  0  0  0  0
  2  1  1  0  0  0  0
  2 10  1  0  0  0  0
  3 12  1  6  0  0  0
  3  4  1  0  0  0  0
  3  2  1  0  0  0  0
  4 15  1  0  0  0  0
  5  3  1  0  0  0  0
  5 16  1  0  0  0  0
  6  5  2  0  0  0  0
  8  1  1  0  0  0  0
 11  2  1  0  0  0  0
 13  4  1  0  0  0  0
 14  4  1  0  0  0  0
M  END
