Lattice="13.0213805 0.0 0.0 0.0 13.89309235 0.0 0.0 0.0 13.026763070000001" Properties=species:S:1:pos:R:3:GW_charged:R:1:dKS_charged:R:1:dKS_neutral:R:1 pbc="T T T"
 OpenBabel12102409383D
Lattice="13.0213805 0.0 0.0 0.0 13.89309235 0.0 0.0 0.0 13.026763070000001" Properties=species:S:1:pos:R:3:GW_charged:R:1:dKS_charged:R:1:dKS_neutral:R:1 pbc="T T T"
 17 18  0  0  1  0  0  0  0  0999 V2000
    5.2930    8.8302    6.3095 C   0  0  0  0  0  0  0  0  0  0  0  0
    5.4837    7.3226    6.3330 C   0  0  1  0  0  0  0  0  0  0  0  0
    6.6683    6.6244    5.5793 C   0  0  1  0  0  0  0  0  0  0  0  0
    7.6059    7.1136    6.7182 C   0  0  0  0  0  0  0  0  0  0  0  0
    6.3282    6.6106    7.4461 C   0  0  2  0  0  0  0  0  0  0  0  0
    6.4196    5.3769    6.4893 C   0  0  1  0  0  0  0  0  0  0  0  0
    5.3375    4.5000    6.2858 O   0  0  0  0  0  0  0  0  0  0  0  0
    6.2185    9.3931    6.4824 H   0  0  0  0  0  0  0  0  0  0  0  0
    4.8891    9.1496    5.3382 H   0  0  0  0  0  0  0  0  0  0  0  0
    4.5716    9.1366    7.0804 H   0  0  0  0  0  0  0  0  0  0  0  0
    4.5000    6.8554    6.1501 H   0  0  0  0  0  0  0  0  0  0  0  0
    6.8690    6.6341    4.5000 H   0  0  0  0  0  0  0  0  0  0  0  0
    8.5214    6.5281    6.8807 H   0  0  0  0  0  0  0  0  0  0  0  0
    7.8125    8.1864    6.7637 H   0  0  0  0  0  0  0  0  0  0  0  0
    6.1352    6.6044    8.5268 H   0  0  0  0  0  0  0  0  0  0  0  0
    7.2973    4.7358    6.6443 H   0  0  0  0  0  0  0  0  0  0  0  0
    4.5301    5.0203    6.1451 H   0  0  0  0  0  0  0  0  0  0  0  0
  1  2  1  0  0  0  0
  1  8  1  0  0  0  0
  1 10  1  0  0  0  0
  2 11  1  6  0  0  0
  2  5  1  0  0  0  0
  3 12  1  6  0  0  0
  3  2  1  0  0  0  0
  3  6  1  0  0  0  0
  3  4  1  0  0  0  0
  4 14  1  0  0  0  0
  4 13  1  0  0  0  0
  4  5  1  0  0  0  0
  5 15  1  1  0  0  0
  6 16  1  1  0  0  0
  6  5  1  0  0  0  0
  7  6  1  0  0  0  0
  9  1  1  0  0  0  0
 17  7  1  0  0  0  0
M  END
