Lattice="14.277283409999999 0.0 0.0 0.0 16.57363211 0.0 0.0 0.0 10.7965369" Properties=species:S:1:pos:R:3:GW_charged:R:1:dKS_charged:R:1:dKS_neutral:R:1 pbc="T T T"
 OpenBabel12102409393D
Lattice="14.277283409999999 0.0 0.0 0.0 16.57363211 0.0 0.0 0.0 10.7965369" Properties=species:S:1:pos:R:3:GW_charged:R:1:dKS_charged:R:1:dKS_neutral:R:1 pbc="T T T"
 21 20  0  0  0  0  0  0  0  0999 V2000
    8.7523   11.6650    5.4026 C   0  0  0  0  0  0  0  0  0  0  0  0
    8.7378   10.1355    5.3946 C   0  0  0  0  0  0  0  0  0  0  0  0
    7.3263    9.5417    5.4048 C   0  0  0  0  0  0  0  0  0  0  0  0
    7.3018    8.0108    5.3968 C   0  0  0  0  0  0  0  0  0  0  0  0
    5.8869    7.4264    5.4072 C   0  0  0  0  0  0  0  0  0  0  0  0
    5.8728    5.9063    5.3992 C   0  0  0  0  0  0  0  0  0  0  0  0
    4.5076    5.4684    5.4098 O   0  0  0  0  0  0  0  0  0  0  0  0
    9.7773   12.0602    5.3950 H   0  0  0  0  0  0  0  0  0  0  0  0
    8.2327   12.0736    4.5236 H   0  0  0  0  0  0  0  0  0  0  0  0
    8.2496   12.0641    6.2957 H   0  0  0  0  0  0  0  0  0  0  0  0
    9.2797    9.7665    4.5079 H   0  0  0  0  0  0  0  0  0  0  0  0
    9.2964    9.7570    6.2668 H   0  0  0  0  0  0  0  0  0  0  0  0
    6.7830    9.9101    6.2920 H   0  0  0  0  0  0  0  0  0  0  0  0
    6.7662    9.9196    4.5322 H   0  0  0  0  0  0  0  0  0  0  0  0
    7.8459    7.6448    4.5090 H   0  0  0  0  0  0  0  0  0  0  0  0
    7.8627    7.6353    6.2701 H   0  0  0  0  0  0  0  0  0  0  0  0
    5.3393    7.7770    6.2965 H   0  0  0  0  0  0  0  0  0  0  0  0
    5.3224    7.7865    4.5323 H   0  0  0  0  0  0  0  0  0  0  0  0
    6.3960    5.5297    4.5000 H   0  0  0  0  0  0  0  0  0  0  0  0
    6.4130    5.5201    6.2841 H   0  0  0  0  0  0  0  0  0  0  0  0
    4.5000    4.5000    5.4046 H   0  0  0  0  0  0  0  0  0  0  0  0
  1 10  1  0  0  0  0
  2  1  1  0  0  0  0
  2  3  1  0  0  0  0
  2 12  1  0  0  0  0
  3 13  1  0  0  0  0
  4  3  1  0  0  0  0
  4  5  1  0  0  0  0
  4 16  1  0  0  0  0
  5 17  1  0  0  0  0
  6  5  1  0  0  0  0
  6  7  1  0  0  0  0
  6 20  1  0  0  0  0
  8  1  1  0  0  0  0
  9  1  1  0  0  0  0
 11  2  1  0  0  0  0
 14  3  1  0  0  0  0
 15  4  1  0  0  0  0
 18  5  1  0  0  0  0
 19  6  1  0  0  0  0
 21  7  1  0  0  0  0
M  END
