Lattice="14.44998925 0.0 0.0 0.0 12.74433354 0.0 0.0 0.0 14.27262223" Properties=species:S:1:pos:R:3:GW_charged:R:1:dKS_charged:R:1:dKS_neutral:R:1 pbc="T T T"
 OpenBabel12102411063D
Lattice="14.44998925 0.0 0.0 0.0 12.74433354 0.0 0.0 0.0 14.27262223" Properties=species:S:1:pos:R:3:GW_charged:R:1:dKS_charged:R:1:dKS_neutral:R:1 pbc="T T T"
 21 23  0  0  1  0  0  0  0  0999 V2000
    7.0547    7.5942    5.5174 C   0  0  0  0  0  0  0  0  0  0  0  0
    8.3759    6.9234    5.8021 C   0  0  1  0  0  0  0  0  0  0  0  0
    9.1146    7.2003    7.1125 C   0  0  0  0  0  0  0  0  0  0  0  0
    8.2286    7.1276    8.3334 C   0  0  0  0  0  0  0  0  0  0  0  0
    7.1605    6.3293    8.3230 C   0  0  0  0  0  0  0  0  0  0  0  0
    5.8732    6.1551    9.0985 C   0  0  0  0  0  0  0  0  0  0  0  0
    5.2022    5.8065    7.7265 C   0  0  0  0  0  0  0  0  0  0  0  0
    6.6312    5.5716    7.1291 C   0  0  1  0  0  0  0  0  0  0  0  0
    7.0932    6.1089    5.7945 C   0  0  1  0  0  0  0  0  0  0  0  0
    6.6478    8.2443    6.2928 H   0  0  0  0  0  0  0  0  0  0  0  0
    6.8446    7.9198    4.5000 H   0  0  0  0  0  0  0  0  0  0  0  0
    9.0370    6.7839    4.9454 H   0  0  0  0  0  0  0  0  0  0  0  0
    9.9500    6.4833    7.2035 H   0  0  0  0  0  0  0  0  0  0  0  0
    9.5858    8.1951    7.0577 H   0  0  0  0  0  0  0  0  0  0  0  0
    8.4522    7.7699    9.1882 H   0  0  0  0  0  0  0  0  0  0  0  0
    5.8938    5.2850    9.7726 H   0  0  0  0  0  0  0  0  0  0  0  0
    5.4923    7.0202    9.6570 H   0  0  0  0  0  0  0  0  0  0  0  0
    4.5000    4.9637    7.7060 H   0  0  0  0  0  0  0  0  0  0  0  0
    4.7253    6.6869    7.2774 H   0  0  0  0  0  0  0  0  0  0  0  0
    6.8869    4.5000    7.1953 H   0  0  0  0  0  0  0  0  0  0  0  0
    6.9359    5.4550    4.9352 H   0  0  0  0  0  0  0  0  0  0  0  0
  1  9  1  0  0  0  0
  1  2  1  0  0  0  0
  1 10  1  0  0  0  0
  2 12  1  6  0  0  0
  2  3  1  0  0  0  0
  3 13  1  0  0  0  0
  3  4  1  0  0  0  0
  4 15  1  0  0  0  0
  5  4  2  0  0  0  0
  5  6  1  0  0  0  0
  6 17  1  0  0  0  0
  6 16  1  0  0  0  0
  7  6  1  0  0  0  0
  8 20  1  1  0  0  0
  8  7  1  0  0  0  0
  8  5  1  0  0  0  0
  9 21  1  6  0  0  0
  9  2  1  0  0  0  0
  9  8  1  0  0  0  0
 11  1  1  0  0  0  0
 14  3  1  0  0  0  0
 18  7  1  0  0  0  0
 19  7  1  0  0  0  0
M  END
