Lattice="14.147219230000001 0.0 0.0 0.0 13.28059091 0.0 0.0 0.0 14.27491173" Properties=species:S:1:pos:R:3:GW_charged:R:1:dKS_charged:R:1:dKS_neutral:R:1 pbc="T T T"
 OpenBabel12102411073D
Lattice="14.147219230000001 0.0 0.0 0.0 13.28059091 0.0 0.0 0.0 14.27491173" Properties=species:S:1:pos:R:3:GW_charged:R:1:dKS_charged:R:1:dKS_neutral:R:1 pbc="T T T"
 23 24  0  0  1  0  0  0  0  0999 V2000
    5.5149    7.7397    6.4518 C   0  0  0  0  0  0  0  0  0  0  0  0
    6.9992    8.1153    6.1888 C   0  0  0  0  0  0  0  0  0  0  0  0
    7.7555    6.7738    5.9089 C   0  0  2  0  0  0  0  0  0  0  0  0
    6.6123    5.8006    5.5448 C   0  0  0  0  0  0  0  0  0  0  0  0
    5.4581    6.1938    6.4832 C   0  0  1  0  0  0  0  0  0  0  0  0
    5.5841    5.5914    7.8978 C   0  0  0  0  0  0  0  0  0  0  0  0
    6.7027    6.1241    8.8112 C   0  0  0  0  0  0  0  0  0  0  0  0
    8.1230    6.0054    8.3145 C   0  0  0  0  0  0  0  0  0  0  0  0
    8.5749    6.2911    7.0842 C   0  0  0  0  0  0  0  0  0  0  0  0
    5.1272    8.1883    7.3773 H   0  0  0  0  0  0  0  0  0  0  0  0
    4.8814    8.1119    5.6348 H   0  0  0  0  0  0  0  0  0  0  0  0
    7.0808    8.7806    5.3191 H   0  0  0  0  0  0  0  0  0  0  0  0
    7.4509    8.6453    7.0364 H   0  0  0  0  0  0  0  0  0  0  0  0
    8.4350    6.8994    5.0554 H   0  0  0  0  0  0  0  0  0  0  0  0
    6.3070    5.9721    4.5000 H   0  0  0  0  0  0  0  0  0  0  0  0
    6.9085    4.7470    5.6371 H   0  0  0  0  0  0  0  0  0  0  0  0
    4.5000    5.8398    6.0732 H   0  0  0  0  0  0  0  0  0  0  0  0
    4.6282    5.7533    8.4222 H   0  0  0  0  0  0  0  0  0  0  0  0
    5.6993    4.5000    7.7993 H   0  0  0  0  0  0  0  0  0  0  0  0
    6.5005    7.1845    9.0516 H   0  0  0  0  0  0  0  0  0  0  0  0
    6.6233    5.6004    9.7749 H   0  0  0  0  0  0  0  0  0  0  0  0
    8.8598    5.6874    9.0569 H   0  0  0  0  0  0  0  0  0  0  0  0
    9.6472    6.1768    6.9053 H   0  0  0  0  0  0  0  0  0  0  0  0
  1  5  1  0  0  0  0
  1 10  1  0  0  0  0
  2  1  1  0  0  0  0
  2 13  1  0  0  0  0
  3 14  1  6  0  0  0
  3  2  1  0  0  0  0
  3  9  1  0  0  0  0
  4 16  1  0  0  0  0
  4  3  1  0  0  0  0
  4  5  1  0  0  0  0
  5 17  1  6  0  0  0
  5  6  1  0  0  0  0
  6 18  1  0  0  0  0
  6  7  1  0  0  0  0
  7 20  1  0  0  0  0
  7 21  1  0  0  0  0
  8  7  1  0  0  0  0
  8 22  1  0  0  0  0
  9  8  2  0  0  0  0
 11  1  1  0  0  0  0
 12  2  1  0  0  0  0
 15  4  1  0  0  0  0
 19  6  1  0  0  0  0
 23  9  1  0  0  0  0
M  END
