Lattice="13.37213274 0.0 0.0 0.0 15.61304513 0.0 0.0 0.0 11.28804252" Properties=species:S:1:pos:R:3:GW_charged:R:1:dKS_charged:R:1:dKS_neutral:R:1 pbc="T T T"
 OpenBabel12102409273D
Lattice="13.37213274 0.0 0.0 0.0 15.61304513 0.0 0.0 0.0 11.28804252" Properties=species:S:1:pos:R:3:GW_charged:R:1:dKS_charged:R:1:dKS_neutral:R:1 pbc="T T T"
 17 16  0  0  0  0  0  0  0  0999 V2000
    7.8815   10.6709    5.6359 C   0  0  0  0  0  0  0  0  0  0  0  0
    7.9401    9.1443    5.6922 C   0  0  0  0  0  0  0  0  0  0  0  0
    6.5772    8.4902    5.4669 C   0  0  0  0  0  0  0  0  0  0  0  0
    6.6169    6.9676    5.4185 C   0  0  0  0  0  0  0  0  0  0  0  0
    7.6201    6.3380    5.1519 O   0  0  0  0  0  0  0  0  0  0  0  0
    5.2866    6.2854    5.7246 C   0  0  0  0  0  0  0  0  0  0  0  0
    5.3657    4.9000    5.4670 O   0  0  0  0  0  0  0  0  0  0  0  0
    8.8721   11.1130    5.8067 H   0  0  0  0  0  0  0  0  0  0  0  0
    7.5268   11.0227    4.6559 H   0  0  0  0  0  0  0  0  0  0  0  0
    7.2015   11.0796    6.3979 H   0  0  0  0  0  0  0  0  0  0  0  0
    8.6444    8.7597    4.9416 H   0  0  0  0  0  0  0  0  0  0  0  0
    8.3371    8.8184    6.6660 H   0  0  0  0  0  0  0  0  0  0  0  0
    5.8458    8.8159    6.2262 H   0  0  0  0  0  0  0  0  0  0  0  0
    6.1537    8.8206    4.5000 H   0  0  0  0  0  0  0  0  0  0  0  0
    5.0579    6.5047    6.7880 H   0  0  0  0  0  0  0  0  0  0  0  0
    4.5000    6.7856    5.1248 H   0  0  0  0  0  0  0  0  0  0  0  0
    4.5189    4.5000    5.7136 H   0  0  0  0  0  0  0  0  0  0  0  0
  1  2  1  0  0  0  0
  1  8  1  0  0  0  0
  1 10  1  0  0  0  0
  2 12  1  0  0  0  0
  3  2  1  0  0  0  0
  3 13  1  0  0  0  0
  4  3  1  0  0  0  0
  4  6  1  0  0  0  0
  5  4  2  0  0  0  0
  6 15  1  0  0  0  0
  7 17  1  0  0  0  0
  7  6  1  0  0  0  0
  9  1  1  0  0  0  0
 11  2  1  0  0  0  0
 14  3  1  0  0  0  0
 16  6  1  0  0  0  0
M  END
