Lattice="13.22082249 0.0 0.0 0.0 13.505168470000001 0.0 0.0 0.0 13.03441785" Properties=species:S:1:pos:R:3:GW_charged:R:1:dKS_charged:R:1:dKS_neutral:R:1 pbc="T T T"
 OpenBabel12102411063D
Lattice="13.22082249 0.0 0.0 0.0 13.505168470000001 0.0 0.0 0.0 13.03441785" Properties=species:S:1:pos:R:3:GW_charged:R:1:dKS_charged:R:1:dKS_neutral:R:1 pbc="T T T"
 21 24  0  0  1  0  0  0  0  0999 V2000
    5.4254    7.6168    6.7625 C   0  0  0  0  0  0  0  0  0  0  0  0
    6.9294    7.9694    6.7212 C   0  0  2  0  0  0  0  0  0  0  0  0
    7.5142    7.5896    5.3421 C   0  0  0  0  0  0  0  0  0  0  0  0
    7.4402    6.0463    5.3710 C   0  0  2  0  0  0  0  0  0  0  0  0
    5.9620    5.5966    5.3441 C   0  0  0  0  0  0  0  0  0  0  0  0
    5.4519    6.0722    6.7231 C   0  0  1  0  0  0  0  0  0  0  0  0
    6.6253    5.7228    7.6647 C   0  0  2  0  0  0  0  0  0  0  0  0
    7.5565    6.9185    7.6636 C   0  0  1  0  0  0  0  0  0  0  0  0
    7.8785    5.7064    6.8126 C   0  0  2  0  0  0  0  0  0  0  0  0
    4.9809    7.9639    7.7075 H   0  0  0  0  0  0  0  0  0  0  0  0
    4.8531    8.0617    5.9342 H   0  0  0  0  0  0  0  0  0  0  0  0
    7.1419    9.0052    7.0139 H   0  0  0  0  0  0  0  0  0  0  0  0
    6.9621    8.0342    4.5000 H   0  0  0  0  0  0  0  0  0  0  0  0
    8.5624    7.9173    5.2720 H   0  0  0  0  0  0  0  0  0  0  0  0
    8.0553    5.5665    4.5995 H   0  0  0  0  0  0  0  0  0  0  0  0
    5.3949    6.0219    4.5020 H   0  0  0  0  0  0  0  0  0  0  0  0
    5.9010    4.5000    5.2754 H   0  0  0  0  0  0  0  0  0  0  0  0
    4.5000    5.6129    7.0172 H   0  0  0  0  0  0  0  0  0  0  0  0
    6.5025    5.0795    8.5344 H   0  0  0  0  0  0  0  0  0  0  0  0
    8.1509    7.1961    8.5323 H   0  0  0  0  0  0  0  0  0  0  0  0
    8.7208    5.0506    7.0259 H   0  0  0  0  0  0  0  0  0  0  0  0
  1 10  1  0  0  0  0
  2  1  1  0  0  0  0
  2 12  1  1  0  0  0
  2  8  1  0  0  0  0
  3  4  1  0  0  0  0
  3  2  1  0  0  0  0
  4 15  1  6  0  0  0
  4  9  1  0  0  0  0
  5  4  1  0  0  0  0
  5  6  1  0  0  0  0
  6  1  1  0  0  0  0
  6 18  1  1  0  0  0
  6  7  1  0  0  0  0
  7 19  1  1  0  0  0
  8  7  1  0  0  0  0
  8 20  1  1  0  0  0
  9 21  1  1  0  0  0
  9  8  1  0  0  0  0
  9  7  1  0  0  0  0
 11  1  1  0  0  0  0
 13  3  1  0  0  0  0
 14  3  1  0  0  0  0
 16  5  1  0  0  0  0
 17  5  1  0  0  0  0
M  END
