Lattice="13.26166165 0.0 0.0 0.0 15.907949760000001 0.0 0.0 0.0 11.268148" Properties=species:S:1:pos:R:3:GW_charged:R:1:dKS_charged:R:1:dKS_neutral:R:1 pbc="T T T"
 OpenBabel12102409393D
Lattice="13.26166165 0.0 0.0 0.0 15.907949760000001 0.0 0.0 0.0 11.268148" Properties=species:S:1:pos:R:3:GW_charged:R:1:dKS_charged:R:1:dKS_neutral:R:1 pbc="T T T"
 17 16  0  0  0  0  0  0  0  0999 V2000
    7.7444   10.9766    5.4259 C   0  0  0  0  0  0  0  0  0  0  0  0
    7.7634    9.5614    5.3631 O   0  0  0  0  0  0  0  0  0  0  0  0
    6.4899    8.9924    5.6210 C   0  0  0  0  0  0  0  0  0  0  0  0
    6.6023    7.4795    5.5062 C   0  0  0  0  0  0  0  0  0  0  0  0
    5.2617    6.7775    5.7732 C   0  0  0  0  0  0  0  0  0  0  0  0
    5.4152    5.2772    5.7992 C   0  0  0  0  0  0  0  0  0  0  0  0
    4.7910    4.5000    5.1095 O   0  0  0  0  0  0  0  0  0  0  0  0
    8.7617   11.3238    5.2126 H   0  0  0  0  0  0  0  0  0  0  0  0
    7.0526   11.4079    4.6787 H   0  0  0  0  0  0  0  0  0  0  0  0
    7.4441   11.3361    6.4277 H   0  0  0  0  0  0  0  0  0  0  0  0
    6.1407    9.2768    6.6353 H   0  0  0  0  0  0  0  0  0  0  0  0
    5.7434    9.3823    4.8995 H   0  0  0  0  0  0  0  0  0  0  0  0
    6.9656    7.2234    4.5000 H   0  0  0  0  0  0  0  0  0  0  0  0
    7.3649    7.1281    6.2187 H   0  0  0  0  0  0  0  0  0  0  0  0
    4.8851    7.0790    6.7681 H   0  0  0  0  0  0  0  0  0  0  0  0
    4.5000    7.0431    5.0277 H   0  0  0  0  0  0  0  0  0  0  0  0
    6.1845    4.8994    6.5248 H   0  0  0  0  0  0  0  0  0  0  0  0
  1 10  1  0  0  0  0
  2  1  1  0  0  0  0
  2  3  1  0  0  0  0
  3 11  1  0  0  0  0
  4  3  1  0  0  0  0
  4  5  1  0  0  0  0
  4 14  1  0  0  0  0
  5  6  1  0  0  0  0
  5 15  1  0  0  0  0
  6 17  1  0  0  0  0
  7  6  2  0  0  0  0
  8  1  1  0  0  0  0
  9  1  1  0  0  0  0
 12  3  1  0  0  0  0
 13  4  1  0  0  0  0
 16  5  1  0  0  0  0
M  END
