Lattice="13.785245960000001 0.0 0.0 0.0 15.61131681 0.0 0.0 0.0 13.42485625" Properties=species:S:1:pos:R:3:GW_charged:R:1:dKS_charged:R:1:dKS_neutral:R:1 pbc="T T T"
 OpenBabel12102409463D
Lattice="13.785245960000001 0.0 0.0 0.0 15.61131681 0.0 0.0 0.0 13.42485625" Properties=species:S:1:pos:R:3:GW_charged:R:1:dKS_charged:R:1:dKS_neutral:R:1 pbc="T T T"
 19 20  0  0  1  0  0  0  0  0999 V2000
    5.0591    5.5475    5.3318 C   0  0  0  0  0  0  0  0  0  0  0  0
    5.2938    6.7364    5.3450 C   0  0  0  0  0  0  0  0  0  0  0  0
    5.5887    8.1549    5.3859 C   0  0  1  0  0  0  0  0  0  0  0  0
    5.2450    8.8411    6.7517 C   0  0  0  0  0  0  0  0  0  0  0  0
    6.7416    8.7204    7.1564 C   0  0  1  0  0  0  0  0  0  0  0  0
    7.0944    8.4889    5.6641 C   0  0  0  0  0  0  0  0  0  0  0  0
    7.3594    9.8682    7.9038 C   0  0  1  0  0  0  0  0  0  0  0  0
    8.7006   10.3926    7.6081 C   0  0  0  0  0  0  0  0  0  0  0  0
    7.5268   11.1113    7.1895 O   0  0  0  0  0  0  0  0  0  0  0  0
    4.8457    4.5000    5.3091 H   0  0  0  0  0  0  0  0  0  0  0  0
    5.1616    8.6453    4.5000 H   0  0  0  0  0  0  0  0  0  0  0  0
    4.9568    9.8885    6.5952 H   0  0  0  0  0  0  0  0  0  0  0  0
    4.5000    8.3425    7.3811 H   0  0  0  0  0  0  0  0  0  0  0  0
    6.9035    7.8003    7.7388 H   0  0  0  0  0  0  0  0  0  0  0  0
    7.8245    7.7083    5.4254 H   0  0  0  0  0  0  0  0  0  0  0  0
    7.3738    9.4277    5.1685 H   0  0  0  0  0  0  0  0  0  0  0  0
    6.9818   10.0076    8.9249 H   0  0  0  0  0  0  0  0  0  0  0  0
    9.2852   10.8728    8.3980 H   0  0  0  0  0  0  0  0  0  0  0  0
    9.2842    9.9462    6.7968 H   0  0  0  0  0  0  0  0  0  0  0  0
  1  2  3  0  0  0  0
  2  3  1  0  0  0  0
  3 11  1  6  0  0  0
  3  6  1  0  0  0  0
  3  4  1  0  0  0  0
  4  5  1  0  0  0  0
  4 13  1  0  0  0  0
  5 14  1  1  0  0  0
  5  7  1  0  0  0  0
  6  5  1  0  0  0  0
  7 17  1  1  0  0  0
  8  7  1  0  0  0  0
  8 18  1  0  0  0  0
  9  8  1  0  0  0  0
  9  7  1  0  0  0  0
 10  1  1  0  0  0  0
 12  4  1  0  0  0  0
 15  6  1  0  0  0  0
 16  6  1  0  0  0  0
 19  8  1  0  0  0  0
M  END
