Lattice="12.377335930000001 0.0 0.0 0.0 13.645589000000001 0.0 0.0 0.0 12.94826608" Properties=species:S:1:pos:R:3:GW_charged:R:1:dKS_charged:R:1:dKS_neutral:R:1 pbc="T T T"
 OpenBabel12102409383D
Lattice="12.377335930000001 0.0 0.0 0.0 13.645589000000001 0.0 0.0 0.0 12.94826608" Properties=species:S:1:pos:R:3:GW_charged:R:1:dKS_charged:R:1:dKS_neutral:R:1 pbc="T T T"
 17 18  0  0  1  0  0  0  0  0999 V2000
    5.8836    8.6908    6.4433 C   0  0  0  0  0  0  0  0  0  0  0  0
    5.9684    7.1847    6.4265 C   0  0  2  0  0  0  0  0  0  0  0  0
    5.1013    6.3787    7.3610 C   0  0  0  0  0  0  0  0  0  0  0  0
    6.6100    6.3844    7.5603 C   0  0  1  0  0  0  0  0  0  0  0  0
    7.3325    5.2633    6.9031 C   0  0  0  0  0  0  0  0  0  0  0  0
    7.1839    5.2933    5.5694 C   0  0  0  0  0  0  0  0  0  0  0  0
    6.3877    6.4960    5.1214 C   0  0  0  0  0  0  0  0  0  0  0  0
    6.8307    9.1456    6.1165 H   0  0  0  0  0  0  0  0  0  0  0  0
    5.0898    9.0510    5.7711 H   0  0  0  0  0  0  0  0  0  0  0  0
    5.6601    9.0708    7.4497 H   0  0  0  0  0  0  0  0  0  0  0  0
    4.5000    6.9418    8.0756 H   0  0  0  0  0  0  0  0  0  0  0  0
    4.6460    5.4522    7.0086 H   0  0  0  0  0  0  0  0  0  0  0  0
    7.0185    6.8676    8.4483 H   0  0  0  0  0  0  0  0  0  0  0  0
    7.8773    4.5000    7.4582 H   0  0  0  0  0  0  0  0  0  0  0  0
    7.5680    4.5450    4.8767 H   0  0  0  0  0  0  0  0  0  0  0  0
    5.5190    6.2188    4.5017 H   0  0  0  0  0  0  0  0  0  0  0  0
    7.0029    7.1711    4.5000 H   0  0  0  0  0  0  0  0  0  0  0  0
  1 10  1  0  0  0  0
  2  1  1  1  0  0  0
  2  3  1  0  0  0  0
  2  4  1  0  0  0  0
  3  4  1  0  0  0  0
  3 11  1  0  0  0  0
  4 13  1  1  0  0  0
  5 14  1  0  0  0  0
  5  4  1  0  0  0  0
  6  5  2  0  0  0  0
  7  6  1  0  0  0  0
  7  2  1  0  0  0  0
  8  1  1  0  0  0  0
  9  1  1  0  0  0  0
 12  3  1  0  0  0  0
 15  6  1  0  0  0  0
 16  7  1  0  0  0  0
 17  7  1  0  0  0  0
M  END
