Lattice="14.29708977 0.0 0.0 0.0 12.54403568 0.0 0.0 0.0 12.54194899" Properties=species:S:1:pos:R:3:GW_charged:R:1:dKS_charged:R:1:dKS_neutral:R:1 pbc="T T T"
 OpenBabel12102409323D
Lattice="14.29708977 0.0 0.0 0.0 12.54403568 0.0 0.0 0.0 12.54194899" Properties=species:S:1:pos:R:3:GW_charged:R:1:dKS_charged:R:1:dKS_neutral:R:1 pbc="T T T"
 15 15  0  0  0  0  0  0  0  0999 V2000
    7.7349    7.6108    6.0074 C   0  0  0  0  0  0  0  0  0  0  0  0
    7.8176    6.0793    6.0112 C   0  0  0  0  0  0  0  0  0  0  0  0
    9.0176    5.5218    5.1845 C   0  0  0  0  0  0  0  0  0  0  0  0
    9.7971    5.2956    6.3854 O   0  0  0  0  0  0  0  0  0  0  0  0
    8.6273    5.5058    7.2151 C   0  0  0  0  0  0  0  0  0  0  0  0
    6.5266    5.4677    5.7582 C   0  0  0  0  0  0  0  0  0  0  0  0
    5.4498    4.9548    5.5469 C   0  0  0  0  0  0  0  0  0  0  0  0
    8.7256    8.0440    6.2012 H   0  0  0  0  0  0  0  0  0  0  0  0
    7.3764    7.9763    5.0363 H   0  0  0  0  0  0  0  0  0  0  0  0
    7.0410    7.9625    6.7819 H   0  0  0  0  0  0  0  0  0  0  0  0
    8.7927    4.5814    4.6571 H   0  0  0  0  0  0  0  0  0  0  0  0
    9.5041    6.2329    4.5000 H   0  0  0  0  0  0  0  0  0  0  0  0
    8.8234    6.2050    8.0419 H   0  0  0  0  0  0  0  0  0  0  0  0
    8.2257    4.5581    7.6072 H   0  0  0  0  0  0  0  0  0  0  0  0
    4.5000    4.5000    5.3604 H   0  0  0  0  0  0  0  0  0  0  0  0
  1  2  1  0  0  0  0
  1  8  1  0  0  0  0
  1 10  1  0  0  0  0
  2  5  1  0  0  0  0
  3  2  1  0  0  0  0
  3  4  1  0  0  0  0
  4  5  1  0  0  0  0
  5 14  1  0  0  0  0
  5 13  1  0  0  0  0
  6  2  1  0  0  0  0
  7  6  3  0  0  0  0
  9  1  1  0  0  0  0
 11  3  1  0  0  0  0
 12  3  1  0  0  0  0
 15  7  1  0  0  0  0
M  END
