Lattice="13.17565783 0.0 0.0 0.0 14.70842089 0.0 0.0 0.0 14.27039143" Properties=species:S:1:pos:R:3:GW_charged:R:1:dKS_charged:R:1:dKS_neutral:R:1 pbc="T T T"
 OpenBabel12102411053D
Lattice="13.17565783 0.0 0.0 0.0 14.70842089 0.0 0.0 0.0 14.27039143" Properties=species:S:1:pos:R:3:GW_charged:R:1:dKS_charged:R:1:dKS_neutral:R:1 pbc="T T T"
 21 24  0  0  1  0  0  0  0  0999 V2000
    6.0506    9.6230    5.5646 C   0  0  0  0  0  0  0  0  0  0  0  0
    7.3598    8.9130    5.3551 C   0  0  1  0  0  0  0  0  0  0  0  0
    7.8198    8.2163    6.6432 C   0  0  0  0  0  0  0  0  0  0  0  0
    6.4767    7.4459    6.6523 C   0  0  1  0  0  0  0  0  0  0  0  0
    6.0381    8.1296    5.3709 C   0  0  1  0  0  0  0  0  0  0  0  0
    6.2392    5.9906    6.9050 C   0  0  1  0  0  0  0  0  0  0  0  0
    7.0281    5.5143    8.1283 C   0  0  0  0  0  0  0  0  0  0  0  0
    6.3246    6.6069    8.9968 C   0  0  0  0  0  0  0  0  0  0  0  0
    5.5423    7.0735    7.7639 C   0  0  1  0  0  0  0  0  0  0  0  0
    5.8038   10.0463    6.5414 H   0  0  0  0  0  0  0  0  0  0  0  0
    5.6975   10.2084    4.7157 H   0  0  0  0  0  0  0  0  0  0  0  0
    7.9966    9.1319    4.5000 H   0  0  0  0  0  0  0  0  0  0  0  0
    8.6757    7.5466    6.4846 H   0  0  0  0  0  0  0  0  0  0  0  0
    8.0346    8.8739    7.4993 H   0  0  0  0  0  0  0  0  0  0  0  0
    5.5156    7.6530    4.5422 H   0  0  0  0  0  0  0  0  0  0  0  0
    5.8128    5.3484    6.1340 H   0  0  0  0  0  0  0  0  0  0  0  0
    6.7564    4.5000    8.4439 H   0  0  0  0  0  0  0  0  0  0  0  0
    8.1245    5.5685    8.0472 H   0  0  0  0  0  0  0  0  0  0  0  0
    5.6846    6.1661    9.7704 H   0  0  0  0  0  0  0  0  0  0  0  0
    6.9705    7.3614    9.4707 H   0  0  0  0  0  0  0  0  0  0  0  0
    4.5000    7.3921    7.7512 H   0  0  0  0  0  0  0  0  0  0  0  0
  1 10  1  0  0  0  0
  2 12  1  6  0  0  0
  2  5  1  0  0  0  0
  2  1  1  0  0  0  0
  2  3  1  0  0  0  0
  3 14  1  0  0  0  0
  4  3  1  1  0  0  0
  4  6  1  0  0  0  0
  4  9  1  0  0  0  0
  5 15  1  6  0  0  0
  5  1  1  0  0  0  0
  5  4  1  0  0  0  0
  6 16  1  6  0  0  0
  6  9  1  0  0  0  0
  6  7  1  0  0  0  0
  7 17  1  0  0  0  0
  7  8  1  0  0  0  0
  8 20  1  0  0  0  0
  8 19  1  0  0  0  0
  9 21  1  6  0  0  0
  9  8  1  0  0  0  0
 11  1  1  0  0  0  0
 13  3  1  0  0  0  0
 18  7  1  0  0  0  0
M  END
