Lattice="14.17633127 0.0 0.0 0.0 13.55049651 0.0 0.0 0.0 13.56348062" Properties=species:S:1:pos:R:3:GW_charged:R:1:dKS_charged:R:1:dKS_neutral:R:1 pbc="T T T"
 OpenBabel12102409373D
Lattice="14.17633127 0.0 0.0 0.0 13.55049651 0.0 0.0 0.0 13.56348062" Properties=species:S:1:pos:R:3:GW_charged:R:1:dKS_charged:R:1:dKS_neutral:R:1 pbc="T T T"
 19 19  0  0  1  0  0  0  0  0999 V2000
    5.2181    8.2296    6.5451 C   0  0  0  0  0  0  0  0  0  0  0  0
    5.9207    6.8761    6.5566 C   0  0  1  0  0  0  0  0  0  0  0  0
    6.9501    6.6899    5.4318 C   0  0  0  0  0  0  0  0  0  0  0  0
    7.9209    5.7420    5.8971 O   0  0  0  0  0  0  0  0  0  0  0  0
    7.7106    5.4738    7.3040 C   0  0  1  0  0  0  0  0  0  0  0  0
    9.0557    5.3794    8.0016 C   0  0  0  0  0  0  0  0  0  0  0  0
    6.7853    6.5898    7.7919 C   0  0  0  0  0  0  0  0  0  0  0  0
    5.9438    9.0505    6.6452 H   0  0  0  0  0  0  0  0  0  0  0  0
    4.6632    8.3866    5.6092 H   0  0  0  0  0  0  0  0  0  0  0  0
    4.5000    8.3141    7.3722 H   0  0  0  0  0  0  0  0  0  0  0  0
    5.1637    6.0781    6.4714 H   0  0  0  0  0  0  0  0  0  0  0  0
    6.5000    6.3136    4.5000 H   0  0  0  0  0  0  0  0  0  0  0  0
    7.4552    7.6477    5.2037 H   0  0  0  0  0  0  0  0  0  0  0  0
    7.1881    4.5000    7.3924 H   0  0  0  0  0  0  0  0  0  0  0  0
    9.5951    6.3342    7.9318 H   0  0  0  0  0  0  0  0  0  0  0  0
    8.9220    5.1282    9.0635 H   0  0  0  0  0  0  0  0  0  0  0  0
    9.6763    4.5992    7.5423 H   0  0  0  0  0  0  0  0  0  0  0  0
    7.3764    7.4827    8.0566 H   0  0  0  0  0  0  0  0  0  0  0  0
    6.1993    6.2981    8.6734 H   0  0  0  0  0  0  0  0  0  0  0  0
  1  2  1  0  0  0  0
  1  8  1  0  0  0  0
  1 10  1  0  0  0  0
  2 11  1  6  0  0  0
  2  7  1  0  0  0  0
  3  4  1  0  0  0  0
  3  2  1  0  0  0  0
  4  5  1  0  0  0  0
  5 14  1  1  0  0  0
  5  7  1  0  0  0  0
  5  6  1  0  0  0  0
  6 16  1  0  0  0  0
  7 18  1  0  0  0  0
  7 19  1  0  0  0  0
  9  1  1  0  0  0  0
 12  3  1  0  0  0  0
 13  3  1  0  0  0  0
 15  6  1  0  0  0  0
 17  6  1  0  0  0  0
M  END
