Lattice="12.74205467 0.0 0.0 0.0 14.74381247 0.0 0.0 0.0 12.45299038" Properties=species:S:1:pos:R:3:GW_charged:R:1:dKS_charged:R:1:dKS_neutral:R:1 pbc="T T T"
 OpenBabel12102409393D
Lattice="12.74205467 0.0 0.0 0.0 14.74381247 0.0 0.0 0.0 12.45299038" Properties=species:S:1:pos:R:3:GW_charged:R:1:dKS_charged:R:1:dKS_neutral:R:1 pbc="T T T"
 17 17  0  0  1  0  0  0  0  0999 V2000
    5.5810    9.7943    6.9609 C   0  0  0  0  0  0  0  0  0  0  0  0
    5.5214    8.2663    6.9160 C   0  0  0  0  0  0  0  0  0  0  0  0
    5.9327    7.7196    5.5592 C   0  0  1  0  0  0  0  0  0  0  0  0
    7.3423    7.9738    5.2383 O   0  0  0  0  0  0  0  0  0  0  0  0
    7.6653    6.5634    5.3673 C   0  0  0  0  0  0  0  0  0  0  0  0
    6.1706    6.1943    5.4436 C   0  0  1  0  0  0  0  0  0  0  0  0
    5.7160    5.4353    6.5520 O   0  0  0  0  0  0  0  0  0  0  0  0
    6.5941   10.1535    6.7364 H   0  0  0  0  0  0  0  0  0  0  0  0
    4.8963   10.2438    6.2267 H   0  0  0  0  0  0  0  0  0  0  0  0
    5.3008   10.1722    7.9530 H   0  0  0  0  0  0  0  0  0  0  0  0
    6.1658    7.8337    7.6953 H   0  0  0  0  0  0  0  0  0  0  0  0
    4.5000    7.9123    7.1290 H   0  0  0  0  0  0  0  0  0  0  0  0
    5.2884    8.1437    4.7693 H   0  0  0  0  0  0  0  0  0  0  0  0
    8.2421    6.1932    4.5058 H   0  0  0  0  0  0  0  0  0  0  0  0
    8.2079    6.3448    6.3027 H   0  0  0  0  0  0  0  0  0  0  0  0
    5.7812    5.7825    4.5000 H   0  0  0  0  0  0  0  0  0  0  0  0
    5.7103    4.5000    6.3025 H   0  0  0  0  0  0  0  0  0  0  0  0
  1 10  1  0  0  0  0
  2  1  1  0  0  0  0
  2 12  1  0  0  0  0
  2 11  1  0  0  0  0
  3 13  1  6  0  0  0
  3  2  1  0  0  0  0
  4  5  1  0  0  0  0
  4  3  1  0  0  0  0
  5  6  1  0  0  0  0
  5 15  1  0  0  0  0
  6 16  1  6  0  0  0
  6  3  1  0  0  0  0
  6  7  1  0  0  0  0
  8  1  1  0  0  0  0
  9  1  1  0  0  0  0
 14  5  1  0  0  0  0
 17  7  1  0  0  0  0
M  END
