Lattice="14.303143989999999 0.0 0.0 0.0 16.175390059999998 0.0 0.0 0.0 13.34721149" Properties=species:S:1:pos:R:3:GW_charged:R:1:dKS_charged:R:1:dKS_neutral:R:1 pbc="T T T"
 OpenBabel12102411073D
Lattice="14.303143989999999 0.0 0.0 0.0 16.175390059999998 0.0 0.0 0.0 13.34721149" Properties=species:S:1:pos:R:3:GW_charged:R:1:dKS_charged:R:1:dKS_neutral:R:1 pbc="T T T"
 25 24  0  0  0  0  0  0  0  0999 V2000
    8.6355   11.2398    6.6725 C   0  0  0  0  0  0  0  0  0  0  0  0
    8.7270    9.7244    6.6632 C   0  0  0  0  0  0  0  0  0  0  0  0
    9.8031    9.1517    6.6497 O   0  0  0  0  0  0  0  0  0  0  0  0
    7.4021    8.9718    6.6719 C   0  0  0  0  0  0  0  0  0  0  0  0
    7.5478    7.4531    6.6624 C   0  0  0  0  0  0  0  0  0  0  0  0
    6.2340    6.6315    6.6705 C   0  0  0  0  0  0  0  0  0  0  0  0
    5.3854    6.9352    5.4222 C   0  0  0  0  0  0  0  0  0  0  0  0
    6.6204    5.1412    6.6589 C   0  0  0  0  0  0  0  0  0  0  0  0
    5.4093    6.9218    7.9380 C   0  0  0  0  0  0  0  0  0  0  0  0
    9.6394   11.6754    6.6647 H   0  0  0  0  0  0  0  0  0  0  0  0
    8.0716   11.5966    5.7980 H   0  0  0  0  0  0  0  0  0  0  0  0
    8.0896   11.5868    7.5621 H   0  0  0  0  0  0  0  0  0  0  0  0
    6.8363    9.3223    7.5522 H   0  0  0  0  0  0  0  0  0  0  0  0
    6.8196    9.3316    5.8064 H   0  0  0  0  0  0  0  0  0  0  0  0
    8.1395    7.1630    5.7803 H   0  0  0  0  0  0  0  0  0  0  0  0
    8.1562    7.1537    7.5299 H   0  0  0  0  0  0  0  0  0  0  0  0
    5.9608    6.7671    4.5000 H   0  0  0  0  0  0  0  0  0  0  0  0
    4.5000    6.2842    5.3858 H   0  0  0  0  0  0  0  0  0  0  0  0
    5.0247    7.9734    5.4100 H   0  0  0  0  0  0  0  0  0  0  0  0
    7.2257    4.8815    7.5395 H   0  0  0  0  0  0  0  0  0  0  0  0
    5.7271    4.5000    6.6640 H   0  0  0  0  0  0  0  0  0  0  0  0
    7.2088    4.8909    5.7643 H   0  0  0  0  0  0  0  0  0  0  0  0
    5.0490    7.9598    7.9681 H   0  0  0  0  0  0  0  0  0  0  0  0
    4.5248    6.2704    7.9844 H   0  0  0  0  0  0  0  0  0  0  0  0
    6.0023    6.7439    8.8472 H   0  0  0  0  0  0  0  0  0  0  0  0
  1 12  1  0  0  0  0
  2  4  1  0  0  0  0
  2  1  1  0  0  0  0
  3  2  2  0  0  0  0
  4 13  1  0  0  0  0
  5  6  1  0  0  0  0
  5  4  1  0  0  0  0
  5 16  1  0  0  0  0
  6  9  1  0  0  0  0
  7  6  1  0  0  0  0
  8 21  1  0  0  0  0
  8  6  1  0  0  0  0
  8 20  1  0  0  0  0
  9 23  1  0  0  0  0
  9 24  1  0  0  0  0
  9 25  1  0  0  0  0
 10  1  1  0  0  0  0
 11  1  1  0  0  0  0
 14  4  1  0  0  0  0
 15  5  1  0  0  0  0
 17  7  1  0  0  0  0
 18  7  1  0  0  0  0
 19  7  1  0  0  0  0
 22  8  1  0  0  0  0
M  END
