Lattice="12.87950045 0.0 0.0 0.0 15.30111104 0.0 0.0 0.0 13.0851796" Properties=species:S:1:pos:R:3:GW_charged:R:1:dKS_charged:R:1:dKS_neutral:R:1 pbc="T T T"
 OpenBabel12102409463D
Lattice="12.87950045 0.0 0.0 0.0 15.30111104 0.0 0.0 0.0 13.0851796" Properties=species:S:1:pos:R:3:GW_charged:R:1:dKS_charged:R:1:dKS_neutral:R:1 pbc="T T T"
 19 20  0  0  1  0  0  0  0  0999 V2000
    4.9313    5.5625    5.2207 C   0  0  0  0  0  0  0  0  0  0  0  0
    5.0128    6.7652    5.3333 C   0  0  0  0  0  0  0  0  0  0  0  0
    5.1013    8.2156    5.4390 C   0  0  1  0  0  0  0  0  0  0  0  0
    4.5000    8.6940    6.6821 O   0  0  0  0  0  0  0  0  0  0  0  0
    5.5221    9.4979    7.3247 C   0  0  1  0  0  0  0  0  0  0  0  0
    6.5963    8.5546    7.8938 C   0  0  0  0  0  0  0  0  0  0  0  0
    7.3303    8.0813    6.5993 C   0  0  0  0  0  0  0  0  0  0  0  0
    6.5398    8.7967    5.4828 C   0  0  2  0  0  0  0  0  0  0  0  0
    6.2303   10.1572    6.1370 C   0  0  0  0  0  0  0  0  0  0  0  0
    4.8509    4.5000    5.1288 H   0  0  0  0  0  0  0  0  0  0  0  0
    4.5391    8.6573    4.5957 H   0  0  0  0  0  0  0  0  0  0  0  0
    5.0179   10.1474    8.0486 H   0  0  0  0  0  0  0  0  0  0  0  0
    7.2685    9.0823    8.5852 H   0  0  0  0  0  0  0  0  0  0  0  0
    6.1261    7.7288    8.4409 H   0  0  0  0  0  0  0  0  0  0  0  0
    8.3795    8.4056    6.5867 H   0  0  0  0  0  0  0  0  0  0  0  0
    7.3171    6.9917    6.4784 H   0  0  0  0  0  0  0  0  0  0  0  0
    7.0238    8.8106    4.5000 H   0  0  0  0  0  0  0  0  0  0  0  0
    5.5653   10.8011    5.5473 H   0  0  0  0  0  0  0  0  0  0  0  0
    7.1357   10.7128    6.4147 H   0  0  0  0  0  0  0  0  0  0  0  0
  1  2  3  0  0  0  0
  2  3  1  0  0  0  0
  3 11  1  6  0  0  0
  3  8  1  0  0  0  0
  3  4  1  0  0  0  0
  4  5  1  0  0  0  0
  5  6  1  0  0  0  0
  5 12  1  1  0  0  0
  6 14  1  0  0  0  0
  6 13  1  0  0  0  0
  7  6  1  0  0  0  0
  8 17  1  6  0  0  0
  8  9  1  0  0  0  0
  8  7  1  0  0  0  0
  9 19  1  0  0  0  0
  9  5  1  0  0  0  0
 10  1  1  0  0  0  0
 15  7  1  0  0  0  0
 16  7  1  0  0  0  0
 18  9  1  0  0  0  0
M  END
