Lattice="13.80784871 0.0 0.0 0.0 13.306376409999999 0.0 0.0 0.0 14.1712823" Properties=species:S:1:pos:R:3:GW_charged:R:1:dKS_charged:R:1:dKS_neutral:R:1 pbc="T T T"
 OpenBabel12102411043D
Lattice="13.80784871 0.0 0.0 0.0 13.306376409999999 0.0 0.0 0.0 14.1712823" Properties=species:S:1:pos:R:3:GW_charged:R:1:dKS_charged:R:1:dKS_neutral:R:1 pbc="T T T"
 21 23  0  0  1  0  0  0  0  0999 V2000
    6.1293    7.9448    5.4497 C   0  0  0  0  0  0  0  0  0  0  0  0
    7.6514    8.1038    5.5046 C   0  0  1  0  0  0  0  0  0  0  0  0
    8.2222    7.4933    6.7545 C   0  0  1  0  0  0  0  0  0  0  0  0
    7.6372    7.5958    8.1589 C   0  0  0  0  0  0  0  0  0  0  0  0
    6.4413    6.7993    8.6032 C   0  0  0  0  0  0  0  0  0  0  0  0
    5.6122    5.9648    7.9613 C   0  0  0  0  0  0  0  0  0  0  0  0
    5.5622    5.5452    6.5200 C   0  0  0  0  0  0  0  0  0  0  0  0
    6.3142    6.3888    5.5001 C   0  0  2  0  0  0  0  0  0  0  0  0
    7.8311    6.5770    5.6270 C   0  0  1  0  0  0  0  0  0  0  0  0
    5.5687    8.4080    6.2745 H   0  0  0  0  0  0  0  0  0  0  0  0
    5.6877    8.2758    4.5025 H   0  0  0  0  0  0  0  0  0  0  0  0
    8.2295    8.8064    4.9053 H   0  0  0  0  0  0  0  0  0  0  0  0
    9.3078    7.6244    6.7718 H   0  0  0  0  0  0  0  0  0  0  0  0
    8.4461    7.3416    8.8661 H   0  0  0  0  0  0  0  0  0  0  0  0
    7.4278    8.6618    8.3708 H   0  0  0  0  0  0  0  0  0  0  0  0
    6.2379    6.9342    9.6713 H   0  0  0  0  0  0  0  0  0  0  0  0
    4.8346    5.5044    8.5794 H   0  0  0  0  0  0  0  0  0  0  0  0
    5.9178    4.5000    6.4439 H   0  0  0  0  0  0  0  0  0  0  0  0
    4.5000    5.4981    6.2210 H   0  0  0  0  0  0  0  0  0  0  0  0
    6.0952    5.9867    4.5000 H   0  0  0  0  0  0  0  0  0  0  0  0
    8.5686    5.9351    5.1447 H   0  0  0  0  0  0  0  0  0  0  0  0
  1  8  1  0  0  0  0
  1  2  1  0  0  0  0
  1 10  1  0  0  0  0
  2 12  1  6  0  0  0
  2  9  1  0  0  0  0
  2  3  1  0  0  0  0
  3 13  1  1  0  0  0
  3  4  1  0  0  0  0
  4 15  1  0  0  0  0
  4  5  1  0  0  0  0
  4 14  1  0  0  0  0
  5 16  1  0  0  0  0
  6 17  1  0  0  0  0
  6  5  2  0  0  0  0
  7  6  1  0  0  0  0
  8 20  1  6  0  0  0
  8  9  1  0  0  0  0
  8  7  1  0  0  0  0
  9 21  1  6  0  0  0
  9  3  1  0  0  0  0
 11  1  1  0  0  0  0
 18  7  1  0  0  0  0
 19  7  1  0  0  0  0
M  END
