Lattice="12.8768071 0.0 0.0 0.0 13.27857212 0.0 0.0 0.0 11.738876300000001" Properties=species:S:1:pos:R:3:GW_charged:R:1:dKS_charged:R:1:dKS_neutral:R:1 pbc="T T T"
 OpenBabel12102409263D
Lattice="12.8768071 0.0 0.0 0.0 13.27857212 0.0 0.0 0.0 11.738876300000001" Properties=species:S:1:pos:R:3:GW_charged:R:1:dKS_charged:R:1:dKS_neutral:R:1 pbc="T T T"
 15 15  0  0  0  0  0  0  0  0999 V2000
    5.0606    7.3971    5.5644 C   0  0  0  0  0  0  0  0  0  0  0  0
    6.5412    7.8398    5.5455 C   0  0  0  0  0  0  0  0  0  0  0  0
    7.3010    6.6463    6.1417 C   0  0  0  0  0  0  0  0  0  0  0  0
    6.5742    5.4370    5.5360 C   0  0  0  0  0  0  0  0  0  0  0  0
    5.0816    5.8399    5.5505 C   0  0  0  0  0  0  0  0  0  0  0  0
    4.5663    7.7619    6.4756 H   0  0  0  0  0  0  0  0  0  0  0  0
    4.5000    7.8126    4.7170 H   0  0  0  0  0  0  0  0  0  0  0  0
    6.8753    8.0041    4.5088 H   0  0  0  0  0  0  0  0  0  0  0  0
    6.7107    8.7786    6.0896 H   0  0  0  0  0  0  0  0  0  0  0  0
    8.3768    6.6617    5.9197 H   0  0  0  0  0  0  0  0  0  0  0  0
    7.1932    6.6408    7.2389 H   0  0  0  0  0  0  0  0  0  0  0  0
    6.9167    5.2868    4.5000 H   0  0  0  0  0  0  0  0  0  0  0  0
    6.7661    4.5000    6.0757 H   0  0  0  0  0  0  0  0  0  0  0  0
    4.5886    5.4451    6.4497 H   0  0  0  0  0  0  0  0  0  0  0  0
    4.5404    5.4255    4.6901 H   0  0  0  0  0  0  0  0  0  0  0  0
  1  6  1  0  0  0  0
  2  1  1  0  0  0  0
  2  9  1  0  0  0  0
  2  3  1  0  0  0  0
  3 11  1  0  0  0  0
  4  5  1  0  0  0  0
  4 13  1  0  0  0  0
  4  3  1  0  0  0  0
  5  1  1  0  0  0  0
  5 14  1  0  0  0  0
  7  1  1  0  0  0  0
  8  2  1  0  0  0  0
 10  3  1  0  0  0  0
 12  4  1  0  0  0  0
 15  5  1  0  0  0  0
M  END
