Lattice="14.20161616 0.0 0.0 0.0 13.61146125 0.0 0.0 0.0 13.16727353" Properties=species:S:1:pos:R:3:GW_charged:R:1:dKS_charged:R:1:dKS_neutral:R:1 pbc="T T T"
 OpenBabel12102409423D
Lattice="14.20161616 0.0 0.0 0.0 13.61146125 0.0 0.0 0.0 13.16727353" Properties=species:S:1:pos:R:3:GW_charged:R:1:dKS_charged:R:1:dKS_neutral:R:1 pbc="T T T"
 18 18  0  0  1  0  0  0  0  0999 V2000
    6.7494    8.5283    6.2294 C   0  0  0  0  0  0  0  0  0  0  0  0
    6.2373    7.0989    6.2956 C   0  0  1  0  0  0  0  0  0  0  0  0
    4.8114    7.0565    6.2603 O   0  0  0  0  0  0  0  0  0  0  0  0
    6.9711    6.0938    5.3432 C   0  0  0  0  0  0  0  0  0  0  0  0
    7.8147    5.5866    6.5393 C   0  0  1  0  0  0  0  0  0  0  0  0
    9.0591    6.2742    6.7199 O   0  0  0  0  0  0  0  0  0  0  0  0
    6.7810    6.2467    7.4928 C   0  0  1  0  0  0  0  0  0  0  0  0
    7.2543    6.8525    8.6673 O   0  0  0  0  0  0  0  0  0  0  0  0
    7.8454    8.5677    6.2595 H   0  0  0  0  0  0  0  0  0  0  0  0
    6.4282    9.0011    5.2874 H   0  0  0  0  0  0  0  0  0  0  0  0
    6.3562    9.1115    7.0723 H   0  0  0  0  0  0  0  0  0  0  0  0
    4.5000    7.7318    5.6372 H   0  0  0  0  0  0  0  0  0  0  0  0
    6.2784    5.3269    4.9745 H   0  0  0  0  0  0  0  0  0  0  0  0
    7.5314    6.5198    4.5000 H   0  0  0  0  0  0  0  0  0  0  0  0
    7.9590    4.5000    6.6359 H   0  0  0  0  0  0  0  0  0  0  0  0
    9.7016    5.9247    6.0857 H   0  0  0  0  0  0  0  0  0  0  0  0
    5.9960    5.5294    7.7712 H   0  0  0  0  0  0  0  0  0  0  0  0
    8.1696    7.1298    8.4846 H   0  0  0  0  0  0  0  0  0  0  0  0
  1  9  1  0  0  0  0
  1  2  1  0  0  0  0
  1 11  1  0  0  0  0
  2  3  1  6  0  0  0
  2  7  1  0  0  0  0
  4  2  1  0  0  0  0
  4  5  1  0  0  0  0
  5 15  1  1  0  0  0
  5  6  1  0  0  0  0
  5  7  1  0  0  0  0
  7 17  1  1  0  0  0
  7  8  1  0  0  0  0
 10  1  1  0  0  0  0
 12  3  1  0  0  0  0
 13  4  1  0  0  0  0
 14  4  1  0  0  0  0
 16  6  1  0  0  0  0
 18  8  1  0  0  0  0
M  END
