Lattice="13.458540249999999 0.0 0.0 0.0 13.383057659999999 0.0 0.0 0.0 13.348357029999999" Properties=species:S:1:pos:R:3:GW_charged:R:1:dKS_charged:R:1:dKS_neutral:R:1 pbc="T T T"
 OpenBabel12102411043D
Lattice="13.458540249999999 0.0 0.0 0.0 13.383057659999999 0.0 0.0 0.0 13.348357029999999" Properties=species:S:1:pos:R:3:GW_charged:R:1:dKS_charged:R:1:dKS_neutral:R:1 pbc="T T T"
 21 23  0  0  1  0  0  0  0  0999 V2000
    5.4676    7.6465    6.7329 C   0  0  0  0  0  0  0  0  0  0  0  0
    6.9094    8.2258    6.7221 C   0  0  0  0  0  0  0  0  0  0  0  0
    7.9362    7.0816    6.6790 C   0  0  1  0  0  0  0  0  0  0  0  0
    7.7419    6.1796    7.9237 C   0  0  0  0  0  0  0  0  0  0  0  0
    6.2978    5.5993    7.9344 C   0  0  0  0  0  0  0  0  0  0  0  0
    5.5175    6.1097    6.6971 C   0  0  2  0  0  0  0  0  0  0  0  0
    6.3093    5.6416    5.4797 C   0  0  1  0  0  0  0  0  0  0  0  0
    6.6973    6.6287    4.5000 O   0  0  0  0  0  0  0  0  0  0  0  0
    7.6729    6.1895    5.4696 C   0  0  1  0  0  0  0  0  0  0  0  0
    4.9247    7.9578    7.6372 H   0  0  0  0  0  0  0  0  0  0  0  0
    4.9013    8.0203    5.8710 H   0  0  0  0  0  0  0  0  0  0  0  0
    7.0484    8.8831    5.8549 H   0  0  0  0  0  0  0  0  0  0  0  0
    7.0975    8.8309    7.6209 H   0  0  0  0  0  0  0  0  0  0  0  0
    8.9585    7.4851    6.6573 H   0  0  0  0  0  0  0  0  0  0  0  0
    8.4849    5.3691    7.9144 H   0  0  0  0  0  0  0  0  0  0  0  0
    7.9357    6.7676    8.8322 H   0  0  0  0  0  0  0  0  0  0  0  0
    6.3223    4.5000    7.9303 H   0  0  0  0  0  0  0  0  0  0  0  0
    5.7627    5.8942    8.8484 H   0  0  0  0  0  0  0  0  0  0  0  0
    4.5000    5.6936    6.6905 H   0  0  0  0  0  0  0  0  0  0  0  0
    6.0941    4.6520    5.0663 H   0  0  0  0  0  0  0  0  0  0  0  0
    8.5076    5.6218    5.0483 H   0  0  0  0  0  0  0  0  0  0  0  0
  1 10  1  0  0  0  0
  2  1  1  0  0  0  0
  2 13  1  0  0  0  0
  3 14  1  6  0  0  0
  3  2  1  0  0  0  0
  3  4  1  0  0  0  0
  4  5  1  0  0  0  0
  4 16  1  0  0  0  0
  5 18  1  0  0  0  0
  6 19  1  6  0  0  0
  6  1  1  0  0  0  0
  6  5  1  0  0  0  0
  7 20  1  6  0  0  0
  7  6  1  0  0  0  0
  8  9  1  0  0  0  0
  8  7  1  0  0  0  0
  9 21  1  6  0  0  0
  9  7  1  0  0  0  0
  9  3  1  0  0  0  0
 11  1  1  0  0  0  0
 12  2  1  0  0  0  0
 15  4  1  0  0  0  0
 17  5  1  0  0  0  0
M  END
