Lattice="13.6633225 0.0 0.0 0.0 14.350083380000001 0.0 0.0 0.0 12.84032201" Properties=species:S:1:pos:R:3:GW_charged:R:1:dKS_charged:R:1:dKS_neutral:R:1 pbc="T T T"
 OpenBabel12102409453D
Lattice="13.6633225 0.0 0.0 0.0 14.350083380000001 0.0 0.0 0.0 12.84032201" Properties=species:S:1:pos:R:3:GW_charged:R:1:dKS_charged:R:1:dKS_neutral:R:1 pbc="T T T"
 19 21  0  0  1  0  0  0  0  0999 V2000
    4.8854    5.5509    4.9239 C   0  0  0  0  0  0  0  0  0  0  0  0
    5.1265    6.7370    5.0056 C   0  0  0  0  0  0  0  0  0  0  0  0
    5.2919    8.1558    5.1003 C   0  0  1  0  0  0  0  0  0  0  0  0
    5.7325    8.8854    6.3683 C   0  0  1  0  0  0  0  0  0  0  0  0
    6.5267    8.1474    7.4493 C   0  0  0  0  0  0  0  0  0  0  0  0
    7.9393    7.9134    6.8977 C   0  0  1  0  0  0  0  0  0  0  0  0
    8.1533    6.9220    5.7824 C   0  0  0  0  0  0  0  0  0  0  0  0
    7.9581    8.3842    5.4518 C   0  0  1  0  0  0  0  0  0  0  0  0
    6.5976    8.9620    5.1307 C   0  0  1  0  0  0  0  0  0  0  0  0
    4.7054    4.5000    4.8458 H   0  0  0  0  0  0  0  0  0  0  0  0
    4.5000    8.6859    4.5638 H   0  0  0  0  0  0  0  0  0  0  0  0
    5.1012    9.7180    6.6786 H   0  0  0  0  0  0  0  0  0  0  0  0
    6.5834    8.7871    8.3403 H   0  0  0  0  0  0  0  0  0  0  0  0
    6.0359    7.2118    7.7599 H   0  0  0  0  0  0  0  0  0  0  0  0
    8.7798    8.1206    7.5597 H   0  0  0  0  0  0  0  0  0  0  0  0
    9.1633    6.5306    5.6618 H   0  0  0  0  0  0  0  0  0  0  0  0
    7.3669    6.2126    5.5418 H   0  0  0  0  0  0  0  0  0  0  0  0
    8.8088    8.9341    5.0520 H   0  0  0  0  0  0  0  0  0  0  0  0
    6.5918    9.8501    4.5000 H   0  0  0  0  0  0  0  0  0  0  0  0
  1  2  3  0  0  0  0
  2  3  1  0  0  0  0
  3 11  1  6  0  0  0
  3  9  1  0  0  0  0
  3  4  1  0  0  0  0
  4 12  1  1  0  0  0
  4  5  1  0  0  0  0
  5 14  1  0  0  0  0
  5 13  1  0  0  0  0
  6  5  1  0  0  0  0
  6 15  1  1  0  0  0
  7  6  1  0  0  0  0
  8 18  1  6  0  0  0
  8  7  1  0  0  0  0
  8  6  1  0  0  0  0
  9 19  1  6  0  0  0
  9  8  1  0  0  0  0
  9  4  1  0  0  0  0
 10  1  1  0  0  0  0
 16  7  1  0  0  0  0
 17  7  1  0  0  0  0
M  END
