Lattice="14.68562105 0.0 0.0 0.0 13.28741549 0.0 0.0 0.0 14.65103138" Properties=species:S:1:pos:R:3:GW_charged:R:1:dKS_charged:R:1:dKS_neutral:R:1 pbc="T T T"
 OpenBabel12102411083D
Lattice="14.68562105 0.0 0.0 0.0 13.28741549 0.0 0.0 0.0 14.65103138" Properties=species:S:1:pos:R:3:GW_charged:R:1:dKS_charged:R:1:dKS_neutral:R:1 pbc="T T T"
 25 26  0  0  1  0  0  0  0  0999 V2000
    6.3288    7.7312    8.2972 C   0  0  0  0  0  0  0  0  0  0  0  0
    6.5069    6.2269    8.0263 C   0  0  0  0  0  0  0  0  0  0  0  0
    7.2547    5.5819    9.2082 C   0  0  0  0  0  0  0  0  0  0  0  0
    5.0992    5.6072    7.9100 C   0  0  0  0  0  0  0  0  0  0  0  0
    7.2651    5.8554    6.7333 C   0  0  1  0  0  0  0  0  0  0  0  0
    7.5318    6.6010    5.4519 C   0  0  1  0  0  0  0  0  0  0  0  0
    8.0527    8.0370    5.6212 C   0  0  0  0  0  0  0  0  0  0  0  0
    9.1983    7.5156    6.5395 C   0  0  0  0  0  0  0  0  0  0  0  0
    8.6975    6.0795    6.3358 C   0  0  1  0  0  0  0  0  0  0  0  0
    7.2822    8.2549    8.4335 H   0  0  0  0  0  0  0  0  0  0  0  0
    5.7754    8.2233    7.4869 H   0  0  0  0  0  0  0  0  0  0  0  0
    5.7476    7.8672    9.2211 H   0  0  0  0  0  0  0  0  0  0  0  0
    6.7074    5.7289   10.1510 H   0  0  0  0  0  0  0  0  0  0  0  0
    7.3787    4.5000    9.0560 H   0  0  0  0  0  0  0  0  0  0  0  0
    8.2570    6.0174    9.3245 H   0  0  0  0  0  0  0  0  0  0  0  0
    4.5624    6.0153    7.0414 H   0  0  0  0  0  0  0  0  0  0  0  0
    5.1519    4.5153    7.7899 H   0  0  0  0  0  0  0  0  0  0  0  0
    4.5000    5.8181    8.8076 H   0  0  0  0  0  0  0  0  0  0  0  0
    7.0099    4.8206    6.4739 H   0  0  0  0  0  0  0  0  0  0  0  0
    7.1832    6.2001    4.5000 H   0  0  0  0  0  0  0  0  0  0  0  0
    8.4541    8.4215    4.6754 H   0  0  0  0  0  0  0  0  0  0  0  0
    7.3628    8.7874    6.0257 H   0  0  0  0  0  0  0  0  0  0  0  0
   10.1856    7.6781    6.0906 H   0  0  0  0  0  0  0  0  0  0  0  0
    9.2350    7.8828    7.5744 H   0  0  0  0  0  0  0  0  0  0  0  0
    9.3550    5.2314    6.1451 H   0  0  0  0  0  0  0  0  0  0  0  0
  1 10  1  0  0  0  0
  1 12  1  0  0  0  0
  2  1  1  0  0  0  0
  2  3  1  0  0  0  0
  3 15  1  0  0  0  0
  3 13  1  0  0  0  0
  4  2  1  0  0  0  0
  4 18  1  0  0  0  0
  5 19  1  6  0  0  0
  5  2  1  0  0  0  0
  6 20  1  6  0  0  0
  6  7  1  0  0  0  0
  6  9  1  0  0  0  0
  6  5  1  0  0  0  0
  7 22  1  0  0  0  0
  7  8  1  0  0  0  0
  8 24  1  0  0  0  0
  9 25  1  6  0  0  0
  9  8  1  0  0  0  0
  9  5  1  0  0  0  0
 11  1  1  0  0  0  0
 14  3  1  0  0  0  0
 16  4  1  0  0  0  0
 17  4  1  0  0  0  0
 21  7  1  0  0  0  0
 23  8  1  0  0  0  0
M  END
