Lattice="13.07553737 0.0 0.0 0.0 12.19966053 0.0 0.0 0.0 9.02837925" Properties=species:S:1:pos:R:3:GW_charged:R:1:dKS_charged:R:1:dKS_neutral:R:1 pbc="T T T"
 OpenBabel12102409263D
Lattice="13.07553737 0.0 0.0 0.0 12.19966053 0.0 0.0 0.0 9.02837925" Properties=species:S:1:pos:R:3:GW_charged:R:1:dKS_charged:R:1:dKS_neutral:R:1 pbc="T T T"
  6  5  0  0  0  0  0  0  0  0999 V2000
    5.3607    4.5000    4.5132 O   0  0  0  0  0  0  0  0  0  0  0  0
    5.4195    5.7165    4.5180 C   0  0  0  0  0  0  0  0  0  0  0  0
    6.6552    6.4634    4.5108 C   0  0  0  0  0  0  0  0  0  0  0  0
    7.6683    7.1304    4.5052 C   0  0  0  0  0  0  0  0  0  0  0  0
    4.5000    6.3471    4.5284 H   0  0  0  0  0  0  0  0  0  0  0  0
    8.5755    7.6997    4.5000 H   0  0  0  0  0  0  0  0  0  0  0  0
  1  2  2  0  0  0  0
  2  5  1  0  0  0  0
  3  2  1  0  0  0  0
  4  3  3  0  0  0  0
  6  4  1  0  0  0  0
M  END
