Lattice="12.48571144 0.0 0.0 0.0 13.77198327 0.0 0.0 0.0 14.34223828" Properties=species:S:1:pos:R:3:GW_charged:R:1:dKS_charged:R:1:dKS_neutral:R:1 pbc="T T T"
 OpenBabel12102409373D
Lattice="12.48571144 0.0 0.0 0.0 13.77198327 0.0 0.0 0.0 14.34223828" Properties=species:S:1:pos:R:3:GW_charged:R:1:dKS_charged:R:1:dKS_neutral:R:1 pbc="T T T"
 19 19  0  0  1  0  0  0  0  0999 V2000
    5.4238    8.8106    6.4921 C   0  0  0  0  0  0  0  0  0  0  0  0
    5.5301    7.2842    6.5478 C   0  0  1  0  0  0  0  0  0  0  0  0
    6.2549    6.6697    5.3252 C   0  0  0  0  0  0  0  0  0  0  0  0
    7.0103    5.4326    5.8599 C   0  0  0  0  0  0  0  0  0  0  0  0
    7.1197    5.7224    7.3337 C   0  0  0  0  0  0  0  0  0  0  0  0
    6.3198    6.7265    7.7248 C   0  0  0  0  0  0  0  0  0  0  0  0
    6.1238    7.2270    9.1195 C   0  0  0  0  0  0  0  0  0  0  0  0
    6.4227    9.2720    6.4843 H   0  0  0  0  0  0  0  0  0  0  0  0
    4.8991    9.1317    5.5811 H   0  0  0  0  0  0  0  0  0  0  0  0
    4.8702    9.2173    7.3500 H   0  0  0  0  0  0  0  0  0  0  0  0
    4.5000    6.8794    6.6134 H   0  0  0  0  0  0  0  0  0  0  0  0
    5.5692    6.4369    4.5000 H   0  0  0  0  0  0  0  0  0  0  0  0
    6.9825    7.4032    4.9438 H   0  0  0  0  0  0  0  0  0  0  0  0
    6.4429    4.5000    5.6885 H   0  0  0  0  0  0  0  0  0  0  0  0
    7.9857    5.2893    5.3713 H   0  0  0  0  0  0  0  0  0  0  0  0
    7.7452    5.1351    8.0082 H   0  0  0  0  0  0  0  0  0  0  0  0
    6.7157    6.6517    9.8422 H   0  0  0  0  0  0  0  0  0  0  0  0
    6.4086    8.2863    9.2147 H   0  0  0  0  0  0  0  0  0  0  0  0
    5.0643    7.1632    9.4168 H   0  0  0  0  0  0  0  0  0  0  0  0
  1  2  1  0  0  0  0
  1 10  1  0  0  0  0
  2 11  1  1  0  0  0
  2  6  1  0  0  0  0
  3  4  1  0  0  0  0
  3  2  1  0  0  0  0
  4  5  1  0  0  0  0
  5  6  2  0  0  0  0
  5 16  1  0  0  0  0
  6  7  1  0  0  0  0
  7 18  1  0  0  0  0
  7 19  1  0  0  0  0
  7 17  1  0  0  0  0
  8  1  1  0  0  0  0
  9  1  1  0  0  0  0
 12  3  1  0  0  0  0
 13  3  1  0  0  0  0
 14  4  1  0  0  0  0
 15  4  1  0  0  0  0
M  END
