Lattice="15.58367832 0.0 0.0 0.0 14.845620960000002 0.0 0.0 0.0 13.21784984" Properties=species:S:1:pos:R:3:GW_charged:R:1:dKS_charged:R:1:dKS_neutral:R:1 pbc="T T T"
 OpenBabel12102410123D
Lattice="15.58367832 0.0 0.0 0.0 14.845620960000002 0.0 0.0 0.0 13.21784984" Properties=species:S:1:pos:R:3:GW_charged:R:1:dKS_charged:R:1:dKS_neutral:R:1 pbc="T T T"
 21 22  0  0  0  0  0  0  0  0999 V2000
    6.7675    7.6179    6.2413 C   0  0  0  0  0  0  0  0  0  0  0  0
    6.6902    6.1280    6.5310 C   0  0  0  0  0  0  0  0  0  0  0  0
    6.4485    5.6313    7.9357 C   0  0  0  0  0  0  0  0  0  0  0  0
    5.3701    5.4930    6.8871 C   0  0  0  0  0  0  0  0  0  0  0  0
    8.1360    8.1955    6.4381 C   0  0  0  0  0  0  0  0  0  0  0  0
    8.9111    8.8192    5.5434 C   0  0  0  0  0  0  0  0  0  0  0  0
   10.1985    9.2497    6.1721 C   0  0  0  0  0  0  0  0  0  0  0  0
   10.1097    8.8270    7.5426 O   0  0  0  0  0  0  0  0  0  0  0  0
    8.8628    8.1522    7.7570 C   0  0  0  0  0  0  0  0  0  0  0  0
    6.4332    7.8160    5.2113 H   0  0  0  0  0  0  0  0  0  0  0  0
    6.0545    8.1396    6.9053 H   0  0  0  0  0  0  0  0  0  0  0  0
    7.3644    5.5217    5.9226 H   0  0  0  0  0  0  0  0  0  0  0  0
    6.9683    4.7339    8.2671 H   0  0  0  0  0  0  0  0  0  0  0  0
    6.3023    6.3766    8.7178 H   0  0  0  0  0  0  0  0  0  0  0  0
    4.5000    6.1451    6.9640 H   0  0  0  0  0  0  0  0  0  0  0  0
    5.1504    4.5000    6.4987 H   0  0  0  0  0  0  0  0  0  0  0  0
    8.6611    9.0066    4.5000 H   0  0  0  0  0  0  0  0  0  0  0  0
   11.0837    8.7830    5.6984 H   0  0  0  0  0  0  0  0  0  0  0  0
   10.3482   10.3456    6.1337 H   0  0  0  0  0  0  0  0  0  0  0  0
    8.2954    8.6619    8.5604 H   0  0  0  0  0  0  0  0  0  0  0  0
    9.0529    7.1179    8.0988 H   0  0  0  0  0  0  0  0  0  0  0  0
  1  5  1  0  0  0  0
  1  2  1  0  0  0  0
  1 11  1  0  0  0  0
  2  4  1  0  0  0  0
  2  3  1  0  0  0  0
  3 13  1  0  0  0  0
  3 14  1  0  0  0  0
  4 15  1  0  0  0  0
  4  3  1  0  0  0  0
  5  9  1  0  0  0  0
  6  7  1  0  0  0  0
  6  5  2  0  0  0  0
  7  8  1  0  0  0  0
  8  9  1  0  0  0  0
  9 21  1  0  0  0  0
  9 20  1  0  0  0  0
 10  1  1  0  0  0  0
 12  2  1  0  0  0  0
 16  4  1  0  0  0  0
 17  6  1  0  0  0  0
 18  7  1  0  0  0  0
 19  7  1  0  0  0  0
M  END
