Lattice="13.064497809999999 0.0 0.0 0.0 16.26709744 0.0 0.0 0.0 13.22759652" Properties=species:S:1:pos:R:3:GW_charged:R:1:dKS_charged:R:1:dKS_neutral:R:1 pbc="T T T"
 OpenBabel12102409453D
Lattice="13.064497809999999 0.0 0.0 0.0 16.26709744 0.0 0.0 0.0 13.22759652" Properties=species:S:1:pos:R:3:GW_charged:R:1:dKS_charged:R:1:dKS_neutral:R:1 pbc="T T T"
 19 20  0  0  1  0  0  0  0  0999 V2000
    6.3955    5.5682    6.4127 C   0  0  0  0  0  0  0  0  0  0  0  0
    6.4032    6.7786    6.4757 C   0  0  0  0  0  0  0  0  0  0  0  0
    6.4175    8.2206    6.5456 C   0  0  1  0  0  0  0  0  0  0  0  0
    6.1923    8.9528    7.9132 C   0  0  0  0  0  0  0  0  0  0  0  0
    7.0900   10.0733    7.3195 C   0  0  1  0  0  0  0  0  0  0  0  0
    7.7821    8.9783    6.4710 C   0  0  0  0  0  0  0  0  0  0  0  0
    6.2355   10.9541    6.4051 C   0  0  0  0  0  0  0  0  0  0  0  0
    5.1553   10.2148    5.8241 O   0  0  0  0  0  0  0  0  0  0  0  0
    5.4619    8.8604    5.5051 C   0  0  0  0  0  0  0  0  0  0  0  0
    6.3887    4.5000    6.3630 H   0  0  0  0  0  0  0  0  0  0  0  0
    5.1589    9.1974    8.1872 H   0  0  0  0  0  0  0  0  0  0  0  0
    6.6891    8.4138    8.7276 H   0  0  0  0  0  0  0  0  0  0  0  0
    7.7056   10.6802    7.9951 H   0  0  0  0  0  0  0  0  0  0  0  0
    8.5645    8.4458    7.0247 H   0  0  0  0  0  0  0  0  0  0  0  0
    8.1490    9.2466    5.4696 H   0  0  0  0  0  0  0  0  0  0  0  0
    5.7561   11.7671    6.9689 H   0  0  0  0  0  0  0  0  0  0  0  0
    6.8665   11.4078    5.6159 H   0  0  0  0  0  0  0  0  0  0  0  0
    5.9179    8.7776    4.5000 H   0  0  0  0  0  0  0  0  0  0  0  0
    4.5000    8.3305    5.4949 H   0  0  0  0  0  0  0  0  0  0  0  0
  1  2  3  0  0  0  0
  3  2  1  1  0  0  0
  3  4  1  0  0  0  0
  4 11  1  0  0  0  0
  4 12  1  0  0  0  0
  5  4  1  0  0  0  0
  5 13  1  1  0  0  0
  6  3  1  0  0  0  0
  6 14  1  0  0  0  0
  6  5  1  0  0  0  0
  7 16  1  0  0  0  0
  7  5  1  0  0  0  0
  8  7  1  0  0  0  0
  9  8  1  0  0  0  0
  9  3  1  0  0  0  0
 10  1  1  0  0  0  0
 15  6  1  0  0  0  0
 17  7  1  0  0  0  0
 18  9  1  0  0  0  0
 19  9  1  0  0  0  0
M  END
