Lattice="12.98900559 0.0 0.0 0.0 12.98383508 0.0 0.0 0.0 13.80319054" Properties=species:S:1:pos:R:3:GW_charged:R:1:dKS_charged:R:1:dKS_neutral:R:1 pbc="T T T"
 OpenBabel12102409373D
Lattice="12.98900559 0.0 0.0 0.0 12.98383508 0.0 0.0 0.0 13.80319054" Properties=species:S:1:pos:R:3:GW_charged:R:1:dKS_charged:R:1:dKS_neutral:R:1 pbc="T T T"
 17 18  0  0  1  0  0  0  0  0999 V2000
    5.2795    7.9315    6.1825 C   0  0  0  0  0  0  0  0  0  0  0  0
    5.4525    6.4249    6.2476 C   0  0  1  0  0  0  0  0  0  0  0  0
    6.6195    5.6641    5.5627 C   0  0  1  0  0  0  0  0  0  0  0  0
    7.6168    6.1847    6.6172 C   0  0  0  0  0  0  0  0  0  0  0  0
    6.3222    5.7192    7.3389 C   0  0  1  0  0  0  0  0  0  0  0  0
    6.0532    5.5344    8.7973 C   0  0  0  0  0  0  0  0  0  0  0  0
    6.3335    4.5000    6.4527 O   0  0  0  0  0  0  0  0  0  0  0  0
    6.2183    8.4838    6.3165 H   0  0  0  0  0  0  0  0  0  0  0  0
    4.8549    8.2292    5.2133 H   0  0  0  0  0  0  0  0  0  0  0  0
    4.5810    8.2703    6.9611 H   0  0  0  0  0  0  0  0  0  0  0  0
    4.5000    5.8939    6.1058 H   0  0  0  0  0  0  0  0  0  0  0  0
    6.7818    5.4475    4.5000 H   0  0  0  0  0  0  0  0  0  0  0  0
    8.4890    5.5430    6.7838 H   0  0  0  0  0  0  0  0  0  0  0  0
    7.8678    7.2530    6.6286 H   0  0  0  0  0  0  0  0  0  0  0  0
    6.0578    6.5097    9.3032 H   0  0  0  0  0  0  0  0  0  0  0  0
    5.0715    5.0672    8.9522 H   0  0  0  0  0  0  0  0  0  0  0  0
    6.8228    4.9014    9.2586 H   0  0  0  0  0  0  0  0  0  0  0  0
  1  2  1  0  0  0  0
  1  8  1  0  0  0  0
  1 10  1  0  0  0  0
  2 11  1  6  0  0  0
  2  5  1  0  0  0  0
  3 12  1  6  0  0  0
  3  2  1  0  0  0  0
  3  7  1  0  0  0  0
  3  4  1  0  0  0  0
  4 14  1  0  0  0  0
  4 13  1  0  0  0  0
  4  5  1  0  0  0  0
  5  6  1  1  0  0  0
  6 16  1  0  0  0  0
  6 17  1  0  0  0  0
  6 15  1  0  0  0  0
  7  5  1  0  0  0  0
  9  1  1  0  0  0  0
M  END
