Lattice="12.84214695 0.0 0.0 0.0 15.728052439999999 0.0 0.0 0.0 13.10273835" Properties=species:S:1:pos:R:3:GW_charged:R:1:dKS_charged:R:1:dKS_neutral:R:1 pbc="T T T"
 OpenBabel12102411053D
Lattice="12.84214695 0.0 0.0 0.0 15.728052439999999 0.0 0.0 0.0 13.10273835" Properties=species:S:1:pos:R:3:GW_charged:R:1:dKS_charged:R:1:dKS_neutral:R:1 pbc="T T T"
 21 23  0  0  1  0  0  0  0  0999 V2000
    5.0337   10.6245    5.6867 C   0  0  0  0  0  0  0  0  0  0  0  0
    6.3457    9.9230    5.8423 C   0  0  1  0  0  0  0  0  0  0  0  0
    6.4511    9.2817    7.1242 O   0  0  0  0  0  0  0  0  0  0  0  0
    5.3134    8.4058    6.7749 C   0  0  1  0  0  0  0  0  0  0  0  0
    5.1198    9.1312    5.4439 C   0  0  1  0  0  0  0  0  0  0  0  0
    5.7174    6.9526    6.6822 C   0  0  0  0  0  0  0  0  0  0  0  0
    6.9572    6.5272    5.8461 C   0  0  0  0  0  0  0  0  0  0  0  0
    7.2890    5.4887    6.9500 C   0  0  0  0  0  0  0  0  0  0  0  0
    6.3753    6.2824    7.9206 C   0  0  0  0  0  0  0  0  0  0  0  0
    4.5235   11.0142    6.5700 H   0  0  0  0  0  0  0  0  0  0  0  0
    4.9307   11.2281    4.7844 H   0  0  0  0  0  0  0  0  0  0  0  0
    7.2676   10.1748    5.3185 H   0  0  0  0  0  0  0  0  0  0  0  0
    4.5000    8.5262    7.5131 H   0  0  0  0  0  0  0  0  0  0  0  0
    4.8606    8.6575    4.5000 H   0  0  0  0  0  0  0  0  0  0  0  0
    4.8283    6.3815    6.3650 H   0  0  0  0  0  0  0  0  0  0  0  0
    6.7859    6.1628    4.8255 H   0  0  0  0  0  0  0  0  0  0  0  0
    7.7029    7.3323    5.8186 H   0  0  0  0  0  0  0  0  0  0  0  0
    6.8709    4.5000    6.7168 H   0  0  0  0  0  0  0  0  0  0  0  0
    8.3421    5.3643    7.2307 H   0  0  0  0  0  0  0  0  0  0  0  0
    6.9480    7.0201    8.4984 H   0  0  0  0  0  0  0  0  0  0  0  0
    5.7264    5.7187    8.6027 H   0  0  0  0  0  0  0  0  0  0  0  0
  1  2  1  0  0  0  0
  1 10  1  0  0  0  0
  2 12  1  6  0  0  0
  2  3  1  0  0  0  0
  4  3  1  0  0  0  0
  4 13  1  1  0  0  0
  5 14  1  6  0  0  0
  5  1  1  0  0  0  0
  5  2  1  0  0  0  0
  5  4  1  0  0  0  0
  6  4  1  0  0  0  0
  6  9  1  0  0  0  0
  7  6  1  0  0  0  0
  7  8  1  0  0  0  0
  8 19  1  0  0  0  0
  8  9  1  0  0  0  0
  9 20  1  0  0  0  0
  9 21  1  0  0  0  0
 11  1  1  0  0  0  0
 15  6  1  0  0  0  0
 16  7  1  0  0  0  0
 17  7  1  0  0  0  0
 18  8  1  0  0  0  0
M  END
