Lattice="13.69241827 0.0 0.0 0.0 13.535054 0.0 0.0 0.0 13.73467006" Properties=species:S:1:pos:R:3:GW_charged:R:1:dKS_charged:R:1:dKS_neutral:R:1 pbc="T T T"
 OpenBabel12102409263D
Lattice="13.69241827 0.0 0.0 0.0 13.535054 0.0 0.0 0.0 13.73467006" Properties=species:S:1:pos:R:3:GW_charged:R:1:dKS_charged:R:1:dKS_neutral:R:1 pbc="T T T"
 15 14  0  0  0  0  0  0  0  0999 V2000
    6.4697    8.6131    8.2683 C   0  0  0  0  0  0  0  0  0  0  0  0
    6.5070    7.0723    8.2609 C   0  0  0  0  0  0  0  0  0  0  0  0
    5.0949    6.4551    8.3298 C   0  0  0  0  0  0  0  0  0  0  0  0
    7.2409    6.5626    7.1104 C   0  0  0  0  0  0  0  0  0  0  0  0
    7.8296    6.1171    6.1409 C   0  0  0  0  0  0  0  0  0  0  0  0
    8.5497    5.6413    4.9930 C   0  0  0  0  0  0  0  0  0  0  0  0
    8.4889    4.5000    4.5622 O   0  0  0  0  0  0  0  0  0  0  0  0
    7.4818    9.0351    8.2459 H   0  0  0  0  0  0  0  0  0  0  0  0
    5.9227    8.9903    7.3941 H   0  0  0  0  0  0  0  0  0  0  0  0
    5.9625    8.9738    9.1730 H   0  0  0  0  0  0  0  0  0  0  0  0
    7.0658    6.7389    9.1546 H   0  0  0  0  0  0  0  0  0  0  0  0
    4.5000    6.7546    7.4570 H   0  0  0  0  0  0  0  0  0  0  0  0
    5.1420    5.3598    8.3510 H   0  0  0  0  0  0  0  0  0  0  0  0
    4.5780    6.8012    9.2347 H   0  0  0  0  0  0  0  0  0  0  0  0
    9.1924    6.4094    4.5000 H   0  0  0  0  0  0  0  0  0  0  0  0
  1 10  1  0  0  0  0
  2  1  1  0  0  0  0
  2  3  1  0  0  0  0
  2 11  1  0  0  0  0
  3 13  1  0  0  0  0
  3 14  1  0  0  0  0
  4  2  1  0  0  0  0
  5  4  3  0  0  0  0
  6  5  1  0  0  0  0
  7  6  2  0  0  0  0
  8  1  1  0  0  0  0
  9  1  1  0  0  0  0
 12  3  1  0  0  0  0
 15  6  1  0  0  0  0
M  END
