Lattice="13.42157754 0.0 0.0 0.0 13.651110880000001 0.0 0.0 0.0 14.03077173" Properties=species:S:1:pos:R:3:GW_charged:R:1:dKS_charged:R:1:dKS_neutral:R:1 pbc="T T T"
 OpenBabel12102411053D
Lattice="13.42157754 0.0 0.0 0.0 13.651110880000001 0.0 0.0 0.0 14.03077173" Properties=species:S:1:pos:R:3:GW_charged:R:1:dKS_charged:R:1:dKS_neutral:R:1 pbc="T T T"
 21 23  0  0  1  0  0  0  0  0999 V2000
    5.9512    8.5728    5.4798 C   0  0  0  0  0  0  0  0  0  0  0  0
    7.2937    7.8724    5.7004 C   0  0  1  0  0  0  0  0  0  0  0  0
    8.0848    8.0591    6.9402 C   0  0  0  0  0  0  0  0  0  0  0  0
    7.8969    7.4730    8.1362 C   0  0  0  0  0  0  0  0  0  0  0  0
    6.8055    6.5055    8.5008 C   0  0  2  0  0  0  0  0  0  0  0  0
    6.5183    5.3846    7.4486 C   0  0  0  0  0  0  0  0  0  0  0  0
    5.4424    6.3152    6.8113 C   0  0  1  0  0  0  0  0  0  0  0  0
    5.3806    7.0599    8.1714 C   0  0  0  0  0  0  0  0  0  0  0  0
    6.0068    7.0763    5.6245 C   0  0  1  0  0  0  0  0  0  0  0  0
    5.5620    9.1511    6.3163 H   0  0  0  0  0  0  0  0  0  0  0  0
    5.7522    9.0052    4.5000 H   0  0  0  0  0  0  0  0  0  0  0  0
    7.9125    7.8318    4.8009 H   0  0  0  0  0  0  0  0  0  0  0  0
    8.9216    8.7576    6.8461 H   0  0  0  0  0  0  0  0  0  0  0  0
    8.5790    7.7519    8.9429 H   0  0  0  0  0  0  0  0  0  0  0  0
    6.9507    6.1557    9.5308 H   0  0  0  0  0  0  0  0  0  0  0  0
    7.3525    5.0733    6.8073 H   0  0  0  0  0  0  0  0  0  0  0  0
    6.0749    4.5000    7.9254 H   0  0  0  0  0  0  0  0  0  0  0  0
    4.5000    5.8388    6.5047 H   0  0  0  0  0  0  0  0  0  0  0  0
    4.6167    6.6095    8.8194 H   0  0  0  0  0  0  0  0  0  0  0  0
    5.2536    8.1496    8.1820 H   0  0  0  0  0  0  0  0  0  0  0  0
    5.8985    6.5159    4.6927 H   0  0  0  0  0  0  0  0  0  0  0  0
  1  9  1  0  0  0  0
  1  2  1  0  0  0  0
  1 10  1  0  0  0  0
  2 12  1  6  0  0  0
  2  3  1  0  0  0  0
  3  4  2  0  0  0  0
  4  5  1  0  0  0  0
  4 14  1  0  0  0  0
  5 15  1  1  0  0  0
  6 17  1  0  0  0  0
  6  5  1  0  0  0  0
  7 18  1  6  0  0  0
  7  6  1  0  0  0  0
  7  8  1  0  0  0  0
  8 20  1  0  0  0  0
  8  5  1  0  0  0  0
  8 19  1  0  0  0  0
  9 21  1  6  0  0  0
  9  2  1  0  0  0  0
  9  7  1  0  0  0  0
 11  1  1  0  0  0  0
 13  3  1  0  0  0  0
 16  6  1  0  0  0  0
M  END
