Lattice="13.01061314 0.0 0.0 0.0 12.90608993 0.0 0.0 0.0 15.53659751" Properties=species:S:1:pos:R:3:GW_charged:R:1:dKS_charged:R:1:dKS_neutral:R:1 pbc="T T T"
 OpenBabel12102411053D
Lattice="13.01061314 0.0 0.0 0.0 12.90608993 0.0 0.0 0.0 15.53659751" Properties=species:S:1:pos:R:3:GW_charged:R:1:dKS_charged:R:1:dKS_neutral:R:1 pbc="T T T"
 21 23  0  0  1  0  0  0  0  0999 V2000
    5.1198    7.8882    8.9858 C   0  0  0  0  0  0  0  0  0  0  0  0
    6.6519    7.6259    9.0720 C   0  0  1  0  0  0  0  0  0  0  0  0
    6.3095    6.4834   10.0725 C   0  0  0  0  0  0  0  0  0  0  0  0
    5.2923    6.3433    8.9024 C   0  0  2  0  0  0  0  0  0  0  0  0
    6.4826    6.5855    7.9125 C   0  0  1  0  0  0  0  0  0  0  0  0
    6.1724    7.1038    6.4794 C   0  0  0  0  0  0  0  0  0  0  0  0
    7.0557    6.2859    5.5830 C   0  0  0  0  0  0  0  0  0  0  0  0
    7.7996    5.4075    6.2625 C   0  0  0  0  0  0  0  0  0  0  0  0
    7.5545    5.4718    7.7418 C   0  0  0  0  0  0  0  0  0  0  0  0
    4.6467    8.2687    9.9010 H   0  0  0  0  0  0  0  0  0  0  0  0
    4.7421    8.4061    8.0967 H   0  0  0  0  0  0  0  0  0  0  0  0
    7.4520    8.3739    9.1631 H   0  0  0  0  0  0  0  0  0  0  0  0
    7.0476    5.6838   10.2027 H   0  0  0  0  0  0  0  0  0  0  0  0
    5.8898    6.8007   11.0366 H   0  0  0  0  0  0  0  0  0  0  0  0
    4.5000    5.5891    8.7948 H   0  0  0  0  0  0  0  0  0  0  0  0
    5.1086    6.9786    6.2151 H   0  0  0  0  0  0  0  0  0  0  0  0
    6.3838    8.1815    6.3742 H   0  0  0  0  0  0  0  0  0  0  0  0
    7.0721    6.4117    4.5000 H   0  0  0  0  0  0  0  0  0  0  0  0
    8.5106    4.7130    5.8140 H   0  0  0  0  0  0  0  0  0  0  0  0
    8.4828    5.7030    8.2915 H   0  0  0  0  0  0  0  0  0  0  0  0
    7.2075    4.5000    8.1325 H   0  0  0  0  0  0  0  0  0  0  0  0
  1  2  1  0  0  0  0
  1 10  1  0  0  0  0
  2 12  1  1  0  0  0
  2  3  1  0  0  0  0
  3 13  1  0  0  0  0
  3 14  1  0  0  0  0
  4 15  1  6  0  0  0
  4  1  1  0  0  0  0
  4  3  1  0  0  0  0
  5  6  1  6  0  0  0
  5  4  1  0  0  0  0
  5  2  1  0  0  0  0
  7  8  2  0  0  0  0
  7  6  1  0  0  0  0
  8  9  1  0  0  0  0
  9  5  1  0  0  0  0
  9 21  1  0  0  0  0
  9 20  1  0  0  0  0
 11  1  1  0  0  0  0
 16  6  1  0  0  0  0
 17  6  1  0  0  0  0
 18  7  1  0  0  0  0
 19  8  1  0  0  0  0
M  END
