Lattice="12.78691581 0.0 0.0 0.0 12.62379532 0.0 0.0 0.0 13.26924852" Properties=species:S:1:pos:R:3:GW_charged:R:1:dKS_charged:R:1:dKS_neutral:R:1 pbc="T T T"
 OpenBabel12102409263D
Lattice="12.78691581 0.0 0.0 0.0 12.62379532 0.0 0.0 0.0 13.26924852" Properties=species:S:1:pos:R:3:GW_charged:R:1:dKS_charged:R:1:dKS_neutral:R:1 pbc="T T T"
 16 15  0  0  0  0  0  0  0  0999 V2000
    6.4788    7.7101    6.6382 C   0  0  0  0  0  0  0  0  0  0  0  0
    6.5036    6.1801    6.6229 C   0  0  0  0  0  0  0  0  0  0  0  0
    7.2678    5.6206    7.8419 C   0  0  0  0  0  0  0  0  0  0  0  0
    5.0743    5.5975    6.5970 C   0  0  0  0  0  0  0  0  0  0  0  0
    7.2143    5.6536    5.3804 C   0  0  0  0  0  0  0  0  0  0  0  0
    7.7065    6.3244    4.5000 O   0  0  0  0  0  0  0  0  0  0  0  0
    7.4955    8.1238    6.6311 H   0  0  0  0  0  0  0  0  0  0  0  0
    5.9575    8.1076    5.7579 H   0  0  0  0  0  0  0  0  0  0  0  0
    5.9641    8.0745    7.5380 H   0  0  0  0  0  0  0  0  0  0  0  0
    6.7440    5.8919    8.7692 H   0  0  0  0  0  0  0  0  0  0  0  0
    7.3383    4.5237    7.8072 H   0  0  0  0  0  0  0  0  0  0  0  0
    8.2869    6.0272    7.8948 H   0  0  0  0  0  0  0  0  0  0  0  0
    4.5000    5.9875    5.7457 H   0  0  0  0  0  0  0  0  0  0  0  0
    5.0854    4.5000    6.5284 H   0  0  0  0  0  0  0  0  0  0  0  0
    4.5425    5.8686    7.5198 H   0  0  0  0  0  0  0  0  0  0  0  0
    7.2553    4.5311    5.3295 H   0  0  0  0  0  0  0  0  0  0  0  0
  1  9  1  0  0  0  0
  2  1  1  0  0  0  0
  2  3  1  0  0  0  0
  3 12  1  0  0  0  0
  3 10  1  0  0  0  0
  4  2  1  0  0  0  0
  4 15  1  0  0  0  0
  5  2  1  0  0  0  0
  6  5  2  0  0  0  0
  7  1  1  0  0  0  0
  8  1  1  0  0  0  0
 11  3  1  0  0  0  0
 13  4  1  0  0  0  0
 14  4  1  0  0  0  0
 16  5  1  0  0  0  0
M  END
