Lattice="12.90271035 0.0 0.0 0.0 15.72148195 0.0 0.0 0.0 13.31233401" Properties=species:S:1:pos:R:3:GW_charged:R:1:dKS_charged:R:1:dKS_neutral:R:1 pbc="T T T"
 OpenBabel12102409403D
Lattice="12.90271035 0.0 0.0 0.0 15.72148195 0.0 0.0 0.0 13.31233401" Properties=species:S:1:pos:R:3:GW_charged:R:1:dKS_charged:R:1:dKS_neutral:R:1 pbc="T T T"
 20 19  0  0  0  0  0  0  0  0999 V2000
    6.5368   10.8083    6.7425 C   0  0  0  0  0  0  0  0  0  0  0  0
    6.5435    9.3539    6.7233 C   0  0  0  0  0  0  0  0  0  0  0  0
    6.5441    8.1407    6.7002 C   0  0  0  0  0  0  0  0  0  0  0  0
    6.5480    6.6738    6.6768 C   0  0  0  0  0  0  0  0  0  0  0  0
    5.1007    6.1446    6.7959 C   0  0  0  0  0  0  0  0  0  0  0  0
    7.1923    6.1730    5.3642 C   0  0  0  0  0  0  0  0  0  0  0  0
    7.3855    6.2066    7.8911 C   0  0  0  0  0  0  0  0  0  0  0  0
    7.4196    4.7761    7.9126 O   0  0  0  0  0  0  0  0  0  0  0  0
    7.1138   11.1983    7.5935 H   0  0  0  0  0  0  0  0  0  0  0  0
    6.9785   11.2215    5.8241 H   0  0  0  0  0  0  0  0  0  0  0  0
    5.5133   11.2016    6.8266 H   0  0  0  0  0  0  0  0  0  0  0  0
    4.5000    6.4858    5.9433 H   0  0  0  0  0  0  0  0  0  0  0  0
    5.0996    5.0478    6.8149 H   0  0  0  0  0  0  0  0  0  0  0  0
    4.6264    6.5113    7.7157 H   0  0  0  0  0  0  0  0  0  0  0  0
    8.2145    6.5599    5.2597 H   0  0  0  0  0  0  0  0  0  0  0  0
    7.2307    5.0767    5.3562 H   0  0  0  0  0  0  0  0  0  0  0  0
    6.6087    6.5143    4.5000 H   0  0  0  0  0  0  0  0  0  0  0  0
    8.4027    6.6267    7.8021 H   0  0  0  0  0  0  0  0  0  0  0  0
    6.9268    6.6067    8.8123 H   0  0  0  0  0  0  0  0  0  0  0  0
    7.9460    4.5000    8.6762 H   0  0  0  0  0  0  0  0  0  0  0  0
  1 11  1  0  0  0  0
  1  9  1  0  0  0  0
  2  1  1  0  0  0  0
  3  2  3  0  0  0  0
  4  3  1  0  0  0  0
  4  5  1  0  0  0  0
  4  7  1  0  0  0  0
  5 13  1  0  0  0  0
  5 14  1  0  0  0  0
  6  4  1  0  0  0  0
  7  8  1  0  0  0  0
  7 19  1  0  0  0  0
  8 20  1  0  0  0  0
 10  1  1  0  0  0  0
 12  5  1  0  0  0  0
 15  6  1  0  0  0  0
 16  6  1  0  0  0  0
 17  6  1  0  0  0  0
 18  7  1  0  0  0  0
M  END
