Lattice="12.23024567 0.0 0.0 0.0 15.62902836 0.0 0.0 0.0 13.65492811" Properties=species:S:1:pos:R:3:GW_charged:R:1:dKS_charged:R:1:dKS_neutral:R:1 pbc="T T T"
 OpenBabel12102409413D
Lattice="12.23024567 0.0 0.0 0.0 15.62902836 0.0 0.0 0.0 13.65492811" Properties=species:S:1:pos:R:3:GW_charged:R:1:dKS_charged:R:1:dKS_neutral:R:1 pbc="T T T"
 20 19  0  0  1  0  0  0  0  0999 V2000
    5.3809   10.6542    5.6056 C   0  0  0  0  0  0  0  0  0  0  0  0
    5.5026    9.1331    5.6437 C   0  0  1  0  0  0  0  0  0  0  0  0
    6.2265    8.6381    4.5011 O   0  0  0  0  0  0  0  0  0  0  0  0
    6.1185    8.6318    6.9553 C   0  0  0  0  0  0  0  0  0  0  0  0
    6.1731    7.1116    7.0472 C   0  0  0  0  0  0  0  0  0  0  0  0
    7.0015    6.5741    8.2031 C   0  0  0  0  0  0  0  0  0  0  0  0
    6.8742    5.0886    8.4830 C   0  0  0  0  0  0  0  0  0  0  0  0
    7.7302    7.2891    8.8713 O   0  0  0  0  0  0  0  0  0  0  0  0
    6.3676   11.1290    5.7242 H   0  0  0  0  0  0  0  0  0  0  0  0
    4.9526   10.9822    4.6501 H   0  0  0  0  0  0  0  0  0  0  0  0
    4.7384   11.0215    6.4181 H   0  0  0  0  0  0  0  0  0  0  0  0
    4.5000    8.6905    5.5229 H   0  0  0  0  0  0  0  0  0  0  0  0
    7.0990    9.0651    4.5000 H   0  0  0  0  0  0  0  0  0  0  0  0
    7.1371    9.0397    7.0605 H   0  0  0  0  0  0  0  0  0  0  0  0
    5.5480    9.0394    7.8045 H   0  0  0  0  0  0  0  0  0  0  0  0
    5.1626    6.6720    7.1033 H   0  0  0  0  0  0  0  0  0  0  0  0
    6.6059    6.6974    6.1188 H   0  0  0  0  0  0  0  0  0  0  0  0
    6.8894    4.5000    7.5552 H   0  0  0  0  0  0  0  0  0  0  0  0
    7.6738    4.7614    9.1549 H   0  0  0  0  0  0  0  0  0  0  0  0
    5.9036    4.8954    8.9657 H   0  0  0  0  0  0  0  0  0  0  0  0
  1  2  1  0  0  0  0
  1  9  1  0  0  0  0
  1 11  1  0  0  0  0
  2 12  1  6  0  0  0
  2  4  1  0  0  0  0
  3  2  1  0  0  0  0
  4  5  1  0  0  0  0
  4 14  1  0  0  0  0
  4 15  1  0  0  0  0
  5 16  1  0  0  0  0
  5  6  1  0  0  0  0
  6  7  1  0  0  0  0
  6  8  2  0  0  0  0
  7 20  1  0  0  0  0
  7 19  1  0  0  0  0
 10  1  1  0  0  0  0
 13  3  1  0  0  0  0
 17  5  1  0  0  0  0
 18  7  1  0  0  0  0
M  END
