Lattice="14.46392122 0.0 0.0 0.0 16.776614379999998 0.0 0.0 0.0 13.0569615" Properties=species:S:1:pos:R:3:GW_charged:R:1:dKS_charged:R:1:dKS_neutral:R:1 pbc="T T T"
 OpenBabel12102410113D
Lattice="14.46392122 0.0 0.0 0.0 16.776614379999998 0.0 0.0 0.0 13.0569615" Properties=species:S:1:pos:R:3:GW_charged:R:1:dKS_charged:R:1:dKS_neutral:R:1 pbc="T T T"
 21 22  0  0  0  0  0  0  0  0999 V2000
    5.1076    5.5579    7.2001 C   0  0  0  0  0  0  0  0  0  0  0  0
    5.0931    6.7555    7.3787 C   0  0  0  0  0  0  0  0  0  0  0  0
    5.1253    8.1972    7.5841 C   0  0  0  0  0  0  0  0  0  0  0  0
    6.5427    8.7764    7.5291 C   0  0  0  0  0  0  0  0  0  0  0  0
    7.2970    8.7691    6.1678 C   0  0  0  0  0  0  0  0  0  0  0  0
    7.7534   10.2004    6.4772 C   0  0  0  0  0  0  0  0  0  0  0  0
    9.1822   10.6518    6.5905 C   0  0  0  0  0  0  0  0  0  0  0  0
    8.2672   11.2511    5.5414 C   0  0  0  0  0  0  0  0  0  0  0  0
    6.6957   10.3248    7.5809 C   0  0  0  0  0  0  0  0  0  0  0  0
    5.1084    4.5000    7.0448 H   0  0  0  0  0  0  0  0  0  0  0  0
    4.5000    8.6874    6.8182 H   0  0  0  0  0  0  0  0  0  0  0  0
    4.6648    8.4387    8.5570 H   0  0  0  0  0  0  0  0  0  0  0  0
    7.1586    8.3024    8.3057 H   0  0  0  0  0  0  0  0  0  0  0  0
    8.0715    8.0045    6.0278 H   0  0  0  0  0  0  0  0  0  0  0  0
    6.6014    8.7263    5.3154 H   0  0  0  0  0  0  0  0  0  0  0  0
    9.4591   11.2730    7.4426 H   0  0  0  0  0  0  0  0  0  0  0  0
    9.9639    9.9685    6.2579 H   0  0  0  0  0  0  0  0  0  0  0  0
    8.4304   10.9731    4.5000 H   0  0  0  0  0  0  0  0  0  0  0  0
    7.9263   12.2766    5.6852 H   0  0  0  0  0  0  0  0  0  0  0  0
    5.7871   10.8389    7.2298 H   0  0  0  0  0  0  0  0  0  0  0  0
    7.0056   10.7685    8.5364 H   0  0  0  0  0  0  0  0  0  0  0  0
  1  2  3  0  0  0  0
  2  3  1  0  0  0  0
  3 12  1  0  0  0  0
  4  9  1  0  0  0  0
  4  3  1  0  0  0  0
  4 13  1  0  0  0  0
  5  6  1  0  0  0  0
  5  4  1  0  0  0  0
  6  7  1  0  0  0  0
  6  9  1  0  0  0  0
  7 16  1  0  0  0  0
  8 19  1  0  0  0  0
  8  6  1  0  0  0  0
  8  7  1  0  0  0  0
  9 21  1  0  0  0  0
 10  1  1  0  0  0  0
 11  3  1  0  0  0  0
 14  5  1  0  0  0  0
 15  5  1  0  0  0  0
 17  7  1  0  0  0  0
 18  8  1  0  0  0  0
 20  9  1  0  0  0  0
M  END
