Lattice="13.96390961 0.0 0.0 0.0 15.41578091 0.0 0.0 0.0 12.9333413" Properties=species:S:1:pos:R:3:GW_charged:R:1:dKS_charged:R:1:dKS_neutral:R:1 pbc="T T T"
 OpenBabel12102409463D
Lattice="13.96390961 0.0 0.0 0.0 15.41578091 0.0 0.0 0.0 12.9333413" Properties=species:S:1:pos:R:3:GW_charged:R:1:dKS_charged:R:1:dKS_neutral:R:1 pbc="T T T"
 19 20  0  0  1  0  0  0  0  0999 V2000
    6.1889    5.5671    5.2387 C   0  0  0  0  0  0  0  0  0  0  0  0
    6.2069    6.7762    5.3060 C   0  0  0  0  0  0  0  0  0  0  0  0
    6.2522    8.2336    5.4083 C   0  0  1  0  0  0  0  0  0  0  0  0
    5.5351    8.7243    6.6602 C   0  0  0  0  0  0  0  0  0  0  0  0
    6.2025    9.4959    7.5258 C   0  0  0  0  0  0  0  0  0  0  0  0
    7.6404    9.8478    7.2255 C   0  0  2  0  0  0  0  0  0  0  0  0
    7.7247   10.2829    5.7293 C   0  0  0  0  0  0  0  0  0  0  0  0
    7.7119    8.7644    5.3966 C   0  0  1  0  0  0  0  0  0  0  0  0
    8.3781    8.5453    6.7835 C   0  0  0  0  0  0  0  0  0  0  0  0
    6.1668    4.5000    5.1743 H   0  0  0  0  0  0  0  0  0  0  0  0
    5.7320    8.6438    4.5216 H   0  0  0  0  0  0  0  0  0  0  0  0
    4.5000    8.4199    6.8140 H   0  0  0  0  0  0  0  0  0  0  0  0
    5.7282    9.8724    8.4333 H   0  0  0  0  0  0  0  0  0  0  0  0
    8.0976   10.4851    7.9906 H   0  0  0  0  0  0  0  0  0  0  0  0
    6.9168   10.9158    5.3383 H   0  0  0  0  0  0  0  0  0  0  0  0
    8.6984   10.7278    5.4859 H   0  0  0  0  0  0  0  0  0  0  0  0
    8.2385    8.4151    4.5000 H   0  0  0  0  0  0  0  0  0  0  0  0
    9.4639    8.6939    6.7234 H   0  0  0  0  0  0  0  0  0  0  0  0
    8.1556    7.6198    7.3291 H   0  0  0  0  0  0  0  0  0  0  0  0
  1  2  3  0  0  0  0
  2  3  1  0  0  0  0
  3 11  1  6  0  0  0
  3  4  1  0  0  0  0
  4 12  1  0  0  0  0
  4  5  2  0  0  0  0
  5 13  1  0  0  0  0
  6  5  1  0  0  0  0
  6 14  1  1  0  0  0
  7  6  1  0  0  0  0
  8 17  1  6  0  0  0
  8  3  1  0  0  0  0
  8  7  1  0  0  0  0
  8  9  1  0  0  0  0
  9  6  1  0  0  0  0
  9 19  1  0  0  0  0
 10  1  1  0  0  0  0
 15  7  1  0  0  0  0
 16  7  1  0  0  0  0
 18  9  1  0  0  0  0
M  END
