Lattice="12.65720011 0.0 0.0 0.0 15.23234038 0.0 0.0 0.0 12.10115696" Properties=species:S:1:pos:R:3:GW_charged:R:1:dKS_charged:R:1:dKS_neutral:R:1 pbc="T T T"
 OpenBabel12102409263D
Lattice="12.65720011 0.0 0.0 0.0 15.23234038 0.0 0.0 0.0 12.10115696" Properties=species:S:1:pos:R:3:GW_charged:R:1:dKS_charged:R:1:dKS_neutral:R:1 pbc="T T T"
 14 13  0  0  1  0  0  0  0  0999 V2000
    5.5122   10.3002    6.7026 C   0  0  0  0  0  0  0  0  0  0  0  0
    5.5258    8.7746    6.6364 C   0  0  0  0  0  0  0  0  0  0  0  0
    6.2921    8.2354    5.4113 C   0  0  1  0  0  0  0  0  0  0  0  0
    7.6637    8.6696    5.3861 O   0  0  0  0  0  0  0  0  0  0  0  0
    6.1957    6.7776    5.3261 C   0  0  0  0  0  0  0  0  0  0  0  0
    6.1442    5.5680    5.3035 C   0  0  0  0  0  0  0  0  0  0  0  0
    6.5320   10.7041    6.7263 H   0  0  0  0  0  0  0  0  0  0  0  0
    5.0017   10.7323    5.8296 H   0  0  0  0  0  0  0  0  0  0  0  0
    4.9860   10.6479    7.6012 H   0  0  0  0  0  0  0  0  0  0  0  0
    5.9845    8.3479    7.5428 H   0  0  0  0  0  0  0  0  0  0  0  0
    4.5000    8.3773    6.5941 H   0  0  0  0  0  0  0  0  0  0  0  0
    5.8517    8.6739    4.5000 H   0  0  0  0  0  0  0  0  0  0  0  0
    8.1572    8.1024    6.0006 H   0  0  0  0  0  0  0  0  0  0  0  0
    6.0962    4.5000    5.2658 H   0  0  0  0  0  0  0  0  0  0  0  0
  1  7  1  0  0  0  0
  1  9  1  0  0  0  0
  2  1  1  0  0  0  0
  2 10  1  0  0  0  0
  3 12  1  6  0  0  0
  3  2  1  0  0  0  0
  4  3  1  0  0  0  0
  4 13  1  0  0  0  0
  5  3  1  0  0  0  0
  6  5  3  0  0  0  0
  8  1  1  0  0  0  0
 11  2  1  0  0  0  0
 14  6  1  0  0  0  0
M  END
