Lattice="14.38590714 0.0 0.0 0.0 12.68575263 0.0 0.0 0.0 15.67384771" Properties=species:S:1:pos:R:3:GW_charged:R:1:dKS_charged:R:1:dKS_neutral:R:1 pbc="T T T"
 OpenBabel12102411083D
Lattice="14.38590714 0.0 0.0 0.0 12.68575263 0.0 0.0 0.0 15.67384771" Properties=species:S:1:pos:R:3:GW_charged:R:1:dKS_charged:R:1:dKS_neutral:R:1 pbc="T T T"
 27 27  0  0  0  0  0  0  0  0999 V2000
    6.5857    7.7177    9.0609 C   0  0  0  0  0  0  0  0  0  0  0  0
    6.5174    6.1804    9.0018 C   0  0  0  0  0  0  0  0  0  0  0  0
    7.1701    5.5993   10.2705 C   0  0  0  0  0  0  0  0  0  0  0  0
    5.0407    5.7424    8.9744 C   0  0  0  0  0  0  0  0  0  0  0  0
    7.2463    5.6070    7.7489 C   0  0  0  0  0  0  0  0  0  0  0  0
    6.6071    5.9769    6.3820 C   0  0  0  0  0  0  0  0  0  0  0  0
    7.7810    6.0881    5.4003 C   0  0  0  0  0  0  0  0  0  0  0  0
    8.8828    6.7237    6.2561 C   0  0  0  0  0  0  0  0  0  0  0  0
    8.7521    6.0026    7.6089 C   0  0  0  0  0  0  0  0  0  0  0  0
    7.6219    8.0815    9.1010 H   0  0  0  0  0  0  0  0  0  0  0  0
    6.1002    8.1858    8.1936 H   0  0  0  0  0  0  0  0  0  0  0  0
    6.0737    8.0879    9.9606 H   0  0  0  0  0  0  0  0  0  0  0  0
    6.6500    5.9498   11.1738 H   0  0  0  0  0  0  0  0  0  0  0  0
    7.1291    4.5000   10.2655 H   0  0  0  0  0  0  0  0  0  0  0  0
    8.2248    5.8933   10.3616 H   0  0  0  0  0  0  0  0  0  0  0  0
    4.5000    6.1759    8.1220 H   0  0  0  0  0  0  0  0  0  0  0  0
    4.9544    4.6479    8.9053 H   0  0  0  0  0  0  0  0  0  0  0  0
    4.5227    6.0612    9.8906 H   0  0  0  0  0  0  0  0  0  0  0  0
    7.1933    4.5109    7.8567 H   0  0  0  0  0  0  0  0  0  0  0  0
    5.8508    5.2470    6.0653 H   0  0  0  0  0  0  0  0  0  0  0  0
    6.0995    6.9523    6.4447 H   0  0  0  0  0  0  0  0  0  0  0  0
    8.0966    5.0858    5.0671 H   0  0  0  0  0  0  0  0  0  0  0  0
    7.5358    6.6681    4.5000 H   0  0  0  0  0  0  0  0  0  0  0  0
    9.8859    6.6347    5.8174 H   0  0  0  0  0  0  0  0  0  0  0  0
    8.6769    7.7992    6.3799 H   0  0  0  0  0  0  0  0  0  0  0  0
    9.1073    6.6251    8.4403 H   0  0  0  0  0  0  0  0  0  0  0  0
    9.3754    5.0971    7.6158 H   0  0  0  0  0  0  0  0  0  0  0  0
  1 10  1  0  0  0  0
  1 12  1  0  0  0  0
  2  1  1  0  0  0  0
  2  3  1  0  0  0  0
  3 15  1  0  0  0  0
  3 13  1  0  0  0  0
  4  2  1  0  0  0  0
  4 18  1  0  0  0  0
  5 19  1  0  0  0  0
  5  2  1  0  0  0  0
  6 21  1  0  0  0  0
  6  5  1  0  0  0  0
  7  8  1  0  0  0  0
  7  6  1  0  0  0  0
  8 25  1  0  0  0  0
  8  9  1  0  0  0  0
  9 27  1  0  0  0  0
  9  5  1  0  0  0  0
  9 26  1  0  0  0  0
 11  1  1  0  0  0  0
 14  3  1  0  0  0  0
 16  4  1  0  0  0  0
 17  4  1  0  0  0  0
 20  6  1  0  0  0  0
 22  7  1  0  0  0  0
 23  7  1  0  0  0  0
 24  8  1  0  0  0  0
M  END
