Lattice="14.287037940000001 0.0 0.0 0.0 13.92569664 0.0 0.0 0.0 13.5146234" Properties=species:S:1:pos:R:3:GW_charged:R:1:dKS_charged:R:1:dKS_neutral:R:1 pbc="T T T"
 OpenBabel12102411063D
Lattice="14.287037940000001 0.0 0.0 0.0 13.92569664 0.0 0.0 0.0 13.5146234" Properties=species:S:1:pos:R:3:GW_charged:R:1:dKS_charged:R:1:dKS_neutral:R:1 pbc="T T T"
 21 23  0  0  1  0  0  0  0  0999 V2000
    5.9935    8.8393    5.7300 C   0  0  0  0  0  0  0  0  0  0  0  0
    7.2393    8.0122    5.5211 C   0  0  1  0  0  0  0  0  0  0  0  0
    8.3370    7.9011    6.5669 C   0  0  0  0  0  0  0  0  0  0  0  0
    8.7349    6.4701    6.8562 C   0  0  0  0  0  0  0  0  0  0  0  0
    7.9117    5.4857    7.2589 C   0  0  0  0  0  0  0  0  0  0  0  0
    6.4596    5.5334    7.5543 C   0  0  1  0  0  0  0  0  0  0  0  0
    5.8163    6.7141    8.2705 C   0  0  0  0  0  0  0  0  0  0  0  0
    5.4839    6.4697    6.8276 C   0  0  1  0  0  0  0  0  0  0  0  0
    5.8933    7.3288    5.6699 C   0  0  1  0  0  0  0  0  0  0  0  0
    5.8672    9.3015    6.7097 H   0  0  0  0  0  0  0  0  0  0  0  0
    5.5961    9.4257    4.9026 H   0  0  0  0  0  0  0  0  0  0  0  0
    7.6233    7.9899    4.5000 H   0  0  0  0  0  0  0  0  0  0  0  0
    9.2126    8.4620    6.2111 H   0  0  0  0  0  0  0  0  0  0  0  0
    8.0366    8.4075    7.4980 H   0  0  0  0  0  0  0  0  0  0  0  0
    9.7870    6.2126    6.7155 H   0  0  0  0  0  0  0  0  0  0  0  0
    8.3611    4.5000    7.4049 H   0  0  0  0  0  0  0  0  0  0  0  0
    6.0420    4.5612    7.8166 H   0  0  0  0  0  0  0  0  0  0  0  0
    5.0527    6.4926    9.0146 H   0  0  0  0  0  0  0  0  0  0  0  0
    6.4588    7.5495    8.5377 H   0  0  0  0  0  0  0  0  0  0  0  0
    4.5000    6.0229    6.6726 H   0  0  0  0  0  0  0  0  0  0  0  0
    5.5060    6.9365    4.7278 H   0  0  0  0  0  0  0  0  0  0  0  0
  1 10  1  0  0  0  0
  2 12  1  6  0  0  0
  2  9  1  0  0  0  0
  2  1  1  0  0  0  0
  2  3  1  0  0  0  0
  3  4  1  0  0  0  0
  3 14  1  0  0  0  0
  4  5  2  0  0  0  0
  5 16  1  0  0  0  0
  5  6  1  0  0  0  0
  6 17  1  1  0  0  0
  6  7  1  0  0  0  0
  7 19  1  0  0  0  0
  7 18  1  0  0  0  0
  8 20  1  6  0  0  0
  8  6  1  0  0  0  0
  8  7  1  0  0  0  0
  9 21  1  6  0  0  0
  9  1  1  0  0  0  0
  9  8  1  0  0  0  0
 11  1  1  0  0  0  0
 13  3  1  0  0  0  0
 15  4  1  0  0  0  0
M  END
