Lattice="15.219892250000001 0.0 0.0 0.0 14.83925256 0.0 0.0 0.0 12.87509713" Properties=species:S:1:pos:R:3:GW_charged:R:1:dKS_charged:R:1:dKS_neutral:R:1 pbc="T T T"
 OpenBabel12102410123D
Lattice="15.219892250000001 0.0 0.0 0.0 14.83925256 0.0 0.0 0.0 12.87509713" Properties=species:S:1:pos:R:3:GW_charged:R:1:dKS_charged:R:1:dKS_neutral:R:1 pbc="T T T"
 21 23  0  0  1  0  0  0  0  0999 V2000
    6.6230    7.7731    6.2272 C   0  0  0  0  0  0  0  0  0  0  0  0
    6.5126    6.2651    6.1722 C   0  0  0  0  0  0  0  0  0  0  0  0
    6.5908    5.4523    7.4395 C   0  0  0  0  0  0  0  0  0  0  0  0
    5.2797    5.5728    6.7008 C   0  0  0  0  0  0  0  0  0  0  0  0
    8.0340    8.2792    6.3233 C   0  0  1  0  0  0  0  0  0  0  0  0
    9.3036    7.8743    5.5218 C   0  0  0  0  0  0  0  0  0  0  0  0
    9.7186    8.7877    6.6935 C   0  0  1  0  0  0  0  0  0  0  0  0
    8.5510    9.7427    6.3696 C   0  0  0  0  0  0  0  0  0  0  0  0
    8.8136    8.0148    7.5926 O   0  0  0  0  0  0  0  0  0  0  0  0
    6.1686    8.2223    5.3280 H   0  0  0  0  0  0  0  0  0  0  0  0
    6.0611    8.1675    7.0897 H   0  0  0  0  0  0  0  0  0  0  0  0
    6.9683    5.8139    5.2883 H   0  0  0  0  0  0  0  0  0  0  0  0
    7.1172    4.5000    7.4090 H   0  0  0  0  0  0  0  0  0  0  0  0
    6.7091    5.9966    8.3751 H   0  0  0  0  0  0  0  0  0  0  0  0
    4.5000    6.1941    7.1417 H   0  0  0  0  0  0  0  0  0  0  0  0
    4.9048    4.7031    6.1636 H   0  0  0  0  0  0  0  0  0  0  0  0
    9.6012    6.8247    5.6195 H   0  0  0  0  0  0  0  0  0  0  0  0
    9.4060    8.2649    4.5000 H   0  0  0  0  0  0  0  0  0  0  0  0
   10.7199    9.0169    7.0754 H   0  0  0  0  0  0  0  0  0  0  0  0
    8.5856   10.2999    5.4232 H   0  0  0  0  0  0  0  0  0  0  0  0
    8.1854   10.3393    7.2129 H   0  0  0  0  0  0  0  0  0  0  0  0
  1 11  1  0  0  0  0
  2  1  1  0  0  0  0
  2  4  1  0  0  0  0
  2  3  1  0  0  0  0
  3 14  1  0  0  0  0
  4 15  1  0  0  0  0
  4  3  1  0  0  0  0
  5  1  1  6  0  0  0
  5  8  1  0  0  0  0
  5  9  1  0  0  0  0
  6 17  1  0  0  0  0
  6  5  1  0  0  0  0
  6  7  1  0  0  0  0
  7 19  1  1  0  0  0
  7  9  1  0  0  0  0
  8  7  1  0  0  0  0
  8 21  1  0  0  0  0
 10  1  1  0  0  0  0
 12  2  1  0  0  0  0
 13  3  1  0  0  0  0
 16  4  1  0  0  0  0
 18  6  1  0  0  0  0
 20  8  1  0  0  0  0
M  END
