Lattice="12.469034220000001 0.0 0.0 0.0 14.74635349 0.0 0.0 0.0 14.89553872" Properties=species:S:1:pos:R:3:GW_charged:R:1:dKS_charged:R:1:dKS_neutral:R:1 pbc="T T T"
 OpenBabel12102409423D
Lattice="12.469034220000001 0.0 0.0 0.0 14.74635349 0.0 0.0 0.0 14.89553872" Properties=species:S:1:pos:R:3:GW_charged:R:1:dKS_charged:R:1:dKS_neutral:R:1 pbc="T T T"
 19 20  0  0  0  0  0  0  0  0999 V2000
    5.8385    9.6953    5.5211 C   0  0  0  0  0  0  0  0  0  0  0  0
    7.2523    9.2851    5.8102 C   0  0  0  0  0  0  0  0  0  0  0  0
    6.1527    8.2381    5.8100 C   0  0  0  0  0  0  0  0  0  0  0  0
    5.7029    7.5687    7.0591 C   0  0  0  0  0  0  0  0  0  0  0  0
    5.6409    8.2270    8.2990 C   0  0  0  0  0  0  0  0  0  0  0  0
    5.2125    7.5594    9.4454 C   0  0  0  0  0  0  0  0  0  0  0  0
    4.8346    6.2161    9.3829 C   0  0  0  0  0  0  0  0  0  0  0  0
    4.8908    5.5487    8.1588 C   0  0  0  0  0  0  0  0  0  0  0  0
    5.3199    6.2194    7.0131 C   0  0  0  0  0  0  0  0  0  0  0  0
    5.2944   10.2464    6.2872 H   0  0  0  0  0  0  0  0  0  0  0  0
    5.5693    9.9608    4.5000 H   0  0  0  0  0  0  0  0  0  0  0  0
    7.9690    9.2645    4.9908 H   0  0  0  0  0  0  0  0  0  0  0  0
    7.6804    9.5542    6.7752 H   0  0  0  0  0  0  0  0  0  0  0  0
    6.1400    7.5811    4.9396 H   0  0  0  0  0  0  0  0  0  0  0  0
    5.9299    9.2765    8.3783 H   0  0  0  0  0  0  0  0  0  0  0  0
    5.1736    8.0932   10.3955 H   0  0  0  0  0  0  0  0  0  0  0  0
    4.5000    5.6959   10.2803 H   0  0  0  0  0  0  0  0  0  0  0  0
    4.5992    4.5000    8.0932 H   0  0  0  0  0  0  0  0  0  0  0  0
    5.3604    5.6888    6.0601 H   0  0  0  0  0  0  0  0  0  0  0  0
  1  3  1  0  0  0  0
  1  2  1  0  0  0  0
  1 10  1  0  0  0  0
  2 13  1  0  0  0  0
  3  2  1  0  0  0  0
  3  4  1  0  0  0  0
  4  5  1  0  0  0  0
  5 15  1  0  0  0  0
  5  6  2  0  0  0  0
  6 16  1  0  0  0  0
  7  6  1  0  0  0  0
  7 17  1  0  0  0  0
  8  7  2  0  0  0  0
  9  4  2  0  0  0  0
  9  8  1  0  0  0  0
 11  1  1  0  0  0  0
 12  2  1  0  0  0  0
 14  3  1  0  0  0  0
 18  8  1  0  0  0  0
 19  9  1  0  0  0  0
M  END
