Lattice="12.88512603 0.0 0.0 0.0 13.47059607 0.0 0.0 0.0 14.05212254" Properties=species:S:1:pos:R:3:GW_charged:R:1:dKS_charged:R:1:dKS_neutral:R:1 pbc="T T T"
 OpenBabel12102409273D
Lattice="12.88512603 0.0 0.0 0.0 13.47059607 0.0 0.0 0.0 14.05212254" Properties=species:S:1:pos:R:3:GW_charged:R:1:dKS_charged:R:1:dKS_neutral:R:1 pbc="T T T"
 17 16  0  0  1  0  0  0  0  0999 V2000
    7.3508    8.4392    6.3421 C   0  0  0  0  0  0  0  0  0  0  0  0
    7.3128    7.0368    6.5539 O   0  0  0  0  0  0  0  0  0  0  0  0
    6.0002    6.4664    6.4856 C   0  0  1  0  0  0  0  0  0  0  0  0
    5.5159    6.2893    5.0465 C   0  0  0  0  0  0  0  0  0  0  0  0
    6.0840    5.1284    7.2293 C   0  0  0  0  0  0  0  0  0  0  0  0
    6.2605    5.2897    8.7203 C   0  0  0  0  0  0  0  0  0  0  0  0
    5.7247    4.5860    9.5521 O   0  0  0  0  0  0  0  0  0  0  0  0
    8.3851    8.7570    6.5160 H   0  0  0  0  0  0  0  0  0  0  0  0
    7.0657    8.7208    5.3137 H   0  0  0  0  0  0  0  0  0  0  0  0
    6.6879    8.9706    7.0491 H   0  0  0  0  0  0  0  0  0  0  0  0
    5.2984    7.1388    7.0213 H   0  0  0  0  0  0  0  0  0  0  0  0
    5.4869    7.2478    4.5120 H   0  0  0  0  0  0  0  0  0  0  0  0
    6.1822    5.6080    4.5000 H   0  0  0  0  0  0  0  0  0  0  0  0
    4.5000    5.8718    5.0297 H   0  0  0  0  0  0  0  0  0  0  0  0
    5.2033    4.5000    7.0429 H   0  0  0  0  0  0  0  0  0  0  0  0
    6.9681    4.5912    6.8423 H   0  0  0  0  0  0  0  0  0  0  0  0
    6.9373    6.1256    9.0289 H   0  0  0  0  0  0  0  0  0  0  0  0
  1  8  1  0  0  0  0
  1  2  1  0  0  0  0
  1 10  1  0  0  0  0
  3  2  1  0  0  0  0
  3 11  1  1  0  0  0
  3  5  1  0  0  0  0
  4  3  1  0  0  0  0
  5  6  1  0  0  0  0
  6 17  1  0  0  0  0
  6  7  2  0  0  0  0
  9  1  1  0  0  0  0
 12  4  1  0  0  0  0
 13  4  1  0  0  0  0
 14  4  1  0  0  0  0
 15  5  1  0  0  0  0
 16  5  1  0  0  0  0
M  END
