Lattice="13.20646542 0.0 0.0 0.0 15.21692228 0.0 0.0 0.0 13.34252549" Properties=species:S:1:pos:R:3:GW_charged:R:1:dKS_charged:R:1:dKS_neutral:R:1 pbc="T T T"
 OpenBabel12102409403D
Lattice="13.20646542 0.0 0.0 0.0 15.21692228 0.0 0.0 0.0 13.34252549" Properties=species:S:1:pos:R:3:GW_charged:R:1:dKS_charged:R:1:dKS_neutral:R:1 pbc="T T T"
 22 21  0  0  0  0  0  0  0  0999 V2000
    7.2639   10.1340    6.5800 C   0  0  0  0  0  0  0  0  0  0  0  0
    7.5587    8.6497    6.7208 C   0  0  0  0  0  0  0  0  0  0  0  0
    8.7065    8.2422    6.7825 O   0  0  0  0  0  0  0  0  0  0  0  0
    6.3305    7.7480    6.7653 C   0  0  0  0  0  0  0  0  0  0  0  0
    6.5027    6.2148    6.6846 C   0  0  0  0  0  0  0  0  0  0  0  0
    7.2818    5.6830    7.9024 C   0  0  0  0  0  0  0  0  0  0  0  0
    5.0913    5.5968    6.6874 C   0  0  0  0  0  0  0  0  0  0  0  0
    7.2202    5.8173    5.3809 C   0  0  0  0  0  0  0  0  0  0  0  0
    8.1551   10.7169    6.8332 H   0  0  0  0  0  0  0  0  0  0  0  0
    6.9903   10.3455    5.5345 H   0  0  0  0  0  0  0  0  0  0  0  0
    6.4135   10.4460    7.2015 H   0  0  0  0  0  0  0  0  0  0  0  0
    5.7971    8.0098    7.6984 H   0  0  0  0  0  0  0  0  0  0  0  0
    5.6522    8.0895    5.9628 H   0  0  0  0  0  0  0  0  0  0  0  0
    6.7797    5.9569    8.8425 H   0  0  0  0  0  0  0  0  0  0  0  0
    7.3409    4.5856    7.8669 H   0  0  0  0  0  0  0  0  0  0  0  0
    8.3020    6.0821    7.9292 H   0  0  0  0  0  0  0  0  0  0  0  0
    4.5000    5.9392    5.8251 H   0  0  0  0  0  0  0  0  0  0  0  0
    5.1488    4.5000    6.6386 H   0  0  0  0  0  0  0  0  0  0  0  0
    4.5385    5.8617    7.6010 H   0  0  0  0  0  0  0  0  0  0  0  0
    8.2443    6.2075    5.3522 H   0  0  0  0  0  0  0  0  0  0  0  0
    7.2698    4.7227    5.2910 H   0  0  0  0  0  0  0  0  0  0  0  0
    6.6808    6.1969    4.5000 H   0  0  0  0  0  0  0  0  0  0  0  0
  1  2  1  0  0  0  0
  1  9  1  0  0  0  0
  1 11  1  0  0  0  0
  2  4  1  0  0  0  0
  2  3  2  0  0  0  0
  4 12  1  0  0  0  0
  5  7  1  0  0  0  0
  5  4  1  0  0  0  0
  5  6  1  0  0  0  0
  6 16  1  0  0  0  0
  6 14  1  0  0  0  0
  7 19  1  0  0  0  0
  8  5  1  0  0  0  0
 10  1  1  0  0  0  0
 13  4  1  0  0  0  0
 15  6  1  0  0  0  0
 17  7  1  0  0  0  0
 18  7  1  0  0  0  0
 20  8  1  0  0  0  0
 21  8  1  0  0  0  0
 22  8  1  0  0  0  0
M  END
