Lattice="13.178152560000001 0.0 0.0 0.0 15.38134869 0.0 0.0 0.0 13.0609656" Properties=species:S:1:pos:R:3:GW_charged:R:1:dKS_charged:R:1:dKS_neutral:R:1 pbc="T T T"
 OpenBabel12102409453D
Lattice="13.178152560000001 0.0 0.0 0.0 15.38134869 0.0 0.0 0.0 13.0609656" Properties=species:S:1:pos:R:3:GW_charged:R:1:dKS_charged:R:1:dKS_neutral:R:1 pbc="T T T"
 19 20  0  0  1  0  0  0  0  0999 V2000
    5.7762    5.5664    5.2246 C   0  0  0  0  0  0  0  0  0  0  0  0
    5.8067    6.7754    5.2969 C   0  0  0  0  0  0  0  0  0  0  0  0
    5.8573    8.2198    5.3831 C   0  0  1  0  0  0  0  0  0  0  0  0
    5.5156    8.8394    6.7732 C   0  0  1  0  0  0  0  0  0  0  0  0
    6.6517    8.2907    7.6633 C   0  0  0  0  0  0  0  0  0  0  0  0
    7.8859    8.3272    6.7083 C   0  0  0  0  0  0  0  0  0  0  0  0
    7.2724    8.8628    5.4049 C   0  0  2  0  0  0  0  0  0  0  0  0
    6.9643   10.2590    5.5694 O   0  0  0  0  0  0  0  0  0  0  0  0
    5.8206   10.3094    6.4652 C   0  0  0  0  0  0  0  0  0  0  0  0
    5.7433    4.5000    5.1534 H   0  0  0  0  0  0  0  0  0  0  0  0
    5.2532    8.6670    4.5793 H   0  0  0  0  0  0  0  0  0  0  0  0
    4.5000    8.6558    7.1406 H   0  0  0  0  0  0  0  0  0  0  0  0
    6.7894    8.9072    8.5610 H   0  0  0  0  0  0  0  0  0  0  0  0
    6.4310    7.2669    7.9905 H   0  0  0  0  0  0  0  0  0  0  0  0
    8.6782    9.0026    7.0525 H   0  0  0  0  0  0  0  0  0  0  0  0
    8.3233    7.3304    6.5649 H   0  0  0  0  0  0  0  0  0  0  0  0
    7.8785    8.7507    4.5000 H   0  0  0  0  0  0  0  0  0  0  0  0
    4.9905   10.8236    5.9533 H   0  0  0  0  0  0  0  0  0  0  0  0
    6.0846   10.8813    7.3688 H   0  0  0  0  0  0  0  0  0  0  0  0
  1  2  3  0  0  0  0
  2  3  1  0  0  0  0
  3 11  1  6  0  0  0
  3  7  1  0  0  0  0
  3  4  1  0  0  0  0
  4 12  1  1  0  0  0
  4  5  1  0  0  0  0
  5 14  1  0  0  0  0
  5 13  1  0  0  0  0
  6 15  1  0  0  0  0
  6  5  1  0  0  0  0
  7 17  1  6  0  0  0
  7  8  1  0  0  0  0
  7  6  1  0  0  0  0
  8  9  1  0  0  0  0
  9  4  1  0  0  0  0
  9 19  1  0  0  0  0
 10  1  1  0  0  0  0
 16  6  1  0  0  0  0
 18  9  1  0  0  0  0
M  END
