Lattice="14.00519685 0.0 0.0 0.0 14.19305368 0.0 0.0 0.0 12.847800150000001" Properties=species:S:1:pos:R:3:GW_charged:R:1:dKS_charged:R:1:dKS_neutral:R:1 pbc="T T T"
 OpenBabel12102411073D
Lattice="14.00519685 0.0 0.0 0.0 14.19305368 0.0 0.0 0.0 12.847800150000001" Properties=species:S:1:pos:R:3:GW_charged:R:1:dKS_charged:R:1:dKS_neutral:R:1 pbc="T T T"
 23 25  0  0  1  0  0  0  0  0999 V2000
    6.2329    8.8642    5.4300 C   0  0  0  0  0  0  0  0  0  0  0  0
    7.7887    8.8665    5.5728 C   0  0  0  0  0  0  0  0  0  0  0  0
    7.6607    7.5125    6.2964 C   0  0  1  0  0  0  0  0  0  0  0  0
    8.4515    6.1911    6.3341 C   0  0  0  0  0  0  0  0  0  0  0  0
    7.5600    5.8620    7.5769 C   0  0  1  0  0  0  0  0  0  0  0  0
    7.5310    7.3937    7.8368 C   0  0  0  0  0  0  0  0  0  0  0  0
    6.1487    5.3720    7.1699 C   0  0  0  0  0  0  0  0  0  0  0  0
    5.3222    6.4886    6.4757 C   0  0  0  0  0  0  0  0  0  0  0  0
    6.2752    7.3246    5.6276 C   0  0  1  0  0  0  0  0  0  0  0  0
    5.7525    9.3700    6.2795 H   0  0  0  0  0  0  0  0  0  0  0  0
    5.7994    9.2531    4.5000 H   0  0  0  0  0  0  0  0  0  0  0  0
    8.2842    8.7661    4.5965 H   0  0  0  0  0  0  0  0  0  0  0  0
    8.2567    9.6931    6.1242 H   0  0  0  0  0  0  0  0  0  0  0  0
    8.3826    5.5380    5.4512 H   0  0  0  0  0  0  0  0  0  0  0  0
    9.5052    6.3146    6.6241 H   0  0  0  0  0  0  0  0  0  0  0  0
    7.9980    5.2130    8.3465 H   0  0  0  0  0  0  0  0  0  0  0  0
    8.4518    7.7350    8.3302 H   0  0  0  0  0  0  0  0  0  0  0  0
    6.6640    7.8348    8.3478 H   0  0  0  0  0  0  0  0  0  0  0  0
    6.2492    4.5000    6.5037 H   0  0  0  0  0  0  0  0  0  0  0  0
    5.6108    5.0184    8.0624 H   0  0  0  0  0  0  0  0  0  0  0  0
    4.5000    6.0573    5.8875 H   0  0  0  0  0  0  0  0  0  0  0  0
    4.8502    7.1233    7.2408 H   0  0  0  0  0  0  0  0  0  0  0  0
    6.4338    6.8472    4.6455 H   0  0  0  0  0  0  0  0  0  0  0  0
  1  2  1  0  0  0  0
  1  9  1  0  0  0  0
  1 10  1  0  0  0  0
  2 13  1  0  0  0  0
  3  2  1  6  0  0  0
  3  4  1  0  0  0  0
  3  6  1  0  0  0  0
  4 15  1  0  0  0  0
  4  5  1  0  0  0  0
  5  6  1  0  0  0  0
  5 16  1  1  0  0  0
  6 17  1  0  0  0  0
  6 18  1  0  0  0  0
  7  5  1  0  0  0  0
  7 20  1  0  0  0  0
  8  7  1  0  0  0  0
  8 22  1  0  0  0  0
  9 23  1  6  0  0  0
  9  3  1  0  0  0  0
  9  8  1  0  0  0  0
 11  1  1  0  0  0  0
 12  2  1  0  0  0  0
 14  4  1  0  0  0  0
 19  7  1  0  0  0  0
 21  8  1  0  0  0  0
M  END
