Lattice="14.39550459 0.0 0.0 0.0 12.5055134 0.0 0.0 0.0 14.09395744" Properties=species:S:1:pos:R:3:GW_charged:R:1:dKS_charged:R:1:dKS_neutral:R:1 pbc="T T T"
 OpenBabel12102411053D
Lattice="14.39550459 0.0 0.0 0.0 12.5055134 0.0 0.0 0.0 14.09395744" Properties=species:S:1:pos:R:3:GW_charged:R:1:dKS_charged:R:1:dKS_neutral:R:1 pbc="T T T"
 21 23  0  0  1  0  0  0  0  0999 V2000
    7.2613    7.4124    7.7256 C   0  0  0  0  0  0  0  0  0  0  0  0
    8.7782    7.0986    7.6840 C   0  0  1  0  0  0  0  0  0  0  0  0
    8.4206    5.8378    8.5481 C   0  0  0  0  0  0  0  0  0  0  0  0
    7.1511    5.8497    7.6558 C   0  0  1  0  0  0  0  0  0  0  0  0
    5.8266    5.1627    7.6121 C   0  0  0  0  0  0  0  0  0  0  0  0
    5.4673    4.9781    6.3275 C   0  0  0  0  0  0  0  0  0  0  0  0
    6.5390    5.4427    5.3497 C   0  0  0  0  0  0  0  0  0  0  0  0
    7.7651    5.5187    6.2734 C   0  0  1  0  0  0  0  0  0  0  0  0
    8.9189    6.5553    6.2376 C   0  0  0  0  0  0  0  0  0  0  0  0
    6.9276    7.7965    8.6979 H   0  0  0  0  0  0  0  0  0  0  0  0
    6.8241    8.0055    6.9101 H   0  0  0  0  0  0  0  0  0  0  0  0
    9.5243    7.8247    8.0279 H   0  0  0  0  0  0  0  0  0  0  0  0
    9.0740    4.9551    8.4921 H   0  0  0  0  0  0  0  0  0  0  0  0
    8.2304    6.1104    9.5940 H   0  0  0  0  0  0  0  0  0  0  0  0
    5.1970    4.9539    8.4764 H   0  0  0  0  0  0  0  0  0  0  0  0
    4.5000    4.5942    6.0008 H   0  0  0  0  0  0  0  0  0  0  0  0
    6.6719    4.7582    4.5000 H   0  0  0  0  0  0  0  0  0  0  0  0
    6.2669    6.4244    4.9211 H   0  0  0  0  0  0  0  0  0  0  0  0
    8.1819    4.5000    6.3313 H   0  0  0  0  0  0  0  0  0  0  0  0
    8.7713    7.3553    5.4977 H   0  0  0  0  0  0  0  0  0  0  0  0
    9.8955    6.0932    6.0404 H   0  0  0  0  0  0  0  0  0  0  0  0
  1 10  1  0  0  0  0
  2  1  1  0  0  0  0
  2 12  1  1  0  0  0
  2  3  1  0  0  0  0
  3 14  1  0  0  0  0
  4  5  1  1  0  0  0
  4  1  1  0  0  0  0
  4  3  1  0  0  0  0
  5 15  1  0  0  0  0
  6  5  2  0  0  0  0
  7  8  1  0  0  0  0
  7  6  1  0  0  0  0
  8 19  1  1  0  0  0
  8  4  1  0  0  0  0
  9  8  1  0  0  0  0
  9  2  1  0  0  0  0
 11  1  1  0  0  0  0
 13  3  1  0  0  0  0
 16  6  1  0  0  0  0
 17  7  1  0  0  0  0
 18  7  1  0  0  0  0
 20  9  1  0  0  0  0
 21  9  1  0  0  0  0
M  END
