Lattice="12.94495711 0.0 0.0 0.0 13.63546468 0.0 0.0 0.0 12.29534819" Properties=species:S:1:pos:R:3:GW_charged:R:1:dKS_charged:R:1:dKS_neutral:R:1 pbc="T T T"
 OpenBabel12102409383D
Lattice="12.94495711 0.0 0.0 0.0 13.63546468 0.0 0.0 0.0 12.29534819" Properties=species:S:1:pos:R:3:GW_charged:R:1:dKS_charged:R:1:dKS_neutral:R:1 pbc="T T T"
 17 18  0  0  1  0  0  0  0  0999 V2000
    5.3233    8.6065    5.4857 C   0  0  0  0  0  0  0  0  0  0  0  0
    5.4897    7.1016    5.5866 C   0  0  1  0  0  0  0  0  0  0  0  0
    6.3426    6.5855    4.5101 O   0  0  0  0  0  0  0  0  0  0  0  0
    7.3380    5.8479    5.2588 C   0  0  2  0  0  0  0  0  0  0  0  0
    6.5038    5.0848    6.3158 C   0  0  0  0  0  0  0  0  0  0  0  0
    6.2520    6.5470    6.8024 C   0  0  1  0  0  0  0  0  0  0  0  0
    7.7344    6.8224    6.3919 C   0  0  0  0  0  0  0  0  0  0  0  0
    6.2757    9.1355    5.6192 H   0  0  0  0  0  0  0  0  0  0  0  0
    4.9220    8.8765    4.5000 H   0  0  0  0  0  0  0  0  0  0  0  0
    4.6158    8.9615    6.2490 H   0  0  0  0  0  0  0  0  0  0  0  0
    4.5000    6.6194    5.4990 H   0  0  0  0  0  0  0  0  0  0  0  0
    8.0432    5.3806    4.5650 H   0  0  0  0  0  0  0  0  0  0  0  0
    5.6473    4.5000    5.9552 H   0  0  0  0  0  0  0  0  0  0  0  0
    7.1145    4.5033    7.0157 H   0  0  0  0  0  0  0  0  0  0  0  0
    5.8543    6.7833    7.7953 H   0  0  0  0  0  0  0  0  0  0  0  0
    8.4450    6.3894    7.1048 H   0  0  0  0  0  0  0  0  0  0  0  0
    8.0357    7.8377    6.1071 H   0  0  0  0  0  0  0  0  0  0  0  0
  1  2  1  0  0  0  0
  1  8  1  0  0  0  0
  1 10  1  0  0  0  0
  2 11  1  6  0  0  0
  2  6  1  0  0  0  0
  3  4  1  0  0  0  0
  3  2  1  0  0  0  0
  4 12  1  6  0  0  0
  4  5  1  0  0  0  0
  4  7  1  0  0  0  0
  5  6  1  0  0  0  0
  5 14  1  0  0  0  0
  6 15  1  1  0  0  0
  7  6  1  0  0  0  0
  7 16  1  0  0  0  0
  9  1  1  0  0  0  0
 13  5  1  0  0  0  0
 17  7  1  0  0  0  0
M  END
