Lattice="14.40177329 0.0 0.0 0.0 12.9727949 0.0 0.0 0.0 14.139522" Properties=species:S:1:pos:R:3:GW_charged:R:1:dKS_charged:R:1:dKS_neutral:R:1 pbc="T T T"
 OpenBabel12102411053D
Lattice="14.40177329 0.0 0.0 0.0 12.9727949 0.0 0.0 0.0 14.139522" Properties=species:S:1:pos:R:3:GW_charged:R:1:dKS_charged:R:1:dKS_neutral:R:1 pbc="T T T"
 23 25  0  0  1  0  0  0  0  0999 V2000
    7.1369    7.9127    7.6647 C   0  0  0  0  0  0  0  0  0  0  0  0
    8.6703    7.6850    7.6961 C   0  0  1  0  0  0  0  0  0  0  0  0
    8.3514    6.4578    8.6155 C   0  0  0  0  0  0  0  0  0  0  0  0
    7.1127    6.3513    7.6893 C   0  0  1  0  0  0  0  0  0  0  0  0
    5.8388    5.5365    7.7377 C   0  0  0  0  0  0  0  0  0  0  0  0
    5.3672    5.5095    6.2464 C   0  0  0  0  0  0  0  0  0  0  0  0
    6.5725    5.9877    5.3701 C   0  0  0  0  0  0  0  0  0  0  0  0
    7.7640    5.9944    6.3354 C   0  0  1  0  0  0  0  0  0  0  0  0
    8.9068    7.0480    6.3047 C   0  0  0  0  0  0  0  0  0  0  0  0
    6.7507    8.3336    8.6023 H   0  0  0  0  0  0  0  0  0  0  0  0
    6.7047    8.4439    6.8050 H   0  0  0  0  0  0  0  0  0  0  0  0
    9.3616    8.4728    8.0185 H   0  0  0  0  0  0  0  0  0  0  0  0
    9.0561    5.6131    8.6279 H   0  0  0  0  0  0  0  0  0  0  0  0
    8.1079    6.7693    9.6395 H   0  0  0  0  0  0  0  0  0  0  0  0
    6.0589    4.5166    8.0889 H   0  0  0  0  0  0  0  0  0  0  0  0
    5.0787    5.9534    8.4118 H   0  0  0  0  0  0  0  0  0  0  0  0
    5.0432    4.5000    5.9615 H   0  0  0  0  0  0  0  0  0  0  0  0
    4.5000    6.1662    6.0980 H   0  0  0  0  0  0  0  0  0  0  0  0
    6.7329    5.3379    4.5000 H   0  0  0  0  0  0  0  0  0  0  0  0
    6.3838    6.9974    4.9775 H   0  0  0  0  0  0  0  0  0  0  0  0
    8.1813    4.9752    6.3939 H   0  0  0  0  0  0  0  0  0  0  0  0
    8.7948    7.7854    5.4963 H   0  0  0  0  0  0  0  0  0  0  0  0
    9.9018    6.5931    6.2063 H   0  0  0  0  0  0  0  0  0  0  0  0
  1  2  1  0  0  0  0
  1 10  1  0  0  0  0
  2 12  1  1  0  0  0
  2  3  1  0  0  0  0
  3 13  1  0  0  0  0
  3 14  1  0  0  0  0
  4  1  1  6  0  0  0
  4  5  1  0  0  0  0
  4  3  1  0  0  0  0
  5 15  1  0  0  0  0
  5 16  1  0  0  0  0
  6  5  1  0  0  0  0
  7  6  1  0  0  0  0
  7  8  1  0  0  0  0
  8 21  1  1  0  0  0
  8  4  1  0  0  0  0
  9  8  1  0  0  0  0
  9  2  1  0  0  0  0
 11  1  1  0  0  0  0
 17  6  1  0  0  0  0
 18  6  1  0  0  0  0
 19  7  1  0  0  0  0
 20  7  1  0  0  0  0
 22  9  1  0  0  0  0
 23  9  1  0  0  0  0
M  END
