Lattice="13.14661205 0.0 0.0 0.0 12.84137742 0.0 0.0 0.0 13.47947093" Properties=species:S:1:pos:R:3:GW_charged:R:1:dKS_charged:R:1:dKS_neutral:R:1 pbc="T T T"
 OpenBabel12102409323D
Lattice="13.14661205 0.0 0.0 0.0 12.84137742 0.0 0.0 0.0 13.47947093" Properties=species:S:1:pos:R:3:GW_charged:R:1:dKS_charged:R:1:dKS_neutral:R:1 pbc="T T T"
 15 15  0  0  0  0  0  0  0  0999 V2000
    6.7618    8.2112    6.5472 O   0  0  0  0  0  0  0  0  0  0  0  0
    6.5878    6.8213    6.8230 C   0  0  0  0  0  0  0  0  0  0  0  0
    6.7294    6.3608    8.3171 C   0  0  0  0  0  0  0  0  0  0  0  0
    5.4214    5.5470    8.1511 C   0  0  0  0  0  0  0  0  0  0  0  0
    5.0906    6.4016    6.9010 C   0  0  0  0  0  0  0  0  0  0  0  0
    7.3752    5.9999    5.9119 C   0  0  0  0  0  0  0  0  0  0  0  0
    8.0543    5.3291    5.1657 C   0  0  0  0  0  0  0  0  0  0  0  0
    7.6673    8.3414    6.2229 H   0  0  0  0  0  0  0  0  0  0  0  0
    7.6491    5.8346    8.5974 H   0  0  0  0  0  0  0  0  0  0  0  0
    6.5897    7.2376    8.9621 H   0  0  0  0  0  0  0  0  0  0  0  0
    5.6202    4.5000    7.8910 H   0  0  0  0  0  0  0  0  0  0  0  0
    4.7050    5.5744    8.9795 H   0  0  0  0  0  0  0  0  0  0  0  0
    4.5000    7.2908    7.1566 H   0  0  0  0  0  0  0  0  0  0  0  0
    4.6608    5.9152    6.0185 H   0  0  0  0  0  0  0  0  0  0  0  0
    8.6466    4.7374    4.5000 H   0  0  0  0  0  0  0  0  0  0  0  0
  1  2  1  0  0  0  0
  2  5  1  0  0  0  0
  2  3  1  0  0  0  0
  3  9  1  0  0  0  0
  3 10  1  0  0  0  0
  4  3  1  0  0  0  0
  4 12  1  0  0  0  0
  5 13  1  0  0  0  0
  5  4  1  0  0  0  0
  6  2  1  0  0  0  0
  7  6  3  0  0  0  0
  8  1  1  0  0  0  0
 11  4  1  0  0  0  0
 14  5  1  0  0  0  0
 15  7  1  0  0  0  0
M  END
