Lattice="13.96974576 0.0 0.0 0.0 15.62370461 0.0 0.0 0.0 13.20189205" Properties=species:S:1:pos:R:3:GW_charged:R:1:dKS_charged:R:1:dKS_neutral:R:1 pbc="T T T"
 OpenBabel12102409463D
Lattice="13.96974576 0.0 0.0 0.0 15.62370461 0.0 0.0 0.0 13.20189205" Properties=species:S:1:pos:R:3:GW_charged:R:1:dKS_charged:R:1:dKS_neutral:R:1 pbc="T T T"
 19 20  0  0  1  0  0  0  0  0999 V2000
    5.2890    5.5678    6.4190 C   0  0  0  0  0  0  0  0  0  0  0  0
    5.2644    6.7786    6.4833 C   0  0  0  0  0  0  0  0  0  0  0  0
    5.2607    8.2067    6.5511 C   0  0  1  0  0  0  0  0  0  0  0  0
    5.6156    8.9215    7.8533 C   0  0  0  0  0  0  0  0  0  0  0  0
    6.5706    8.9916    6.7087 C   0  0  1  0  0  0  0  0  0  0  0  0
    7.9105    8.2825    6.6589 C   0  0  0  0  0  0  0  0  0  0  0  0
    8.3791    8.6703    5.2577 C   0  0  0  0  0  0  0  0  0  0  0  0
    7.9223   10.0198    5.0545 O   0  0  0  0  0  0  0  0  0  0  0  0
    6.7835   10.2609    5.8944 C   0  0  0  0  0  0  0  0  0  0  0  0
    5.2952    4.5000    6.3651 H   0  0  0  0  0  0  0  0  0  0  0  0
    4.5000    8.6923    5.9360 H   0  0  0  0  0  0  0  0  0  0  0  0
    5.0332    9.8086    8.1027 H   0  0  0  0  0  0  0  0  0  0  0  0
    5.8773    8.2913    8.7019 H   0  0  0  0  0  0  0  0  0  0  0  0
    8.5878    8.6890    7.4253 H   0  0  0  0  0  0  0  0  0  0  0  0
    7.8257    7.1981    6.8009 H   0  0  0  0  0  0  0  0  0  0  0  0
    9.4697    8.6673    5.1333 H   0  0  0  0  0  0  0  0  0  0  0  0
    7.9346    7.9989    4.5000 H   0  0  0  0  0  0  0  0  0  0  0  0
    5.9062   10.5153    5.2756 H   0  0  0  0  0  0  0  0  0  0  0  0
    7.0078   11.1237    6.5460 H   0  0  0  0  0  0  0  0  0  0  0  0
  1  2  3  0  0  0  0
  2  3  1  0  0  0  0
  3 11  1  6  0  0  0
  3  5  1  0  0  0  0
  3  4  1  0  0  0  0
  4 12  1  0  0  0  0
  4 13  1  0  0  0  0
  5  9  1  6  0  0  0
  5  4  1  0  0  0  0
  6  5  1  0  0  0  0
  6 15  1  0  0  0  0
  6 14  1  0  0  0  0
  7  6  1  0  0  0  0
  8  7  1  0  0  0  0
  8  9  1  0  0  0  0
  9 19  1  0  0  0  0
 10  1  1  0  0  0  0
 16  7  1  0  0  0  0
 17  7  1  0  0  0  0
 18  9  1  0  0  0  0
M  END
