Lattice="14.74079742 0.0 0.0 0.0 14.07246668 0.0 0.0 0.0 14.71515013" Properties=species:S:1:pos:R:3:GW_charged:R:1:dKS_charged:R:1:dKS_neutral:R:1 pbc="T T T"
 OpenBabel12102411083D
Lattice="14.74079742 0.0 0.0 0.0 14.07246668 0.0 0.0 0.0 14.71515013" Properties=species:S:1:pos:R:3:GW_charged:R:1:dKS_charged:R:1:dKS_neutral:R:1 pbc="T T T"
 25 25  0  0  0  0  0  0  0  0999 V2000
    6.4203    9.0696    7.9385 C   0  0  0  0  0  0  0  0  0  0  0  0
    6.5804    7.5637    8.2110 C   0  0  0  0  0  0  0  0  0  0  0  0
    7.6056    7.3269    9.3250 C   0  0  0  0  0  0  0  0  0  0  0  0
    5.2266    6.9615    8.5999 C   0  0  0  0  0  0  0  0  0  0  0  0
    6.8998    6.8845    6.9564 O   0  0  0  0  0  0  0  0  0  0  0  0
    8.2262    6.6341    6.5470 C   0  0  0  0  0  0  0  0  0  0  0  0
    8.7850    5.3021    7.0085 C   0  0  0  0  0  0  0  0  0  0  0  0
    8.5096    7.0520    5.1276 C   0  0  0  0  0  0  0  0  0  0  0  0
    9.1801    7.7798    6.2737 C   0  0  0  0  0  0  0  0  0  0  0  0
    7.3855    9.5564    7.7525 H   0  0  0  0  0  0  0  0  0  0  0  0
    5.7790    9.2239    7.0614 H   0  0  0  0  0  0  0  0  0  0  0  0
    5.9568    9.5725    8.7990 H   0  0  0  0  0  0  0  0  0  0  0  0
    7.3122    7.9000   10.2152 H   0  0  0  0  0  0  0  0  0  0  0  0
    7.6515    6.2683    9.6106 H   0  0  0  0  0  0  0  0  0  0  0  0
    8.6098    7.6585    9.0326 H   0  0  0  0  0  0  0  0  0  0  0  0
    4.5000    7.1088    7.7903 H   0  0  0  0  0  0  0  0  0  0  0  0
    5.3270    5.8828    8.7764 H   0  0  0  0  0  0  0  0  0  0  0  0
    4.8332    7.4323    9.5110 H   0  0  0  0  0  0  0  0  0  0  0  0
    8.0771    4.5000    6.7575 H   0  0  0  0  0  0  0  0  0  0  0  0
    9.7391    5.0842    6.5099 H   0  0  0  0  0  0  0  0  0  0  0  0
    8.9615    5.2773    8.0912 H   0  0  0  0  0  0  0  0  0  0  0  0
    9.1050    6.3901    4.5000 H   0  0  0  0  0  0  0  0  0  0  0  0
    7.7062    7.5762    4.6139 H   0  0  0  0  0  0  0  0  0  0  0  0
    8.8503    8.7953    6.4745 H   0  0  0  0  0  0  0  0  0  0  0  0
   10.2408    7.6085    6.4569 H   0  0  0  0  0  0  0  0  0  0  0  0
  1  2  1  0  0  0  0
  1 12  1  0  0  0  0
  2  4  1  0  0  0  0
  2  3  1  0  0  0  0
  3 14  1  0  0  0  0
  3 13  1  0  0  0  0
  4 17  1  0  0  0  0
  4 18  1  0  0  0  0
  5  2  1  0  0  0  0
  6  5  1  0  0  0  0
  6  7  1  0  0  0  0
  7 21  1  0  0  0  0
  8  9  1  0  0  0  0
  8  6  1  0  0  0  0
  9 25  1  0  0  0  0
  9 24  1  0  0  0  0
  9  6  1  0  0  0  0
 10  1  1  0  0  0  0
 11  1  1  0  0  0  0
 15  3  1  0  0  0  0
 16  4  1  0  0  0  0
 19  7  1  0  0  0  0
 20  7  1  0  0  0  0
 22  8  1  0  0  0  0
 23  8  1  0  0  0  0
M  END
