Lattice="12.806816959999999 0.0 0.0 0.0 17.80529014 0.0 0.0 0.0 13.2094486" Properties=species:S:1:pos:R:3:GW_charged:R:1:dKS_charged:R:1:dKS_neutral:R:1 pbc="T T T"
 OpenBabel12102410113D
Lattice="12.806816959999999 0.0 0.0 0.0 17.80529014 0.0 0.0 0.0 13.2094486" Properties=species:S:1:pos:R:3:GW_charged:R:1:dKS_charged:R:1:dKS_neutral:R:1 pbc="T T T"
 21 22  0  0  1  0  0  0  0  0999 V2000
    5.5330    5.5150    5.9292 C   0  0  0  0  0  0  0  0  0  0  0  0
    5.5179    6.6640    6.3103 C   0  0  0  0  0  0  0  0  0  0  0  0
    5.5327    8.0492    6.7665 C   0  0  0  0  0  0  0  0  0  0  0  0
    6.8939    8.7088    6.5954 C   0  0  1  0  0  0  0  0  0  0  0  0
    7.2888    9.3503    5.2880 C   0  0  0  0  0  0  0  0  0  0  0  0
    7.0411   10.2147    6.5045 C   0  0  1  0  0  0  0  0  0  0  0  0
    5.8716   11.1456    6.5690 C   0  0  0  0  0  0  0  0  0  0  0  0
    5.5461   11.8636    7.8587 C   0  0  0  0  0  0  0  0  0  0  0  0
    6.1027   12.6338    6.6852 C   0  0  0  0  0  0  0  0  0  0  0  0
    5.5395    4.5000    5.5931 H   0  0  0  0  0  0  0  0  0  0  0  0
    4.7610    8.6130    6.2194 H   0  0  0  0  0  0  0  0  0  0  0  0
    5.2341    8.0848    7.8276 H   0  0  0  0  0  0  0  0  0  0  0  0
    7.6909    8.1892    7.1294 H   0  0  0  0  0  0  0  0  0  0  0  0
    8.3068    9.2205    4.9245 H   0  0  0  0  0  0  0  0  0  0  0  0
    6.5350    9.3767    4.5000 H   0  0  0  0  0  0  0  0  0  0  0  0
    7.9355   10.6101    6.9929 H   0  0  0  0  0  0  0  0  0  0  0  0
    5.0131   10.8591    5.9590 H   0  0  0  0  0  0  0  0  0  0  0  0
    4.5000   12.0078    8.1245 H   0  0  0  0  0  0  0  0  0  0  0  0
    6.2040   11.6880    8.7094 H   0  0  0  0  0  0  0  0  0  0  0  0
    7.1344   12.9793    6.7453 H   0  0  0  0  0  0  0  0  0  0  0  0
    5.4379   13.3053    6.1442 H   0  0  0  0  0  0  0  0  0  0  0  0
  1  2  3  0  0  0  0
  2  3  1  0  0  0  0
  3 12  1  0  0  0  0
  4  3  1  0  0  0  0
  4 13  1  1  0  0  0
  5  6  1  0  0  0  0
  5  4  1  0  0  0  0
  6  7  1  0  0  0  0
  6  4  1  0  0  0  0
  6 16  1  1  0  0  0
  7  9  1  0  0  0  0
  7  8  1  0  0  0  0
  8 18  1  0  0  0  0
  8 19  1  0  0  0  0
  9 20  1  0  0  0  0
  9  8  1  0  0  0  0
 10  1  1  0  0  0  0
 11  3  1  0  0  0  0
 14  5  1  0  0  0  0
 15  5  1  0  0  0  0
 17  7  1  0  0  0  0
 21  9  1  0  0  0  0
M  END
