Lattice="13.86765451 0.0 0.0 0.0 15.796372080000001 0.0 0.0 0.0 12.60508653" Properties=species:S:1:pos:R:3:GW_charged:R:1:dKS_charged:R:1:dKS_neutral:R:1 pbc="T T T"
 OpenBabel12102410123D
Lattice="13.86765451 0.0 0.0 0.0 15.796372080000001 0.0 0.0 0.0 12.60508653" Properties=species:S:1:pos:R:3:GW_charged:R:1:dKS_charged:R:1:dKS_neutral:R:1 pbc="T T T"
 21 23  0  0  1  0  0  0  0  0999 V2000
    6.7973    7.5924    5.5776 C   0  0  0  0  0  0  0  0  0  0  0  0
    6.7048    6.1331    5.9722 C   0  0  0  0  0  0  0  0  0  0  0  0
    6.4159    5.7676    7.4077 C   0  0  0  0  0  0  0  0  0  0  0  0
    5.3739    5.5263    6.3404 C   0  0  0  0  0  0  0  0  0  0  0  0
    8.1484    8.1940    5.9036 C   0  0  1  0  0  0  0  0  0  0  0  0
    8.4314    9.6752    6.0988 C   0  0  1  0  0  0  0  0  0  0  0  0
    7.3275   10.3244    6.9223 C   0  0  0  0  0  0  0  0  0  0  0  0
    7.4127    9.2889    7.9526 O   0  0  0  0  0  0  0  0  0  0  0  0
    8.5325    8.6991    7.2613 C   0  0  1  0  0  0  0  0  0  0  0  0
    6.5954    7.7088    4.5000 H   0  0  0  0  0  0  0  0  0  0  0  0
    6.0078    8.1505    6.1032 H   0  0  0  0  0  0  0  0  0  0  0  0
    7.3966    5.4726    5.4434 H   0  0  0  0  0  0  0  0  0  0  0  0
    6.9218    4.9045    7.8377 H   0  0  0  0  0  0  0  0  0  0  0  0
    6.2515    6.5886    8.1051 H   0  0  0  0  0  0  0  0  0  0  0  0
    4.5000    6.1777    6.3261 H   0  0  0  0  0  0  0  0  0  0  0  0
    5.1692    4.5000    6.0392 H   0  0  0  0  0  0  0  0  0  0  0  0
    8.9937    7.7015    5.4122 H   0  0  0  0  0  0  0  0  0  0  0  0
    9.2094   10.2098    5.5595 H   0  0  0  0  0  0  0  0  0  0  0  0
    7.6208   11.2964    7.3458 H   0  0  0  0  0  0  0  0  0  0  0  0
    6.3187   10.3989    6.4846 H   0  0  0  0  0  0  0  0  0  0  0  0
    9.3677    8.3463    7.8662 H   0  0  0  0  0  0  0  0  0  0  0  0
  1  5  1  0  0  0  0
  1  2  1  0  0  0  0
  1 11  1  0  0  0  0
  2  4  1  0  0  0  0
  2  3  1  0  0  0  0
  3 13  1  0  0  0  0
  3 14  1  0  0  0  0
  4  3  1  0  0  0  0
  5 17  1  6  0  0  0
  5  6  1  0  0  0  0
  5  9  1  0  0  0  0
  6 18  1  6  0  0  0
  6  7  1  0  0  0  0
  6  9  1  0  0  0  0
  7 19  1  0  0  0  0
  7  8  1  0  0  0  0
  9 21  1  1  0  0  0
  9  8  1  0  0  0  0
 10  1  1  0  0  0  0
 12  2  1  0  0  0  0
 15  4  1  0  0  0  0
 16  4  1  0  0  0  0
 20  7  1  0  0  0  0
M  END
