Lattice="13.15585385 0.0 0.0 0.0 16.75480487 0.0 0.0 0.0 14.30423418" Properties=species:S:1:pos:R:3:GW_charged:R:1:dKS_charged:R:1:dKS_neutral:R:1 pbc="T T T"
 OpenBabel12102409393D
Lattice="13.15585385 0.0 0.0 0.0 16.75480487 0.0 0.0 0.0 14.30423418" Properties=species:S:1:pos:R:3:GW_charged:R:1:dKS_charged:R:1:dKS_neutral:R:1 pbc="T T T"
 21 20  0  0  0  0  0  0  0  0999 V2000
    5.4575   11.8123    5.3961 C   0  0  0  0  0  0  0  0  0  0  0  0
    5.5165   10.2848    5.4467 C   0  0  0  0  0  0  0  0  0  0  0  0
    6.2472    9.7719    6.6779 C   0  0  0  0  0  0  0  0  0  0  0  0
    6.2611    8.3519    6.6541 O   0  0  0  0  0  0  0  0  0  0  0  0
    6.9283    7.7921    7.7760 C   0  0  0  0  0  0  0  0  0  0  0  0
    6.8964    6.2754    7.6703 C   0  0  0  0  0  0  0  0  0  0  0  0
    7.5972    5.5927    8.8460 C   0  0  0  0  0  0  0  0  0  0  0  0
    6.4640   12.2548    5.3743 H   0  0  0  0  0  0  0  0  0  0  0  0
    4.9261   12.1582    4.5000 H   0  0  0  0  0  0  0  0  0  0  0  0
    4.9336   12.2253    6.2704 H   0  0  0  0  0  0  0  0  0  0  0  0
    4.5000    9.8630    5.4416 H   0  0  0  0  0  0  0  0  0  0  0  0
    6.0214    9.8924    4.5510 H   0  0  0  0  0  0  0  0  0  0  0  0
    7.2860   10.1618    6.7010 H   0  0  0  0  0  0  0  0  0  0  0  0
    5.7478   10.1317    7.6013 H   0  0  0  0  0  0  0  0  0  0  0  0
    7.9765    8.1548    7.8147 H   0  0  0  0  0  0  0  0  0  0  0  0
    6.4381    8.1245    8.7145 H   0  0  0  0  0  0  0  0  0  0  0  0
    5.8466    5.9504    7.6108 H   0  0  0  0  0  0  0  0  0  0  0  0
    7.3685    5.9804    6.7209 H   0  0  0  0  0  0  0  0  0  0  0  0
    7.1249    5.8534    9.8042 H   0  0  0  0  0  0  0  0  0  0  0  0
    7.5614    4.5000    8.7475 H   0  0  0  0  0  0  0  0  0  0  0  0
    8.6559    5.8837    8.9092 H   0  0  0  0  0  0  0  0  0  0  0  0
  1  2  1  0  0  0  0
  1 10  1  0  0  0  0
  2  3  1  0  0  0  0
  3 13  1  0  0  0  0
  3 14  1  0  0  0  0
  4  3  1  0  0  0  0
  4  5  1  0  0  0  0
  5 15  1  0  0  0  0
  5 16  1  0  0  0  0
  6  5  1  0  0  0  0
  6  7  1  0  0  0  0
  7 21  1  0  0  0  0
  7 19  1  0  0  0  0
  8  1  1  0  0  0  0
  9  1  1  0  0  0  0
 11  2  1  0  0  0  0
 12  2  1  0  0  0  0
 17  6  1  0  0  0  0
 18  6  1  0  0  0  0
 20  7  1  0  0  0  0
M  END
