Lattice="12.813738820000001 0.0 0.0 0.0 16.6036268 0.0 0.0 0.0 11.60268306" Properties=species:S:1:pos:R:3:GW_charged:R:1:dKS_charged:R:1:dKS_neutral:R:1 pbc="T T T"
 OpenBabel12102410113D
Lattice="12.813738820000001 0.0 0.0 0.0 16.6036268 0.0 0.0 0.0 11.60268306" Properties=species:S:1:pos:R:3:GW_charged:R:1:dKS_charged:R:1:dKS_neutral:R:1 pbc="T T T"
 21 22  0  0  0  0  0  0  0  0999 V2000
    4.9636    5.5683    5.7914 C   0  0  0  0  0  0  0  0  0  0  0  0
    5.0063    6.7781    5.7987 C   0  0  0  0  0  0  0  0  0  0  0  0
    5.0606    8.2320    5.8074 C   0  0  0  0  0  0  0  0  0  0  0  0
    6.4708    8.8342    5.7965 C   0  0  0  0  0  0  0  0  0  0  0  0
    7.5735    8.1124    6.5361 C   0  0  0  0  0  0  0  0  0  0  0  0
    7.5575    8.1223    5.0244 C   0  0  0  0  0  0  0  0  0  0  0  0
    6.5433   10.3403    5.8057 C   0  0  0  0  0  0  0  0  0  0  0  0
    5.5789   11.2373    5.0665 C   0  0  0  0  0  0  0  0  0  0  0  0
    5.5962   11.2271    6.5788 C   0  0  0  0  0  0  0  0  0  0  0  0
    4.9169    4.5000    5.7844 H   0  0  0  0  0  0  0  0  0  0  0  0
    4.5000    8.6024    4.9327 H   0  0  0  0  0  0  0  0  0  0  0  0
    4.5183    8.5913    6.6981 H   0  0  0  0  0  0  0  0  0  0  0  0
    8.3137    8.7218    7.0531 H   0  0  0  0  0  0  0  0  0  0  0  0
    7.3287    7.1741    7.0320 H   0  0  0  0  0  0  0  0  0  0  0  0
    7.3022    7.1906    4.5214 H   0  0  0  0  0  0  0  0  0  0  0  0
    8.2868    8.7386    4.5000 H   0  0  0  0  0  0  0  0  0  0  0  0
    7.5770   10.6935    5.7963 H   0  0  0  0  0  0  0  0  0  0  0  0
    5.9825   12.1036    4.5449 H   0  0  0  0  0  0  0  0  0  0  0  0
    4.7193   10.7880    4.5712 H   0  0  0  0  0  0  0  0  0  0  0  0
    4.7481   10.7711    7.0876 H   0  0  0  0  0  0  0  0  0  0  0  0
    6.0117   12.0864    7.1027 H   0  0  0  0  0  0  0  0  0  0  0  0
  1  2  3  0  0  0  0
  2  3  1  0  0  0  0
  3 12  1  0  0  0  0
  4  7  1  0  0  0  0
  4  3  1  0  0  0  0
  4  5  1  0  0  0  0
  5 14  1  0  0  0  0
  5 13  1  0  0  0  0
  6  4  1  0  0  0  0
  6  5  1  0  0  0  0
  7  9  1  0  0  0  0
  8  7  1  0  0  0  0
  8  9  1  0  0  0  0
  9 20  1  0  0  0  0
  9 21  1  0  0  0  0
 10  1  1  0  0  0  0
 11  3  1  0  0  0  0
 15  6  1  0  0  0  0
 16  6  1  0  0  0  0
 17  7  1  0  0  0  0
 18  8  1  0  0  0  0
 19  8  1  0  0  0  0
M  END
