Lattice="12.19589805 0.0 0.0 0.0 13.764393909999999 0.0 0.0 0.0 13.21298897" Properties=species:S:1:pos:R:3:GW_charged:R:1:dKS_charged:R:1:dKS_neutral:R:1 pbc="T T T"
 OpenBabel12102409263D
Lattice="12.19589805 0.0 0.0 0.0 13.764393909999999 0.0 0.0 0.0 13.21298897" Properties=species:S:1:pos:R:3:GW_charged:R:1:dKS_charged:R:1:dKS_neutral:R:1 pbc="T T T"
 16 15  0  0  1  0  0  0  0  0999 V2000
    5.4226    8.6495    5.5163 C   0  0  0  0  0  0  0  0  0  0  0  0
    5.7626    7.2750    5.4639 O   0  0  0  0  0  0  0  0  0  0  0  0
    6.3381    6.7468    6.6705 C   0  0  1  0  0  0  0  0  0  0  0  0
    5.3317    6.6572    7.8168 C   0  0  0  0  0  0  0  0  0  0  0  0
    6.9055    5.3862    6.2618 C   0  0  0  0  0  0  0  0  0  0  0  0
    5.9054    4.5000    5.7681 O   0  0  0  0  0  0  0  0  0  0  0  0
    6.2834    9.2644    5.8372 H   0  0  0  0  0  0  0  0  0  0  0  0
    5.1359    8.9445    4.5000 H   0  0  0  0  0  0  0  0  0  0  0  0
    4.5743    8.8516    6.1924 H   0  0  0  0  0  0  0  0  0  0  0  0
    7.1884    7.3933    6.9704 H   0  0  0  0  0  0  0  0  0  0  0  0
    4.9273    7.6419    8.0833 H   0  0  0  0  0  0  0  0  0  0  0  0
    4.5000    5.9942    7.5474 H   0  0  0  0  0  0  0  0  0  0  0  0
    5.8198    6.2501    8.7130 H   0  0  0  0  0  0  0  0  0  0  0  0
    7.6959    5.5483    5.5067 H   0  0  0  0  0  0  0  0  0  0  0  0
    7.3596    4.8932    7.1326 H   0  0  0  0  0  0  0  0  0  0  0  0
    5.4396    4.9852    5.0665 H   0  0  0  0  0  0  0  0  0  0  0  0
  1  7  1  0  0  0  0
  1  9  1  0  0  0  0
  2  1  1  0  0  0  0
  2  3  1  0  0  0  0
  3 10  1  1  0  0  0
  3  4  1  0  0  0  0
  4 11  1  0  0  0  0
  4 13  1  0  0  0  0
  5  3  1  0  0  0  0
  5 15  1  0  0  0  0
  6  5  1  0  0  0  0
  8  1  1  0  0  0  0
 12  4  1  0  0  0  0
 14  5  1  0  0  0  0
 16  6  1  0  0  0  0
M  END
