Lattice="13.578552290000001 0.0 0.0 0.0 13.09422742 0.0 0.0 0.0 14.18036784" Properties=species:S:1:pos:R:3:GW_charged:R:1:dKS_charged:R:1:dKS_neutral:R:1 pbc="T T T"
 OpenBabel12102409373D
Lattice="13.578552290000001 0.0 0.0 0.0 13.09422742 0.0 0.0 0.0 14.18036784" Properties=species:S:1:pos:R:3:GW_charged:R:1:dKS_charged:R:1:dKS_neutral:R:1 pbc="T T T"
 19 19  0  0  1  0  0  0  0  0999 V2000
    5.3258    7.7305    6.5113 C   0  0  0  0  0  0  0  0  0  0  0  0
    6.1122    6.4231    6.5155 C   0  0  1  0  0  0  0  0  0  0  0  0
    7.2872    6.3688    5.5066 C   0  0  0  0  0  0  0  0  0  0  0  0
    8.2305    5.3784    6.1386 C   0  0  0  0  0  0  0  0  0  0  0  0
    7.9176    5.1483    7.4197 C   0  0  0  0  0  0  0  0  0  0  0  0
    6.7401    5.9803    7.8785 C   0  0  1  0  0  0  0  0  0  0  0  0
    7.2056    7.1226    8.7988 C   0  0  0  0  0  0  0  0  0  0  0  0
    5.9615    8.5942    6.7530 H   0  0  0  0  0  0  0  0  0  0  0  0
    4.8869    7.9154    5.5205 H   0  0  0  0  0  0  0  0  0  0  0  0
    4.5000    7.7095    7.2370 H   0  0  0  0  0  0  0  0  0  0  0  0
    5.4228    5.6112    6.2305 H   0  0  0  0  0  0  0  0  0  0  0  0
    6.9542    6.0740    4.5000 H   0  0  0  0  0  0  0  0  0  0  0  0
    7.7744    7.3548    5.3909 H   0  0  0  0  0  0  0  0  0  0  0  0
    9.0786    4.9400    5.6120 H   0  0  0  0  0  0  0  0  0  0  0  0
    8.4774    4.5000    8.0953 H   0  0  0  0  0  0  0  0  0  0  0  0
    6.0125    5.3719    8.4411 H   0  0  0  0  0  0  0  0  0  0  0  0
    7.9118    7.7889    8.2833 H   0  0  0  0  0  0  0  0  0  0  0  0
    6.3614    7.7275    9.1579 H   0  0  0  0  0  0  0  0  0  0  0  0
    7.7218    6.7175    9.6804 H   0  0  0  0  0  0  0  0  0  0  0  0
  1  2  1  0  0  0  0
  1  8  1  0  0  0  0
  1 10  1  0  0  0  0
  2 11  1  6  0  0  0
  2  6  1  0  0  0  0
  3  4  1  0  0  0  0
  3  2  1  0  0  0  0
  4  5  2  0  0  0  0
  5  6  1  0  0  0  0
  5 15  1  0  0  0  0
  6 16  1  1  0  0  0
  6  7  1  0  0  0  0
  7 18  1  0  0  0  0
  7 19  1  0  0  0  0
  9  1  1  0  0  0  0
 12  3  1  0  0  0  0
 13  3  1  0  0  0  0
 14  4  1  0  0  0  0
 17  7  1  0  0  0  0
M  END
