Lattice="14.317405560000001 0.0 0.0 0.0 12.887806059999999 0.0 0.0 0.0 13.928051870000001" Properties=species:S:1:pos:R:3:GW_charged:R:1:dKS_charged:R:1:dKS_neutral:R:1 pbc="T T T"
 OpenBabel12102409323D
Lattice="14.317405560000001 0.0 0.0 0.0 12.887806059999999 0.0 0.0 0.0 13.928051870000001" Properties=species:S:1:pos:R:3:GW_charged:R:1:dKS_charged:R:1:dKS_neutral:R:1 pbc="T T T"
 19 19  0  0  0  0  0  0  0  0999 V2000
    7.7400    7.8330    7.8799 C   0  0  0  0  0  0  0  0  0  0  0  0
    7.6647    6.3320    7.6681 C   0  0  0  0  0  0  0  0  0  0  0  0
    6.3334    5.7970    7.1616 C   0  0  0  0  0  0  0  0  0  0  0  0
    5.9663    6.2693    5.7606 C   0  0  0  0  0  0  0  0  0  0  0  0
    4.7605    5.5950    5.3751 O   0  0  0  0  0  0  0  0  0  0  0  0
    8.9204    5.6201    7.2117 C   0  0  0  0  0  0  0  0  0  0  0  0
    8.4307    5.4569    8.6332 C   0  0  0  0  0  0  0  0  0  0  0  0
    8.7085    8.1244    8.3086 H   0  0  0  0  0  0  0  0  0  0  0  0
    7.6197    8.3878    6.9379 H   0  0  0  0  0  0  0  0  0  0  0  0
    6.9538    8.1722    8.5714 H   0  0  0  0  0  0  0  0  0  0  0  0
    6.3590    4.6964    7.1477 H   0  0  0  0  0  0  0  0  0  0  0  0
    5.5262    6.0808    7.8569 H   0  0  0  0  0  0  0  0  0  0  0  0
    5.8170    7.3637    5.7454 H   0  0  0  0  0  0  0  0  0  0  0  0
    6.7900    6.0334    5.0617 H   0  0  0  0  0  0  0  0  0  0  0  0
    4.5000    5.9176    4.5000 H   0  0  0  0  0  0  0  0  0  0  0  0
    8.8137    4.7725    6.5350 H   0  0  0  0  0  0  0  0  0  0  0  0
    9.8174    6.2151    7.0425 H   0  0  0  0  0  0  0  0  0  0  0  0
    8.9945    5.9446    9.4281 H   0  0  0  0  0  0  0  0  0  0  0  0
    7.9938    4.5000    8.9175 H   0  0  0  0  0  0  0  0  0  0  0  0
  1  8  1  0  0  0  0
  1 10  1  0  0  0  0
  2  1  1  0  0  0  0
  2  7  1  0  0  0  0
  3  2  1  0  0  0  0
  3 12  1  0  0  0  0
  4  3  1  0  0  0  0
  5  4  1  0  0  0  0
  6  2  1  0  0  0  0
  6  7  1  0  0  0  0
  7 19  1  0  0  0  0
  7 18  1  0  0  0  0
  9  1  1  0  0  0  0
 11  3  1  0  0  0  0
 13  4  1  0  0  0  0
 14  4  1  0  0  0  0
 15  5  1  0  0  0  0
 16  6  1  0  0  0  0
 17  6  1  0  0  0  0
M  END
