Lattice="13.4073642 0.0 0.0 0.0 16.12605035 0.0 0.0 0.0 13.59033829" Properties=species:S:1:pos:R:3:GW_charged:R:1:dKS_charged:R:1:dKS_neutral:R:1 pbc="T T T"
 OpenBabel12102409443D
Lattice="13.4073642 0.0 0.0 0.0 16.12605035 0.0 0.0 0.0 13.59033829" Properties=species:S:1:pos:R:3:GW_charged:R:1:dKS_charged:R:1:dKS_neutral:R:1 pbc="T T T"
 19 19  0  0  0  0  0  0  0  0999 V2000
    6.2160   11.1491    5.3752 C   0  0  0  0  0  0  0  0  0  0  0  0
    6.4292    9.7492    5.3758 O   0  0  0  0  0  0  0  0  0  0  0  0
    5.7820    9.1159    6.4839 C   0  0  0  0  0  0  0  0  0  0  0  0
    5.9805    7.6422    6.4104 C   0  0  0  0  0  0  0  0  0  0  0  0
    6.8764    6.8880    7.1265 C   0  0  0  0  0  0  0  0  0  0  0  0
    7.8984    7.2052    8.1538 C   0  0  0  0  0  0  0  0  0  0  0  0
    6.7630    5.5687    6.7681 O   0  0  0  0  0  0  0  0  0  0  0  0
    5.7872    5.4916    5.8080 C   0  0  0  0  0  0  0  0  0  0  0  0
    5.2781    6.7260    5.5534 C   0  0  0  0  0  0  0  0  0  0  0  0
    6.6221   11.6261    6.2875 H   0  0  0  0  0  0  0  0  0  0  0  0
    6.7358   11.5553    4.5000 H   0  0  0  0  0  0  0  0  0  0  0  0
    5.1406   11.3995    5.3036 H   0  0  0  0  0  0  0  0  0  0  0  0
    6.1848    9.5197    7.4331 H   0  0  0  0  0  0  0  0  0  0  0  0
    4.7009    9.3582    6.4645 H   0  0  0  0  0  0  0  0  0  0  0  0
    7.7122    6.6596    9.0903 H   0  0  0  0  0  0  0  0  0  0  0  0
    8.9074    6.9367    7.8081 H   0  0  0  0  0  0  0  0  0  0  0  0
    7.8933    8.2786    8.3746 H   0  0  0  0  0  0  0  0  0  0  0  0
    5.5848    4.5000    5.4231 H   0  0  0  0  0  0  0  0  0  0  0  0
    4.5000    6.9713    4.8386 H   0  0  0  0  0  0  0  0  0  0  0  0
  1  2  1  0  0  0  0
  1 10  1  0  0  0  0
  2  3  1  0  0  0  0
  3 13  1  0  0  0  0
  4  3  1  0  0  0  0
  4  5  2  0  0  0  0
  5  6  1  0  0  0  0
  6 17  1  0  0  0  0
  6 15  1  0  0  0  0
  7  5  1  0  0  0  0
  8  7  1  0  0  0  0
  9  8  2  0  0  0  0
  9  4  1  0  0  0  0
 11  1  1  0  0  0  0
 12  1  1  0  0  0  0
 14  3  1  0  0  0  0
 16  6  1  0  0  0  0
 18  8  1  0  0  0  0
 19  9  1  0  0  0  0
M  END
