Lattice="13.69298054 0.0 0.0 0.0 13.79729682 0.0 0.0 0.0 14.31743118" Properties=species:S:1:pos:R:3:GW_charged:R:1:dKS_charged:R:1:dKS_neutral:R:1 pbc="T T T"
 OpenBabel12102411053D
Lattice="13.69298054 0.0 0.0 0.0 13.79729682 0.0 0.0 0.0 14.31743118" Properties=species:S:1:pos:R:3:GW_charged:R:1:dKS_charged:R:1:dKS_neutral:R:1 pbc="T T T"
 23 24  0  0  1  0  0  0  0  0999 V2000
    5.9916    7.7477    8.6955 C   0  0  0  0  0  0  0  0  0  0  0  0
    7.5441    7.7547    8.5805 C   0  0  1  0  0  0  0  0  0  0  0  0
    7.5334    6.2075    8.8020 C   0  0  0  0  0  0  0  0  0  0  0  0
    5.9861    6.1964    8.6091 C   0  0  2  0  0  0  0  0  0  0  0  0
    5.4787    5.5768    7.3019 C   0  0  0  0  0  0  0  0  0  0  0  0
    6.3551    5.6281    6.1832 O   0  0  0  0  0  0  0  0  0  0  0  0
    6.6119    6.9026    5.5855 C   0  0  0  0  0  0  0  0  0  0  0  0
    7.9799    7.4776    5.9740 C   0  0  0  0  0  0  0  0  0  0  0  0
    8.1164    8.3040    7.2665 C   0  0  0  0  0  0  0  0  0  0  0  0
    5.6394    8.1159    9.6680 H   0  0  0  0  0  0  0  0  0  0  0  0
    5.4374    8.2877    7.9139 H   0  0  0  0  0  0  0  0  0  0  0  0
    8.0264    8.3039    9.4014 H   0  0  0  0  0  0  0  0  0  0  0  0
    8.1031    5.6025    8.0861 H   0  0  0  0  0  0  0  0  0  0  0  0
    7.8374    5.9251    9.8174 H   0  0  0  0  0  0  0  0  0  0  0  0
    5.4269    5.7123    9.4235 H   0  0  0  0  0  0  0  0  0  0  0  0
    5.3137    4.5000    7.4538 H   0  0  0  0  0  0  0  0  0  0  0  0
    4.5000    6.0292    7.0423 H   0  0  0  0  0  0  0  0  0  0  0  0
    6.6107    6.7174    4.5000 H   0  0  0  0  0  0  0  0  0  0  0  0
    5.7883    7.6078    5.7952 H   0  0  0  0  0  0  0  0  0  0  0  0
    8.6776    6.6258    5.9938 H   0  0  0  0  0  0  0  0  0  0  0  0
    8.3205    8.1167    5.1431 H   0  0  0  0  0  0  0  0  0  0  0  0
    7.6626    9.2973    7.1055 H   0  0  0  0  0  0  0  0  0  0  0  0
    9.1930    8.4937    7.4073 H   0  0  0  0  0  0  0  0  0  0  0  0
  1 10  1  0  0  0  0
  2  1  1  0  0  0  0
  2  3  1  0  0  0  0
  2 12  1  1  0  0  0
  3 14  1  0  0  0  0
  4  1  1  0  0  0  0
  4  3  1  0  0  0  0
  4 15  1  1  0  0  0
  5 16  1  0  0  0  0
  5  4  1  0  0  0  0
  6  5  1  0  0  0  0
  7 19  1  0  0  0  0
  7  8  1  0  0  0  0
  7  6  1  0  0  0  0
  8 20  1  0  0  0  0
  8  9  1  0  0  0  0
  9 23  1  0  0  0  0
  9  2  1  0  0  0  0
 11  1  1  0  0  0  0
 13  3  1  0  0  0  0
 17  5  1  0  0  0  0
 18  7  1  0  0  0  0
 21  8  1  0  0  0  0
 22  9  1  0  0  0  0
M  END
