Lattice="12.70168704 0.0 0.0 0.0 14.65392348 0.0 0.0 0.0 13.5762552" Properties=species:S:1:pos:R:3:GW_charged:R:1:dKS_charged:R:1:dKS_neutral:R:1 pbc="T T T"
 OpenBabel12102409313D
Lattice="12.70168704 0.0 0.0 0.0 14.65392348 0.0 0.0 0.0 13.5762552" Properties=species:S:1:pos:R:3:GW_charged:R:1:dKS_charged:R:1:dKS_neutral:R:1 pbc="T T T"
 15 14  0  0  0  0  0  0  0  0999 V2000
    5.5883    9.6192    5.3597 C   0  0  0  0  0  0  0  0  0  0  0  0
    5.5317    8.1109    5.5617 C   0  0  0  0  0  0  0  0  0  0  0  0
    6.3510    7.6169    6.7278 C   0  0  0  0  0  0  0  0  0  0  0  0
    7.0087    8.3363    7.4594 O   0  0  0  0  0  0  0  0  0  0  0  0
    6.3320    6.0768    6.9851 C   0  0  0  0  0  0  0  0  0  0  0  0
    7.1498    5.5870    8.1482 C   0  0  0  0  0  0  0  0  0  0  0  0
    5.6770    5.3508    6.2584 O   0  0  0  0  0  0  0  0  0  0  0  0
    6.6164    9.9591    5.1811 H   0  0  0  0  0  0  0  0  0  0  0  0
    4.9748    9.9162    4.5000 H   0  0  0  0  0  0  0  0  0  0  0  0
    5.2203   10.1539    6.2447 H   0  0  0  0  0  0  0  0  0  0  0  0
    4.5000    7.7495    5.7109 H   0  0  0  0  0  0  0  0  0  0  0  0
    5.8688    7.5585    4.6682 H   0  0  0  0  0  0  0  0  0  0  0  0
    6.8164    6.0730    9.0763 H   0  0  0  0  0  0  0  0  0  0  0  0
    7.0617    4.5000    8.2314 H   0  0  0  0  0  0  0  0  0  0  0  0
    8.2017    5.8801    8.0211 H   0  0  0  0  0  0  0  0  0  0  0  0
  1  2  1  0  0  0  0
  1 10  1  0  0  0  0
  2 11  1  0  0  0  0
  2  3  1  0  0  0  0
  3  5  1  0  0  0  0
  3  4  2  0  0  0  0
  5  6  1  0  0  0  0
  6 14  1  0  0  0  0
  6 13  1  0  0  0  0
  7  5  2  0  0  0  0
  8  1  1  0  0  0  0
  9  1  1  0  0  0  0
 12  2  1  0  0  0  0
 15  6  1  0  0  0  0
M  END
