Lattice="12.48488691 0.0 0.0 0.0 13.61762086 0.0 0.0 0.0 12.83120203" Properties=species:S:1:pos:R:3:GW_charged:R:1:dKS_charged:R:1:dKS_neutral:R:1 pbc="T T T"
 OpenBabel12102409263D
Lattice="12.48488691 0.0 0.0 0.0 13.61762086 0.0 0.0 0.0 12.83120203" Properties=species:S:1:pos:R:3:GW_charged:R:1:dKS_charged:R:1:dKS_neutral:R:1 pbc="T T T"
 14 14  0  0  1  0  0  0  0  0999 V2000
    5.4366    8.6939    6.3350 C   0  0  0  0  0  0  0  0  0  0  0  0
    5.4877    7.1748    6.3504 C   0  0  1  0  0  0  0  0  0  0  0  0
    6.0938    6.3799    5.1484 C   0  0  0  0  0  0  0  0  0  0  0  0
    6.9117    5.4875    6.1284 C   0  0  0  0  0  0  0  0  0  0  0  0
    6.5421    6.4833    7.2372 C   0  0  0  0  0  0  0  0  0  0  0  0
    6.9906    6.7229    8.3312 O   0  0  0  0  0  0  0  0  0  0  0  0
    6.4175    9.1176    6.0780 H   0  0  0  0  0  0  0  0  0  0  0  0
    4.7054    9.0592    5.6010 H   0  0  0  0  0  0  0  0  0  0  0  0
    5.1537    9.0836    7.3217 H   0  0  0  0  0  0  0  0  0  0  0  0
    4.5000    6.7586    6.6149 H   0  0  0  0  0  0  0  0  0  0  0  0
    5.3780    5.8635    4.5000 H   0  0  0  0  0  0  0  0  0  0  0  0
    6.7411    7.0133    4.5286 H   0  0  0  0  0  0  0  0  0  0  0  0
    6.4615    4.5000    6.3070 H   0  0  0  0  0  0  0  0  0  0  0  0
    7.9849    5.3503    5.9443 H   0  0  0  0  0  0  0  0  0  0  0  0
  1  2  1  0  0  0  0
  1  9  1  0  0  0  0
  2 10  1  1  0  0  0
  2  5  1  0  0  0  0
  3  4  1  0  0  0  0
  3  2  1  0  0  0  0
  4 13  1  0  0  0  0
  4  5  1  0  0  0  0
  5  6  2  0  0  0  0
  7  1  1  0  0  0  0
  8  1  1  0  0  0  0
 11  3  1  0  0  0  0
 12  3  1  0  0  0  0
 14  4  1  0  0  0  0
M  END
