Lattice="15.5444523 0.0 0.0 0.0 13.689817099999999 0.0 0.0 0.0 13.55080576" Properties=species:S:1:pos:R:3:GW_charged:R:1:dKS_charged:R:1:dKS_neutral:R:1 pbc="T T T"
 OpenBabel12102409443D
Lattice="15.5444523 0.0 0.0 0.0 13.689817099999999 0.0 0.0 0.0 13.55080576" Properties=species:S:1:pos:R:3:GW_charged:R:1:dKS_charged:R:1:dKS_neutral:R:1 pbc="T T T"
 19 19  0  0  0  0  0  0  0  0999 V2000
   10.0269    8.7757    6.9983 C   0  0  0  0  0  0  0  0  0  0  0  0
   10.0520    7.2377    6.9932 C   0  0  0  0  0  0  0  0  0  0  0  0
    8.6873    6.6197    6.9778 C   0  0  0  0  0  0  0  0  0  0  0  0
    8.0051    6.0457    8.0138 C   0  0  0  0  0  0  0  0  0  0  0  0
    6.7658    5.6302    7.6219 O   0  0  0  0  0  0  0  0  0  0  0  0
    6.6306    5.9367    6.2837 C   0  0  0  0  0  0  0  0  0  0  0  0
    5.3627    5.5802    5.6081 C   0  0  0  0  0  0  0  0  0  0  0  0
    7.7836    6.5427    5.8604 C   0  0  0  0  0  0  0  0  0  0  0  0
    7.9983    6.9891    4.5796 O   0  0  0  0  0  0  0  0  0  0  0  0
   11.0445    9.1898    6.9837 H   0  0  0  0  0  0  0  0  0  0  0  0
    9.4869    9.1766    6.1290 H   0  0  0  0  0  0  0  0  0  0  0  0
    9.5165    9.1489    7.8958 H   0  0  0  0  0  0  0  0  0  0  0  0
   10.6338    6.8816    6.1241 H   0  0  0  0  0  0  0  0  0  0  0  0
   10.5998    6.8751    7.8750 H   0  0  0  0  0  0  0  0  0  0  0  0
    8.2619    5.8641    9.0508 H   0  0  0  0  0  0  0  0  0  0  0  0
    4.5000    6.1035    6.0482 H   0  0  0  0  0  0  0  0  0  0  0  0
    5.4258    5.8613    4.5502 H   0  0  0  0  0  0  0  0  0  0  0  0
    5.1597    4.5000    5.6630 H   0  0  0  0  0  0  0  0  0  0  0  0
    8.9242    7.2634    4.5000 H   0  0  0  0  0  0  0  0  0  0  0  0
  1 12  1  0  0  0  0
  2  1  1  0  0  0  0
  2 14  1  0  0  0  0
  3  2  1  0  0  0  0
  3  4  2  0  0  0  0
  4 15  1  0  0  0  0
  5  4  1  0  0  0  0
  6  5  1  0  0  0  0
  7 18  1  0  0  0  0
  7 16  1  0  0  0  0
  7  6  1  0  0  0  0
  8  6  2  0  0  0  0
  8  3  1  0  0  0  0
  9  8  1  0  0  0  0
 10  1  1  0  0  0  0
 11  1  1  0  0  0  0
 13  2  1  0  0  0  0
 17  7  1  0  0  0  0
 19  9  1  0  0  0  0
M  END
