Lattice="12.50459466 0.0 0.0 0.0 14.710659360000001 0.0 0.0 0.0 14.0086203" Properties=species:S:1:pos:R:3:GW_charged:R:1:dKS_charged:R:1:dKS_neutral:R:1 pbc="T T T"
 OpenBabel12102409273D
Lattice="12.50459466 0.0 0.0 0.0 14.710659360000001 0.0 0.0 0.0 14.0086203" Properties=species:S:1:pos:R:3:GW_charged:R:1:dKS_charged:R:1:dKS_neutral:R:1 pbc="T T T"
 15 14  0  0  0  0  0  0  0  0999 V2000
    5.5430    9.7783    5.4886 C   0  0  0  0  0  0  0  0  0  0  0  0
    5.5341    8.2501    5.4300 C   0  0  0  0  0  0  0  0  0  0  0  0
    6.2480    7.6166    6.6206 C   0  0  0  0  0  0  0  0  0  0  0  0
    6.2673    6.1002    6.6096 C   0  0  0  0  0  0  0  0  0  0  0  0
    5.7612    5.4165    5.7318 O   0  0  0  0  0  0  0  0  0  0  0  0
    6.9447    5.4804    7.7400 C   0  0  0  0  0  0  0  0  0  0  0  0
    7.5100    4.9702    8.6837 C   0  0  0  0  0  0  0  0  0  0  0  0
    6.5684   10.1761    5.4924 H   0  0  0  0  0  0  0  0  0  0  0  0
    5.0242   10.2107    4.6228 H   0  0  0  0  0  0  0  0  0  0  0  0
    5.0420   10.1504    6.3942 H   0  0  0  0  0  0  0  0  0  0  0  0
    4.5000    7.8776    5.3905 H   0  0  0  0  0  0  0  0  0  0  0  0
    6.0076    7.9029    4.5000 H   0  0  0  0  0  0  0  0  0  0  0  0
    7.2972    7.9555    6.6908 H   0  0  0  0  0  0  0  0  0  0  0  0
    5.7947    7.9299    7.5781 H   0  0  0  0  0  0  0  0  0  0  0  0
    8.0046    4.5000    9.5086 H   0  0  0  0  0  0  0  0  0  0  0  0
  1  8  1  0  0  0  0
  1 10  1  0  0  0  0
  2  1  1  0  0  0  0
  2  3  1  0  0  0  0
  3 13  1  0  0  0  0
  3 14  1  0  0  0  0
  4  3  1  0  0  0  0
  4  6  1  0  0  0  0
  5  4  2  0  0  0  0
  6  7  3  0  0  0  0
  7 15  1  0  0  0  0
  9  1  1  0  0  0  0
 11  2  1  0  0  0  0
 12  2  1  0  0  0  0
M  END
