Lattice="12.96326787 0.0 0.0 0.0 13.77800262 0.0 0.0 0.0 12.332178859999999" Properties=species:S:1:pos:R:3:GW_charged:R:1:dKS_charged:R:1:dKS_neutral:R:1 pbc="T T T"
 OpenBabel12102409263D
Lattice="12.96326787 0.0 0.0 0.0 13.77800262 0.0 0.0 0.0 12.332178859999999" Properties=species:S:1:pos:R:3:GW_charged:R:1:dKS_charged:R:1:dKS_neutral:R:1 pbc="T T T"
 15 15  0  0  0  0  0  0  0  0999 V2000
    5.9213    8.6603    6.9701 C   0  0  0  0  0  0  0  0  0  0  0  0
    5.5848    7.1873    6.7230 C   0  0  0  0  0  0  0  0  0  0  0  0
    6.3310    6.5991    5.5446 C   0  0  0  0  0  0  0  0  0  0  0  0
    7.7436    6.0945    5.7163 C   0  0  0  0  0  0  0  0  0  0  0  0
    6.6145    5.1203    5.4693 C   0  0  0  0  0  0  0  0  0  0  0  0
    6.9952    8.7915    7.1641 H   0  0  0  0  0  0  0  0  0  0  0  0
    5.6665    9.2780    6.0967 H   0  0  0  0  0  0  0  0  0  0  0  0
    5.3709    9.0612    7.8322 H   0  0  0  0  0  0  0  0  0  0  0  0
    5.8184    6.5977    7.6251 H   0  0  0  0  0  0  0  0  0  0  0  0
    4.5000    7.0741    6.5613 H   0  0  0  0  0  0  0  0  0  0  0  0
    6.1209    7.0880    4.5897 H   0  0  0  0  0  0  0  0  0  0  0  0
    8.4633    6.2660    4.9173 H   0  0  0  0  0  0  0  0  0  0  0  0
    8.1724    6.1302    6.7181 H   0  0  0  0  0  0  0  0  0  0  0  0
    6.2876    4.5000    6.3040 H   0  0  0  0  0  0  0  0  0  0  0  0
    6.5604    4.6271    4.5000 H   0  0  0  0  0  0  0  0  0  0  0  0
  1  6  1  0  0  0  0
  1  8  1  0  0  0  0
  2  1  1  0  0  0  0
  2  9  1  0  0  0  0
  3  4  1  0  0  0  0
  3  2  1  0  0  0  0
  4 13  1  0  0  0  0
  5  3  1  0  0  0  0
  5  4  1  0  0  0  0
  5 14  1  0  0  0  0
  7  1  1  0  0  0  0
 10  2  1  0  0  0  0
 11  3  1  0  0  0  0
 12  4  1  0  0  0  0
 15  5  1  0  0  0  0
M  END
