Lattice="13.73657789 0.0 0.0 0.0 14.42340666 0.0 0.0 0.0 12.14828292" Properties=species:S:1:pos:R:3:GW_charged:R:1:dKS_charged:R:1:dKS_neutral:R:1 pbc="T T T"
 OpenBabel12102409263D
Lattice="13.73657789 0.0 0.0 0.0 14.42340666 0.0 0.0 0.0 12.14828292" Properties=species:S:1:pos:R:3:GW_charged:R:1:dKS_charged:R:1:dKS_neutral:R:1 pbc="T T T"
 18 17  0  0  0  0  0  0  0  0999 V2000
    7.3394    9.4816    5.4618 C   0  0  0  0  0  0  0  0  0  0  0  0
    7.4051    7.9500    5.5025 C   0  0  0  0  0  0  0  0  0  0  0  0
    8.2423    7.4754    6.6985 C   0  0  0  0  0  0  0  0  0  0  0  0
    5.9856    7.3562    5.4978 C   0  0  0  0  0  0  0  0  0  0  0  0
    5.9266    5.8409    5.3748 C   0  0  0  0  0  0  0  0  0  0  0  0
    4.5503    5.4670    5.2191 O   0  0  0  0  0  0  0  0  0  0  0  0
    8.3448    9.9234    5.4157 H   0  0  0  0  0  0  0  0  0  0  0  0
    6.7748    9.8368    4.5884 H   0  0  0  0  0  0  0  0  0  0  0  0
    6.8439    9.8776    6.3615 H   0  0  0  0  0  0  0  0  0  0  0  0
    7.9116    7.6120    4.5801 H   0  0  0  0  0  0  0  0  0  0  0  0
    9.2366    7.9438    6.6929 H   0  0  0  0  0  0  0  0  0  0  0  0
    7.7543    7.7439    7.6483 H   0  0  0  0  0  0  0  0  0  0  0  0
    8.3930    6.3874    6.6978 H   0  0  0  0  0  0  0  0  0  0  0  0
    5.4520    7.6607    6.4138 H   0  0  0  0  0  0  0  0  0  0  0  0
    5.4183    7.7798    4.6539 H   0  0  0  0  0  0  0  0  0  0  0  0
    6.5208    5.5134    4.5000 H   0  0  0  0  0  0  0  0  0  0  0  0
    6.3559    5.3572    6.2698 H   0  0  0  0  0  0  0  0  0  0  0  0
    4.5000    4.5000    5.2006 H   0  0  0  0  0  0  0  0  0  0  0  0
  1  2  1  0  0  0  0
  1  9  1  0  0  0  0
  2  3  1  0  0  0  0
  3 12  1  0  0  0  0
  4  2  1  0  0  0  0
  4 14  1  0  0  0  0
  5  4  1  0  0  0  0
  5 17  1  0  0  0  0
  6  5  1  0  0  0  0
  7  1  1  0  0  0  0
  8  1  1  0  0  0  0
 10  2  1  0  0  0  0
 11  3  1  0  0  0  0
 13  3  1  0  0  0  0
 15  4  1  0  0  0  0
 16  5  1  0  0  0  0
 18  6  1  0  0  0  0
M  END
