Lattice="12.81184802 0.0 0.0 0.0 13.1500995 0.0 0.0 0.0 12.76522664" Properties=species:S:1:pos:R:3:GW_charged:R:1:dKS_charged:R:1:dKS_neutral:R:1 pbc="T T T"
 OpenBabel12102409263D
Lattice="12.81184802 0.0 0.0 0.0 13.1500995 0.0 0.0 0.0 12.76522664" Properties=species:S:1:pos:R:3:GW_charged:R:1:dKS_charged:R:1:dKS_neutral:R:1 pbc="T T T"
 16 17  0  0  1  0  0  0  0  0999 V2000
    5.3999    7.9625    5.8019 C   0  0  0  0  0  0  0  0  0  0  0  0
    6.6948    7.2737    5.4393 C   0  0  1  0  0  0  0  0  0  0  0  0
    7.5616    6.7544    6.5761 C   0  0  0  0  0  0  0  0  0  0  0  0
    6.5855    6.0044    7.5110 C   0  0  0  0  0  0  0  0  0  0  0  0
    5.4546    5.4914    6.5906 C   0  0  0  0  0  0  0  0  0  0  0  0
    5.3936    6.4937    5.4482 C   0  0  1  0  0  0  0  0  0  0  0  0
    5.2265    8.2636    6.8360 H   0  0  0  0  0  0  0  0  0  0  0  0
    4.9827    8.6501    5.0678 H   0  0  0  0  0  0  0  0  0  0  0  0
    7.1747    7.5470    4.5000 H   0  0  0  0  0  0  0  0  0  0  0  0
    8.3118    6.0603    6.1659 H   0  0  0  0  0  0  0  0  0  0  0  0
    8.1105    7.5496    7.1021 H   0  0  0  0  0  0  0  0  0  0  0  0
    7.0756    5.1932    8.0645 H   0  0  0  0  0  0  0  0  0  0  0  0
    6.1783    6.6923    8.2652 H   0  0  0  0  0  0  0  0  0  0  0  0
    5.7092    4.5000    6.1838 H   0  0  0  0  0  0  0  0  0  0  0  0
    4.5000    5.3852    7.1268 H   0  0  0  0  0  0  0  0  0  0  0  0
    4.9170    6.1935    4.5155 H   0  0  0  0  0  0  0  0  0  0  0  0
  1  7  1  0  0  0  0
  2  9  1  6  0  0  0
  2  6  1  0  0  0  0
  2  1  1  0  0  0  0
  2  3  1  0  0  0  0
  3 11  1  0  0  0  0
  3  4  1  0  0  0  0
  4 12  1  0  0  0  0
  4 13  1  0  0  0  0
  5 15  1  0  0  0  0
  5  4  1  0  0  0  0
  6 16  1  6  0  0  0
  6  1  1  0  0  0  0
  6  5  1  0  0  0  0
  8  1  1  0  0  0  0
 10  3  1  0  0  0  0
 14  5  1  0  0  0  0
M  END
