Lattice="11.01253962 0.0 0.0 0.0 11.361885860000001 0.0 0.0 0.0 10.79304679" Properties=species:S:1:pos:R:3:GW_charged:R:1:dKS_charged:R:1:dKS_neutral:R:1 pbc="T T T"
 OpenBabel12102409263D
Lattice="11.01253962 0.0 0.0 0.0 11.361885860000001 0.0 0.0 0.0 10.79304679" Properties=species:S:1:pos:R:3:GW_charged:R:1:dKS_charged:R:1:dKS_neutral:R:1 pbc="T T T"
  8  7  0  0  0  0  0  0  0  0999 V2000
    5.4959    6.4452    5.4007 C   0  0  0  0  0  0  0  0  0  0  0  0
    5.5167    4.9167    5.3923 C   0  0  0  0  0  0  0  0  0  0  0  0
    6.5125    6.8619    5.3932 H   0  0  0  0  0  0  0  0  0  0  0  0
    4.9709    6.8457    4.5225 H   0  0  0  0  0  0  0  0  0  0  0  0
    4.9878    6.8362    6.2930 H   0  0  0  0  0  0  0  0  0  0  0  0
    6.0417    4.5162    6.2705 H   0  0  0  0  0  0  0  0  0  0  0  0
    4.5000    4.5000    5.3998 H   0  0  0  0  0  0  0  0  0  0  0  0
    6.0247    4.5257    4.5000 H   0  0  0  0  0  0  0  0  0  0  0  0
  1  5  1  0  0  0  0
  2  7  1  0  0  0  0
  2  1  1  0  0  0  0
  2  6  1  0  0  0  0
  3  1  1  0  0  0  0
  4  1  1  0  0  0  0
  8  2  1  0  0  0  0
M  END
