Lattice="13.11246781 0.0 0.0 0.0 15.226765409999999 0.0 0.0 0.0 11.72286923" Properties=species:S:1:pos:R:3:GW_charged:R:1:dKS_charged:R:1:dKS_neutral:R:1 pbc="T T T"
 OpenBabel12102409323D
Lattice="13.11246781 0.0 0.0 0.0 15.226765409999999 0.0 0.0 0.0 11.72286923" Properties=species:S:1:pos:R:3:GW_charged:R:1:dKS_charged:R:1:dKS_neutral:R:1 pbc="T T T"
 15 15  0  0  0  0  0  0  0  0999 V2000
    6.6713   10.3125    5.1876 C   0  0  0  0  0  0  0  0  0  0  0  0
    6.6745    8.8596    5.1993 C   0  0  0  0  0  0  0  0  0  0  0  0
    6.6697    7.6451    5.1964 C   0  0  0  0  0  0  0  0  0  0  0  0
    6.7063    6.2066    5.2038 C   0  0  0  0  0  0  0  0  0  0  0  0
    7.8024    5.6201    4.5212 O   0  0  0  0  0  0  0  0  0  0  0  0
    6.1552    5.4568    6.4102 C   0  0  0  0  0  0  0  0  0  0  0  0
    5.4299    5.4137    5.0870 C   0  0  0  0  0  0  0  0  0  0  0  0
    7.4414   10.6998    4.5047 H   0  0  0  0  0  0  0  0  0  0  0  0
    5.7018   10.7056    4.8484 H   0  0  0  0  0  0  0  0  0  0  0  0
    6.8717   10.7268    6.1865 H   0  0  0  0  0  0  0  0  0  0  0  0
    8.6125    5.9716    4.9257 H   0  0  0  0  0  0  0  0  0  0  0  0
    6.7129    4.5701    6.7066 H   0  0  0  0  0  0  0  0  0  0  0  0
    5.7306    6.0430    7.2229 H   0  0  0  0  0  0  0  0  0  0  0  0
    4.5000    5.9671    4.9785 H   0  0  0  0  0  0  0  0  0  0  0  0
    5.5048    4.5000    4.5000 H   0  0  0  0  0  0  0  0  0  0  0  0
  1  2  1  0  0  0  0
  1 10  1  0  0  0  0
  3  2  3  0  0  0  0
  3  4  1  0  0  0  0
  4  6  1  0  0  0  0
  5 11  1  0  0  0  0
  5  4  1  0  0  0  0
  6 12  1  0  0  0  0
  6 13  1  0  0  0  0
  7  4  1  0  0  0  0
  7  6  1  0  0  0  0
  8  1  1  0  0  0  0
  9  1  1  0  0  0  0
 14  7  1  0  0  0  0
 15  7  1  0  0  0  0
M  END
