Lattice="14.35506824 0.0 0.0 0.0 14.56087331 0.0 0.0 0.0 12.68064149" Properties=species:S:1:pos:R:3:GW_charged:R:1:dKS_charged:R:1:dKS_neutral:R:1 pbc="T T T"
 OpenBabel12102409383D
Lattice="14.35506824 0.0 0.0 0.0 14.56087331 0.0 0.0 0.0 12.68064149" Properties=species:S:1:pos:R:3:GW_charged:R:1:dKS_charged:R:1:dKS_neutral:R:1 pbc="T T T"
 21 21  0  0  1  0  0  0  0  0999 V2000
    6.0353    9.1965    7.2000 C   0  0  0  0  0  0  0  0  0  0  0  0
    6.4184    7.8865    6.4985 C   0  0  0  0  0  0  0  0  0  0  0  0
    5.5746    7.6569    5.2376 C   0  0  0  0  0  0  0  0  0  0  0  0
    7.9017    7.8712    6.1698 C   0  0  1  0  0  0  0  0  0  0  0  0
    8.9358    7.5174    7.2136 C   0  0  0  0  0  0  0  0  0  0  0  0
    8.7153    6.5997    6.0315 C   0  0  1  0  0  0  0  0  0  0  0  0
    8.1317    5.2166    6.2132 C   0  0  0  0  0  0  0  0  0  0  0  0
    6.6261    9.3440    8.1144 H   0  0  0  0  0  0  0  0  0  0  0  0
    6.2171   10.0609    6.5430 H   0  0  0  0  0  0  0  0  0  0  0  0
    4.9712    9.2073    7.4758 H   0  0  0  0  0  0  0  0  0  0  0  0
    6.2095    7.0621    7.2011 H   0  0  0  0  0  0  0  0  0  0  0  0
    5.7492    8.4552    4.5000 H   0  0  0  0  0  0  0  0  0  0  0  0
    5.8251    6.7014    4.7578 H   0  0  0  0  0  0  0  0  0  0  0  0
    4.5000    7.6497    5.4695 H   0  0  0  0  0  0  0  0  0  0  0  0
    8.1909    8.6712    5.4811 H   0  0  0  0  0  0  0  0  0  0  0  0
    9.8551    8.0985    7.2733 H   0  0  0  0  0  0  0  0  0  0  0  0
    8.5632    7.1743    8.1806 H   0  0  0  0  0  0  0  0  0  0  0  0
    9.4909    6.6456    5.2636 H   0  0  0  0  0  0  0  0  0  0  0  0
    8.9149    4.5000    6.5004 H   0  0  0  0  0  0  0  0  0  0  0  0
    7.3644    5.1890    6.9982 H   0  0  0  0  0  0  0  0  0  0  0  0
    7.6692    4.8492    5.2855 H   0  0  0  0  0  0  0  0  0  0  0  0
  1 10  1  0  0  0  0
  1  8  1  0  0  0  0
  2  1  1  0  0  0  0
  2 11  1  0  0  0  0
  3 14  1  0  0  0  0
  3  2  1  0  0  0  0
  4 15  1  6  0  0  0
  4  2  1  0  0  0  0
  4  5  1  0  0  0  0
  5 16  1  0  0  0  0
  5 17  1  0  0  0  0
  6 18  1  6  0  0  0
  6  4  1  0  0  0  0
  6  7  1  0  0  0  0
  6  5  1  0  0  0  0
  7 19  1  0  0  0  0
  7 20  1  0  0  0  0
  9  1  1  0  0  0  0
 12  3  1  0  0  0  0
 13  3  1  0  0  0  0
 21  7  1  0  0  0  0
M  END
