Lattice="12.066060740000001 0.0 0.0 0.0 12.733964669999999 0.0 0.0 0.0 15.86779541" Properties=species:S:1:pos:R:3:GW_charged:R:1:dKS_charged:R:1:dKS_neutral:R:1 pbc="T T T"
 OpenBabel12102409263D
Lattice="12.066060740000001 0.0 0.0 0.0 12.733964669999999 0.0 0.0 0.0 15.86779541" Properties=species:S:1:pos:R:3:GW_charged:R:1:dKS_charged:R:1:dKS_neutral:R:1 pbc="T T T"
 19 18  0  0  0  0  0  0  0  0999 V2000
    5.9754    7.7642    6.6190 C   0  0  0  0  0  0  0  0  0  0  0  0
    5.8449    6.2364    6.6601 C   0  0  0  0  0  0  0  0  0  0  0  0
    6.4842    5.5911    5.4253 C   0  0  0  0  0  0  0  0  0  0  0  0
    6.4480    5.6607    7.9465 C   0  0  0  0  0  0  0  0  0  0  0  0
    5.6654    5.9435    9.2240 C   0  0  0  0  0  0  0  0  0  0  0  0
    6.4155    5.7379   10.5257 C   0  0  0  0  0  0  0  0  0  0  0  0
    4.5000    6.3021    9.2093 O   0  0  0  0  0  0  0  0  0  0  0  0
    7.0340    8.0689    6.6196 H   0  0  0  0  0  0  0  0  0  0  0  0
    5.5152    8.1733    5.7089 H   0  0  0  0  0  0  0  0  0  0  0  0
    5.4824    8.2340    7.4797 H   0  0  0  0  0  0  0  0  0  0  0  0
    4.7712    5.9899    6.6694 H   0  0  0  0  0  0  0  0  0  0  0  0
    7.5661    5.7923    5.3841 H   0  0  0  0  0  0  0  0  0  0  0  0
    6.3482    4.5000    5.4226 H   0  0  0  0  0  0  0  0  0  0  0  0
    6.0412    5.9851    4.5000 H   0  0  0  0  0  0  0  0  0  0  0  0
    6.5128    4.5584    7.8787 H   0  0  0  0  0  0  0  0  0  0  0  0
    7.4914    5.9956    8.0808 H   0  0  0  0  0  0  0  0  0  0  0  0
    7.1227    6.5705   10.6652 H   0  0  0  0  0  0  0  0  0  0  0  0
    5.7164    5.7212   11.3678 H   0  0  0  0  0  0  0  0  0  0  0  0
    7.0132    4.8157   10.5062 H   0  0  0  0  0  0  0  0  0  0  0  0
  1  8  1  0  0  0  0
  1  2  1  0  0  0  0
  1 10  1  0  0  0  0
  2 11  1  0  0  0  0
  2  4  1  0  0  0  0
  3  2  1  0  0  0  0
  4 16  1  0  0  0  0
  4  5  1  0  0  0  0
  5  6  1  0  0  0  0
  6 17  1  0  0  0  0
  6 18  1  0  0  0  0
  7  5  2  0  0  0  0
  9  1  1  0  0  0  0
 12  3  1  0  0  0  0
 13  3  1  0  0  0  0
 14  3  1  0  0  0  0
 15  4  1  0  0  0  0
 19  6  1  0  0  0  0
M  END
