Lattice="12.93366086 0.0 0.0 0.0 13.66568964 0.0 0.0 0.0 13.029305149999999" Properties=species:S:1:pos:R:3:GW_charged:R:1:dKS_charged:R:1:dKS_neutral:R:1 pbc="T T T"
 OpenBabel12102409383D
Lattice="12.93366086 0.0 0.0 0.0 13.66568964 0.0 0.0 0.0 13.029305149999999" Properties=species:S:1:pos:R:3:GW_charged:R:1:dKS_charged:R:1:dKS_neutral:R:1 pbc="T T T"
 19 20  0  0  1  0  0  0  0  0999 V2000
    5.3035    8.6309    6.2762 C   0  0  0  0  0  0  0  0  0  0  0  0
    5.4931    7.1171    6.3123 C   0  0  1  0  0  0  0  0  0  0  0  0
    6.4194    6.5328    5.1891 C   0  0  0  0  0  0  0  0  0  0  0  0
    7.4404    5.7800    6.0622 C   0  0  2  0  0  0  0  0  0  0  0  0
    6.5227    5.0978    7.1186 C   0  0  0  0  0  0  0  0  0  0  0  0
    6.2572    6.5705    7.5421 C   0  0  1  0  0  0  0  0  0  0  0  0
    7.7486    6.8238    7.1727 C   0  0  0  0  0  0  0  0  0  0  0  0
    6.2625    9.1657    6.3359 H   0  0  0  0  0  0  0  0  0  0  0  0
    4.8116    8.9448    5.3444 H   0  0  0  0  0  0  0  0  0  0  0  0
    4.6782    8.9739    7.1133 H   0  0  0  0  0  0  0  0  0  0  0  0
    4.5000    6.6422    6.2665 H   0  0  0  0  0  0  0  0  0  0  0  0
    5.8815    5.8673    4.5000 H   0  0  0  0  0  0  0  0  0  0  0  0
    6.8913    7.3253    4.5897 H   0  0  0  0  0  0  0  0  0  0  0  0
    8.2381    5.2317    5.5473 H   0  0  0  0  0  0  0  0  0  0  0  0
    5.6713    4.5000    6.7611 H   0  0  0  0  0  0  0  0  0  0  0  0
    7.0927    4.5381    7.8708 H   0  0  0  0  0  0  0  0  0  0  0  0
    5.8531    6.8263    8.5293 H   0  0  0  0  0  0  0  0  0  0  0  0
    8.4337    6.4324    7.9350 H   0  0  0  0  0  0  0  0  0  0  0  0
    8.0602    7.8337    6.8713 H   0  0  0  0  0  0  0  0  0  0  0  0
  1  2  1  0  0  0  0
  1  8  1  0  0  0  0
  1 10  1  0  0  0  0
  2 11  1  6  0  0  0
  2  6  1  0  0  0  0
  3  4  1  0  0  0  0
  3  2  1  0  0  0  0
  4 14  1  6  0  0  0
  4  5  1  0  0  0  0
  4  7  1  0  0  0  0
  5  6  1  0  0  0  0
  5 16  1  0  0  0  0
  6 17  1  1  0  0  0
  7  6  1  0  0  0  0
  7 18  1  0  0  0  0
  9  1  1  0  0  0  0
 12  3  1  0  0  0  0
 13  3  1  0  0  0  0
 15  5  1  0  0  0  0
 19  7  1  0  0  0  0
M  END
