Lattice="13.50581613 0.0 0.0 0.0 13.24180357 0.0 0.0 0.0 13.84142039" Properties=species:S:1:pos:R:3:GW_charged:R:1:dKS_charged:R:1:dKS_neutral:R:1 pbc="T T T"
 OpenBabel12102409263D
Lattice="13.50581613 0.0 0.0 0.0 13.24180357 0.0 0.0 0.0 13.84142039" Properties=species:S:1:pos:R:3:GW_charged:R:1:dKS_charged:R:1:dKS_neutral:R:1 pbc="T T T"
 17 17  0  0  1  0  0  0  0  0999 V2000
    6.7058    8.2135    6.3924 C   0  0  0  0  0  0  0  0  0  0  0  0
    6.3549    6.7350    6.4558 C   0  0  1  0  0  0  0  0  0  0  0  0
    4.9440    6.5385    6.5696 O   0  0  0  0  0  0  0  0  0  0  0  0
    7.1157    5.8632    5.4065 C   0  0  0  0  0  0  0  0  0  0  0  0
    8.1609    5.5233    6.5039 C   0  0  0  0  0  0  0  0  0  0  0  0
    7.1203    5.9400    7.5565 C   0  0  1  0  0  0  0  0  0  0  0  0
    7.6373    6.6064    8.6948 O   0  0  0  0  0  0  0  0  0  0  0  0
    7.7912    8.3738    6.3593 H   0  0  0  0  0  0  0  0  0  0  0  0
    6.2737    8.6665    5.4863 H   0  0  0  0  0  0  0  0  0  0  0  0
    6.3156    8.7418    7.2721 H   0  0  0  0  0  0  0  0  0  0  0  0
    4.5000    7.1294    5.9408 H   0  0  0  0  0  0  0  0  0  0  0  0
    6.5117    4.9924    5.1237 H   0  0  0  0  0  0  0  0  0  0  0  0
    7.4732    6.3676    4.5000 H   0  0  0  0  0  0  0  0  0  0  0  0
    8.5484    4.5000    6.5557 H   0  0  0  0  0  0  0  0  0  0  0  0
    9.0058    6.2243    6.5001 H   0  0  0  0  0  0  0  0  0  0  0  0
    6.4914    5.0808    7.8464 H   0  0  0  0  0  0  0  0  0  0  0  0
    6.9216    6.7032    9.3414 H   0  0  0  0  0  0  0  0  0  0  0  0
  1  2  1  0  0  0  0
  1 10  1  0  0  0  0
  2  3  1  1  0  0  0
  2  6  1  0  0  0  0
  4  2  1  0  0  0  0
  4  5  1  0  0  0  0
  5 14  1  0  0  0  0
  5  6  1  0  0  0  0
  6 16  1  1  0  0  0
  6  7  1  0  0  0  0
  7 17  1  0  0  0  0
  8  1  1  0  0  0  0
  9  1  1  0  0  0  0
 11  3  1  0  0  0  0
 12  4  1  0  0  0  0
 13  4  1  0  0  0  0
 15  5  1  0  0  0  0
M  END
