Lattice="13.83021299 0.0 0.0 0.0 13.112658530000001 0.0 0.0 0.0 14.79521218" Properties=species:S:1:pos:R:3:GW_charged:R:1:dKS_charged:R:1:dKS_neutral:R:1 pbc="T T T"
 OpenBabel12102411053D
Lattice="13.83021299 0.0 0.0 0.0 13.112658530000001 0.0 0.0 0.0 14.79521218" Properties=species:S:1:pos:R:3:GW_charged:R:1:dKS_charged:R:1:dKS_neutral:R:1 pbc="T T T"
 23 25  0  0  1  0  0  0  0  0999 V2000
    6.9718    8.0065    8.4228 C   0  0  0  0  0  0  0  0  0  0  0  0
    8.4668    7.6205    8.2784 C   0  0  1  0  0  0  0  0  0  0  0  0
    8.1675    6.4382    9.2582 C   0  0  0  0  0  0  0  0  0  0  0  0
    6.9910    6.4494    8.2400 C   0  0  1  0  0  0  0  0  0  0  0  0
    5.8168    5.5501    7.9610 C   0  0  0  0  0  0  0  0  0  0  0  0
    5.2678    5.9036    6.5595 C   0  0  0  0  0  0  0  0  0  0  0  0
    6.3579    5.9663    5.4693 C   0  0  0  0  0  0  0  0  0  0  0  0
    7.4731    6.9939    5.7687 C   0  0  0  0  0  0  0  0  0  0  0  0
    8.0645    6.6434    7.1271 C   0  0  1  0  0  0  0  0  0  0  0  0
    6.6563    8.3642    9.4128 H   0  0  0  0  0  0  0  0  0  0  0  0
    6.5251    8.6127    7.6265 H   0  0  0  0  0  0  0  0  0  0  0  0
    9.3302    8.2973    8.3172 H   0  0  0  0  0  0  0  0  0  0  0  0
    8.8460    5.5745    9.2062 H   0  0  0  0  0  0  0  0  0  0  0  0
    7.9320    6.7154   10.2952 H   0  0  0  0  0  0  0  0  0  0  0  0
    6.1543    4.5000    7.9747 H   0  0  0  0  0  0  0  0  0  0  0  0
    5.0288    5.6460    8.7236 H   0  0  0  0  0  0  0  0  0  0  0  0
    4.5000    5.1724    6.2667 H   0  0  0  0  0  0  0  0  0  0  0  0
    4.7564    6.8793    6.6116 H   0  0  0  0  0  0  0  0  0  0  0  0
    6.8143    4.9666    5.3623 H   0  0  0  0  0  0  0  0  0  0  0  0
    5.8891    6.1929    4.5000 H   0  0  0  0  0  0  0  0  0  0  0  0
    8.2403    6.9644    4.9810 H   0  0  0  0  0  0  0  0  0  0  0  0
    7.0506    8.0098    5.7509 H   0  0  0  0  0  0  0  0  0  0  0  0
    8.7456    5.7798    7.0361 H   0  0  0  0  0  0  0  0  0  0  0  0
  1 10  1  0  0  0  0
  2 12  1  1  0  0  0
  2  1  1  0  0  0  0
  2  3  1  0  0  0  0
  3 14  1  0  0  0  0
  4  5  1  6  0  0  0
  4  1  1  0  0  0  0
  4  3  1  0  0  0  0
  5 15  1  0  0  0  0
  5 16  1  0  0  0  0
  6 18  1  0  0  0  0
  6  5  1  0  0  0  0
  7  8  1  0  0  0  0
  7  6  1  0  0  0  0
  8  9  1  0  0  0  0
  9 23  1  6  0  0  0
  9  4  1  0  0  0  0
  9  2  1  0  0  0  0
 11  1  1  0  0  0  0
 13  3  1  0  0  0  0
 17  6  1  0  0  0  0
 19  7  1  0  0  0  0
 20  7  1  0  0  0  0
 21  8  1  0  0  0  0
 22  8  1  0  0  0  0
M  END
