Lattice="13.018013660000001 0.0 0.0 0.0 13.61605921 0.0 0.0 0.0 13.85543594" Properties=species:S:1:pos:R:3:GW_charged:R:1:dKS_charged:R:1:dKS_neutral:R:1 pbc="T T T"
 OpenBabel12102409383D
Lattice="13.018013660000001 0.0 0.0 0.0 13.61605921 0.0 0.0 0.0 13.85543594" Properties=species:S:1:pos:R:3:GW_charged:R:1:dKS_charged:R:1:dKS_neutral:R:1 pbc="T T T"
 19 19  0  0  1  0  0  0  0  0999 V2000
    5.5442    8.7066    6.6777 C   0  0  0  0  0  0  0  0  0  0  0  0
    5.5485    7.1717    6.6540 C   0  0  0  0  0  0  0  0  0  0  0  0
    6.2822    6.6429    5.4157 C   0  0  0  0  0  0  0  0  0  0  0  0
    6.1161    6.6342    7.9698 C   0  0  1  0  0  0  0  0  0  0  0  0
    6.3360    5.1159    8.1550 C   0  0  0  0  0  0  0  0  0  0  0  0
    7.8163    5.4838    8.3484 C   0  0  0  0  0  0  0  0  0  0  0  0
    7.5496    6.8950    8.1298 O   0  0  0  0  0  0  0  0  0  0  0  0
    6.5700    9.0942    6.7524 H   0  0  0  0  0  0  0  0  0  0  0  0
    5.0951    9.1161    5.7626 H   0  0  0  0  0  0  0  0  0  0  0  0
    4.9756    9.0938    7.5352 H   0  0  0  0  0  0  0  0  0  0  0  0
    4.5000    6.8210    6.6209 H   0  0  0  0  0  0  0  0  0  0  0  0
    7.3423    6.9295    5.4444 H   0  0  0  0  0  0  0  0  0  0  0  0
    6.2283    5.5489    5.3316 H   0  0  0  0  0  0  0  0  0  0  0  0
    5.8440    7.0620    4.5000 H   0  0  0  0  0  0  0  0  0  0  0  0
    5.5600    7.0949    8.8067 H   0  0  0  0  0  0  0  0  0  0  0  0
    5.8379    4.6796    9.0273 H   0  0  0  0  0  0  0  0  0  0  0  0
    6.1182    4.5000    7.2754 H   0  0  0  0  0  0  0  0  0  0  0  0
    8.2245    5.3016    9.3554 H   0  0  0  0  0  0  0  0  0  0  0  0
    8.5180    5.0846    7.5987 H   0  0  0  0  0  0  0  0  0  0  0  0
  1  8  1  0  0  0  0
  1 10  1  0  0  0  0
  2  1  1  0  0  0  0
  2  4  1  0  0  0  0
  3 12  1  0  0  0  0
  3  2  1  0  0  0  0
  4  7  1  0  0  0  0
  4  5  1  0  0  0  0
  4 15  1  1  0  0  0
  5  6  1  0  0  0  0
  5 16  1  0  0  0  0
  6 18  1  0  0  0  0
  7  6  1  0  0  0  0
  9  1  1  0  0  0  0
 11  2  1  0  0  0  0
 13  3  1  0  0  0  0
 14  3  1  0  0  0  0
 17  5  1  0  0  0  0
 19  6  1  0  0  0  0
M  END
