Lattice="14.90669863 0.0 0.0 0.0 15.6318807 0.0 0.0 0.0 12.88720373" Properties=species:S:1:pos:R:3:GW_charged:R:1:dKS_charged:R:1:dKS_neutral:R:1 pbc="T T T"
 OpenBabel12102410123D
Lattice="14.90669863 0.0 0.0 0.0 15.6318807 0.0 0.0 0.0 12.88720373" Properties=species:S:1:pos:R:3:GW_charged:R:1:dKS_charged:R:1:dKS_neutral:R:1 pbc="T T T"
 23 24  0  0  1  0  0  0  0  0999 V2000
    6.7178    7.7256    5.4922 C   0  0  0  0  0  0  0  0  0  0  0  0
    6.6291    6.2154    5.4918 C   0  0  0  0  0  0  0  0  0  0  0  0
    6.5316    5.4477    6.7853 C   0  0  0  0  0  0  0  0  0  0  0  0
    5.3373    5.5279    5.8649 C   0  0  0  0  0  0  0  0  0  0  0  0
    8.1284    8.2759    5.6800 C   0  0  1  0  0  0  0  0  0  0  0  0
    8.2507    9.7965    5.5450 C   0  0  0  0  0  0  0  0  0  0  0  0
    9.4946   10.0970    6.3870 C   0  0  0  0  0  0  0  0  0  0  0  0
    9.3594    9.0814    7.5276 C   0  0  0  0  0  0  0  0  0  0  0  0
    8.6040    7.9729    7.0095 O   0  0  0  0  0  0  0  0  0  0  0  0
    6.3262    8.1151    4.5364 H   0  0  0  0  0  0  0  0  0  0  0  0
    6.0780    8.1403    6.2889 H   0  0  0  0  0  0  0  0  0  0  0  0
    7.2059    5.7338    4.6982 H   0  0  0  0  0  0  0  0  0  0  0  0
    7.0616    4.5000    6.8646 H   0  0  0  0  0  0  0  0  0  0  0  0
    6.5139    6.0274    7.7065 H   0  0  0  0  0  0  0  0  0  0  0  0
    4.5000    6.1564    6.1690 H   0  0  0  0  0  0  0  0  0  0  0  0
    5.0456    4.6356    5.3130 H   0  0  0  0  0  0  0  0  0  0  0  0
    8.8048    7.7867    4.9485 H   0  0  0  0  0  0  0  0  0  0  0  0
    8.3415   10.1187    4.5000 H   0  0  0  0  0  0  0  0  0  0  0  0
    7.3608   10.2828    5.9757 H   0  0  0  0  0  0  0  0  0  0  0  0
   10.4067    9.9044    5.8037 H   0  0  0  0  0  0  0  0  0  0  0  0
    9.5396   11.1319    6.7485 H   0  0  0  0  0  0  0  0  0  0  0  0
   10.3311    8.7128    7.8900 H   0  0  0  0  0  0  0  0  0  0  0  0
    8.8150    9.5104    8.3872 H   0  0  0  0  0  0  0  0  0  0  0  0
  1  5  1  0  0  0  0
  1 11  1  0  0  0  0
  2  1  1  0  0  0  0
  2  4  1  0  0  0  0
  2  3  1  0  0  0  0
  3 13  1  0  0  0  0
  3 14  1  0  0  0  0
  4 15  1  0  0  0  0
  4  3  1  0  0  0  0
  5 17  1  6  0  0  0
  5  9  1  0  0  0  0
  6  5  1  0  0  0  0
  6 19  1  0  0  0  0
  6  7  1  0  0  0  0
  7 21  1  0  0  0  0
  7  8  1  0  0  0  0
  8 22  1  0  0  0  0
  8 23  1  0  0  0  0
  9  8  1  0  0  0  0
 10  1  1  0  0  0  0
 12  2  1  0  0  0  0
 16  4  1  0  0  0  0
 18  6  1  0  0  0  0
 20  7  1  0  0  0  0
M  END
