Lattice="12.42486353 0.0 0.0 0.0 13.51901662 0.0 0.0 0.0 12.8388811" Properties=species:S:1:pos:R:3:GW_charged:R:1:dKS_charged:R:1:dKS_neutral:R:1 pbc="T T T"
 OpenBabel12102409373D
Lattice="12.42486353 0.0 0.0 0.0 13.51901662 0.0 0.0 0.0 12.8388811" Properties=species:S:1:pos:R:3:GW_charged:R:1:dKS_charged:R:1:dKS_neutral:R:1 pbc="T T T"
 17 17  0  0  1  0  0  0  0  0999 V2000
    5.2984    8.4943    5.4812 C   0  0  0  0  0  0  0  0  0  0  0  0
    5.4836    6.9983    5.6165 C   0  0  1  0  0  0  0  0  0  0  0  0
    6.3319    6.5131    4.5621 O   0  0  0  0  0  0  0  0  0  0  0  0
    6.6804    5.2199    4.9968 C   0  0  0  0  0  0  0  0  0  0  0  0
    6.8903    5.2901    6.4038 O   0  0  0  0  0  0  0  0  0  0  0  0
    6.1924    6.4598    6.8900 C   0  0  1  0  0  0  0  0  0  0  0  0
    7.1912    7.3917    7.5600 C   0  0  0  0  0  0  0  0  0  0  0  0
    6.2614    9.0190    5.4948 H   0  0  0  0  0  0  0  0  0  0  0  0
    4.7920    8.7278    4.5364 H   0  0  0  0  0  0  0  0  0  0  0  0
    4.6787    8.8785    6.3025 H   0  0  0  0  0  0  0  0  0  0  0  0
    4.5000    6.4930    5.5352 H   0  0  0  0  0  0  0  0  0  0  0  0
    5.8631    4.5000    4.7748 H   0  0  0  0  0  0  0  0  0  0  0  0
    7.6104    4.9122    4.5000 H   0  0  0  0  0  0  0  0  0  0  0  0
    5.4355    6.1319    7.6226 H   0  0  0  0  0  0  0  0  0  0  0  0
    7.9249    7.7715    6.8370 H   0  0  0  0  0  0  0  0  0  0  0  0
    6.6851    8.2434    8.0361 H   0  0  0  0  0  0  0  0  0  0  0  0
    7.7349    6.8424    8.3389 H   0  0  0  0  0  0  0  0  0  0  0  0
  1  8  1  0  0  0  0
  1  2  1  0  0  0  0
  1 10  1  0  0  0  0
  2 11  1  6  0  0  0
  2  6  1  0  0  0  0
  3  4  1  0  0  0  0
  3  2  1  0  0  0  0
  4  5  1  0  0  0  0
  5  6  1  0  0  0  0
  6  7  1  0  0  0  0
  6 14  1  1  0  0  0
  7 16  1  0  0  0  0
  7 17  1  0  0  0  0
  9  1  1  0  0  0  0
 12  4  1  0  0  0  0
 13  4  1  0  0  0  0
 15  7  1  0  0  0  0
M  END
