Lattice="11.70079578 0.0 0.0 0.0 14.63001608 0.0 0.0 0.0 13.26109812" Properties=species:S:1:pos:R:3:GW_charged:R:1:dKS_charged:R:1:dKS_neutral:R:1 pbc="T T T"
 OpenBabel12102409373D
Lattice="11.70079578 0.0 0.0 0.0 14.63001608 0.0 0.0 0.0 13.26109812" Properties=species:S:1:pos:R:3:GW_charged:R:1:dKS_charged:R:1:dKS_neutral:R:1 pbc="T T T"
 17 17  0  0  1  0  0  0  0  0999 V2000
    5.4970    9.7094    6.7129 C   0  0  0  0  0  0  0  0  0  0  0  0
    5.5363    8.1940    6.6346 C   0  0  1  0  0  0  0  0  0  0  0  0
    6.2653    7.6664    5.3935 C   0  0  0  0  0  0  0  0  0  0  0  0
    6.5552    6.1980    5.5265 C   0  0  0  0  0  0  0  0  0  0  0  0
    6.4665    5.5748    6.7059 C   0  0  0  0  0  0  0  0  0  0  0  0
    6.1327    6.3148    7.9671 C   0  0  0  0  0  0  0  0  0  0  0  0
    6.1871    7.7293    7.8277 O   0  0  0  0  0  0  0  0  0  0  0  0
    6.5165   10.1133    6.7816 H   0  0  0  0  0  0  0  0  0  0  0  0
    5.0171   10.1300    5.8189 H   0  0  0  0  0  0  0  0  0  0  0  0
    4.9363   10.0385    7.5967 H   0  0  0  0  0  0  0  0  0  0  0  0
    4.5000    7.7966    6.6229 H   0  0  0  0  0  0  0  0  0  0  0  0
    5.6466    7.8512    4.5000 H   0  0  0  0  0  0  0  0  0  0  0  0
    7.2008    8.2333    5.2402 H   0  0  0  0  0  0  0  0  0  0  0  0
    6.8293    5.6406    4.6284 H   0  0  0  0  0  0  0  0  0  0  0  0
    6.6405    4.5000    6.7921 H   0  0  0  0  0  0  0  0  0  0  0  0
    5.1316    6.0026    8.3374 H   0  0  0  0  0  0  0  0  0  0  0  0
    6.8535    6.0662    8.7611 H   0  0  0  0  0  0  0  0  0  0  0  0
  1  8  1  0  0  0  0
  1 10  1  0  0  0  0
  2 11  1  6  0  0  0
  2  1  1  0  0  0  0
  2  7  1  0  0  0  0
  3  4  1  0  0  0  0
  3  2  1  0  0  0  0
  4  5  2  0  0  0  0
  5 15  1  0  0  0  0
  5  6  1  0  0  0  0
  6 16  1  0  0  0  0
  6 17  1  0  0  0  0
  7  6  1  0  0  0  0
  9  1  1  0  0  0  0
 12  3  1  0  0  0  0
 13  3  1  0  0  0  0
 14  4  1  0  0  0  0
M  END
