Lattice="13.93834946 0.0 0.0 0.0 15.63801117 0.0 0.0 0.0 12.062699890000001" Properties=species:S:1:pos:R:3:GW_charged:R:1:dKS_charged:R:1:dKS_neutral:R:1 pbc="T T T"
 OpenBabel12102409263D
Lattice="13.93834946 0.0 0.0 0.0 15.63801117 0.0 0.0 0.0 12.062699890000001" Properties=species:S:1:pos:R:3:GW_charged:R:1:dKS_charged:R:1:dKS_neutral:R:1 pbc="T T T"
 21 20  0  0  1  0  0  0  0  0999 V2000
    8.4098   10.7242    5.5747 C   0  0  0  0  0  0  0  0  0  0  0  0
    8.3812    9.1949    5.5650 C   0  0  0  0  0  0  0  0  0  0  0  0
    6.9636    8.6161    5.5674 C   0  0  0  0  0  0  0  0  0  0  0  0
    6.9284    7.0870    5.5498 C   0  0  0  0  0  0  0  0  0  0  0  0
    5.5173    6.4892    5.6124 C   0  0  1  0  0  0  0  0  0  0  0  0
    5.5213    4.9687    5.4660 C   0  0  0  0  0  0  0  0  0  0  0  0
    4.8186    6.8935    6.8043 O   0  0  0  0  0  0  0  0  0  0  0  0
    9.4383   11.1102    5.5747 H   0  0  0  0  0  0  0  0  0  0  0  0
    7.9000   11.1380    4.6923 H   0  0  0  0  0  0  0  0  0  0  0  0
    7.9035   11.1265    6.4642 H   0  0  0  0  0  0  0  0  0  0  0  0
    8.9276    8.8217    4.6826 H   0  0  0  0  0  0  0  0  0  0  0  0
    8.9304    8.8113    6.4412 H   0  0  0  0  0  0  0  0  0  0  0  0
    6.4158    8.9796    6.4509 H   0  0  0  0  0  0  0  0  0  0  0  0
    6.4118    9.0003    4.6920 H   0  0  0  0  0  0  0  0  0  0  0  0
    7.4272    6.7133    4.6395 H   0  0  0  0  0  0  0  0  0  0  0  0
    7.5153    6.6885    6.3984 H   0  0  0  0  0  0  0  0  0  0  0  0
    4.9125    6.9259    4.8006 H   0  0  0  0  0  0  0  0  0  0  0  0
    6.1261    4.5000    6.2585 H   0  0  0  0  0  0  0  0  0  0  0  0
    4.5000    4.5734    5.5347 H   0  0  0  0  0  0  0  0  0  0  0  0
    5.9474    4.6628    4.5000 H   0  0  0  0  0  0  0  0  0  0  0  0
    5.2816    6.5012    7.5627 H   0  0  0  0  0  0  0  0  0  0  0  0
  1  8  1  0  0  0  0
  1 10  1  0  0  0  0
  2  3  1  0  0  0  0
  2  1  1  0  0  0  0
  2 12  1  0  0  0  0
  3 13  1  0  0  0  0
  4  3  1  0  0  0  0
  4  5  1  0  0  0  0
  4 16  1  0  0  0  0
  5 17  1  6  0  0  0
  5  7  1  0  0  0  0
  6 19  1  0  0  0  0
  6  5  1  0  0  0  0
  6 18  1  0  0  0  0
  7 21  1  0  0  0  0
  9  1  1  0  0  0  0
 11  2  1  0  0  0  0
 14  3  1  0  0  0  0
 15  4  1  0  0  0  0
 20  6  1  0  0  0  0
M  END
