Lattice="13.0881867 0.0 0.0 0.0 12.90736491 0.0 0.0 0.0 13.10844921" Properties=species:S:1:pos:R:3:GW_charged:R:1:dKS_charged:R:1:dKS_neutral:R:1 pbc="T T T"
 OpenBabel12102409263D
Lattice="13.0881867 0.0 0.0 0.0 12.90736491 0.0 0.0 0.0 13.10844921" Properties=species:S:1:pos:R:3:GW_charged:R:1:dKS_charged:R:1:dKS_neutral:R:1 pbc="T T T"
 16 16  0  0  1  0  0  0  0  0999 V2000
    5.1820    7.6166    6.5103 C   0  0  0  0  0  0  0  0  0  0  0  0
    5.8254    6.2332    6.5390 C   0  0  1  0  0  0  0  0  0  0  0  0
    6.7973    5.9466    5.3621 C   0  0  0  0  0  0  0  0  0  0  0  0
    7.8413    5.0501    5.9768 C   0  0  0  0  0  0  0  0  0  0  0  0
    7.7650    5.0423    7.3133 C   0  0  0  0  0  0  0  0  0  0  0  0
    6.6572    5.9324    7.8155 C   0  0  0  0  0  0  0  0  0  0  0  0
    5.9459    8.4074    6.5584 H   0  0  0  0  0  0  0  0  0  0  0  0
    4.6010    7.7713    5.5898 H   0  0  0  0  0  0  0  0  0  0  0  0
    4.5000    7.7611    7.3604 H   0  0  0  0  0  0  0  0  0  0  0  0
    5.0263    5.4752    6.4890 H   0  0  0  0  0  0  0  0  0  0  0  0
    6.2855    5.4929    4.5000 H   0  0  0  0  0  0  0  0  0  0  0  0
    7.2607    6.8784    4.9873 H   0  0  0  0  0  0  0  0  0  0  0  0
    8.5882    4.5150    5.3899 H   0  0  0  0  0  0  0  0  0  0  0  0
    8.4406    4.5000    7.9751 H   0  0  0  0  0  0  0  0  0  0  0  0
    7.0744    6.8595    8.2513 H   0  0  0  0  0  0  0  0  0  0  0  0
    6.0510    5.4692    8.6084 H   0  0  0  0  0  0  0  0  0  0  0  0
  1  2  1  0  0  0  0
  1  7  1  0  0  0  0
  1  9  1  0  0  0  0
  2 10  1  6  0  0  0
  2  6  1  0  0  0  0
  3  4  1  0  0  0  0
  3  2  1  0  0  0  0
  4  5  2  0  0  0  0
  5  6  1  0  0  0  0
  5 14  1  0  0  0  0
  6 15  1  0  0  0  0
  6 16  1  0  0  0  0
  8  1  1  0  0  0  0
 11  3  1  0  0  0  0
 12  3  1  0  0  0  0
 13  4  1  0  0  0  0
M  END
