Lattice="14.33122618 0.0 0.0 0.0 12.5577735 0.0 0.0 0.0 14.23196048" Properties=species:S:1:pos:R:3:GW_charged:R:1:dKS_charged:R:1:dKS_neutral:R:1 pbc="T T T"
 OpenBabel12102409263D
Lattice="14.33122618 0.0 0.0 0.0 12.5577735 0.0 0.0 0.0 14.23196048" Properties=species:S:1:pos:R:3:GW_charged:R:1:dKS_charged:R:1:dKS_neutral:R:1 pbc="T T T"
 15 14  0  0  0  0  0  0  0  0999 V2000
    8.0025    7.6709    7.5703 C   0  0  0  0  0  0  0  0  0  0  0  0
    8.0279    6.1178    7.5690 C   0  0  0  0  0  0  0  0  0  0  0  0
    8.7777    5.5954    8.8250 C   0  0  0  0  0  0  0  0  0  0  0  0
    6.6470    5.6080    7.5789 C   0  0  0  0  0  0  0  0  0  0  0  0
    5.5065    5.2073    7.6211 C   0  0  0  0  0  0  0  0  0  0  0  0
    8.7164    5.6429    6.3578 C   0  0  0  0  0  0  0  0  0  0  0  0
    9.3139    5.2715    5.3738 C   0  0  0  0  0  0  0  0  0  0  0  0
    9.0293    8.0578    7.5605 H   0  0  0  0  0  0  0  0  0  0  0  0
    7.4747    8.0472    6.6871 H   0  0  0  0  0  0  0  0  0  0  0  0
    7.4888    8.0319    8.4701 H   0  0  0  0  0  0  0  0  0  0  0  0
    8.2678    5.9436    9.7320 H   0  0  0  0  0  0  0  0  0  0  0  0
    8.8003    4.5000    8.8309 H   0  0  0  0  0  0  0  0  0  0  0  0
    9.8088    5.9706    8.8232 H   0  0  0  0  0  0  0  0  0  0  0  0
    4.5000    4.8468    7.6462 H   0  0  0  0  0  0  0  0  0  0  0  0
    9.8312    4.9362    4.5000 H   0  0  0  0  0  0  0  0  0  0  0  0
  1 10  1  0  0  0  0
  2  1  1  0  0  0  0
  2  4  1  0  0  0  0
  2  3  1  0  0  0  0
  3 12  1  0  0  0  0
  3 11  1  0  0  0  0
  4  5  3  0  0  0  0
  5 14  1  0  0  0  0
  6  2  1  0  0  0  0
  7  6  3  0  0  0  0
  8  1  1  0  0  0  0
  9  1  1  0  0  0  0
 13  3  1  0  0  0  0
 15  7  1  0  0  0  0
M  END
