Lattice="13.3265876 0.0 0.0 0.0 15.946761200000001 0.0 0.0 0.0 13.59194121" Properties=species:S:1:pos:R:3:GW_charged:R:1:dKS_charged:R:1:dKS_neutral:R:1 pbc="T T T"
 OpenBabel12102409453D
Lattice="13.3265876 0.0 0.0 0.0 15.946761200000001 0.0 0.0 0.0 13.59194121" Properties=species:S:1:pos:R:3:GW_charged:R:1:dKS_charged:R:1:dKS_neutral:R:1 pbc="T T T"
 19 20  0  0  1  0  0  0  0  0999 V2000
    6.6517    5.5679    6.6683 C   0  0  0  0  0  0  0  0  0  0  0  0
    6.6247    6.7793    6.6190 C   0  0  0  0  0  0  0  0  0  0  0  0
    6.5831    8.2133    6.5660 C   0  0  2  0  0  0  0  0  0  0  0  0
    7.1377    8.8630    5.2967 C   0  0  0  0  0  0  0  0  0  0  0  0
    7.9360    8.9366    6.5647 C   0  0  1  0  0  0  0  0  0  0  0  0
    8.0765   10.1832    7.1929 O   0  0  0  0  0  0  0  0  0  0  0  0
    7.1416   10.4292    8.2510 C   0  0  0  0  0  0  0  0  0  0  0  0
    5.7081   10.3012    7.7538 C   0  0  0  0  0  0  0  0  0  0  0  0
    5.4222    8.8533    7.3324 C   0  0  0  0  0  0  0  0  0  0  0  0
    6.6783    4.5000    6.7099 H   0  0  0  0  0  0  0  0  0  0  0  0
    7.4668    8.1990    4.5000 H   0  0  0  0  0  0  0  0  0  0  0  0
    6.6665    9.7902    4.9727 H   0  0  0  0  0  0  0  0  0  0  0  0
    8.8266    8.3113    6.6575 H   0  0  0  0  0  0  0  0  0  0  0  0
    7.3245    9.7326    9.0919 H   0  0  0  0  0  0  0  0  0  0  0  0
    7.3652   11.4468    8.5947 H   0  0  0  0  0  0  0  0  0  0  0  0
    5.0058   10.5991    8.5463 H   0  0  0  0  0  0  0  0  0  0  0  0
    5.5611   11.0013    6.9170 H   0  0  0  0  0  0  0  0  0  0  0  0
    4.5000    8.7836    6.7372 H   0  0  0  0  0  0  0  0  0  0  0  0
    5.2613    8.2472    8.2364 H   0  0  0  0  0  0  0  0  0  0  0  0
  1 10  1  0  0  0  0
  2  1  3  0  0  0  0
  3  2  1  1  0  0  0
  3  9  1  0  0  0  0
  4  5  1  0  0  0  0
  4  3  1  0  0  0  0
  5  3  1  0  0  0  0
  5 13  1  1  0  0  0
  5  6  1  0  0  0  0
  6  7  1  0  0  0  0
  7 15  1  0  0  0  0
  7 14  1  0  0  0  0
  8  7  1  0  0  0  0
  8 16  1  0  0  0  0
  9  8  1  0  0  0  0
  9 19  1  0  0  0  0
 11  4  1  0  0  0  0
 12  4  1  0  0  0  0
 17  8  1  0  0  0  0
 18  9  1  0  0  0  0
M  END
