Lattice="13.53737443 0.0 0.0 0.0 13.178137750000001 0.0 0.0 0.0 14.07187573" Properties=species:S:1:pos:R:3:GW_charged:R:1:dKS_charged:R:1:dKS_neutral:R:1 pbc="T T T"
 OpenBabel12102409393D
Lattice="13.53737443 0.0 0.0 0.0 13.178137750000001 0.0 0.0 0.0 14.07187573" Properties=species:S:1:pos:R:3:GW_charged:R:1:dKS_charged:R:1:dKS_neutral:R:1 pbc="T T T"
 19 20  0  0  1  0  0  0  0  0999 V2000
    5.4384    8.0217    7.5014 C   0  0  0  0  0  0  0  0  0  0  0  0
    5.7785    6.5457    7.3419 C   0  0  1  0  0  0  0  0  0  0  0  0
    6.1714    6.0224    5.9525 C   0  0  1  0  0  0  0  0  0  0  0  0
    7.4948    6.5791    5.5066 C   0  0  0  0  0  0  0  0  0  0  0  0
    7.4864    5.4587    6.5089 C   0  0  1  0  0  0  0  0  0  0  0  0
    7.1365    5.9635    7.9165 C   0  0  1  0  0  0  0  0  0  0  0  0
    8.1251    6.8700    8.6382 C   0  0  0  0  0  0  0  0  0  0  0  0
    6.2173    8.6781    7.0900 H   0  0  0  0  0  0  0  0  0  0  0  0
    4.5000    8.2591    6.9797 H   0  0  0  0  0  0  0  0  0  0  0  0
    5.3065    8.2889    8.5599 H   0  0  0  0  0  0  0  0  0  0  0  0
    4.9492    5.9450    7.7425 H   0  0  0  0  0  0  0  0  0  0  0  0
    5.4860    5.5584    5.2440 H   0  0  0  0  0  0  0  0  0  0  0  0
    7.7975    6.2917    4.5000 H   0  0  0  0  0  0  0  0  0  0  0  0
    7.8088    7.5871    5.7857 H   0  0  0  0  0  0  0  0  0  0  0  0
    7.9549    4.5000    6.2887 H   0  0  0  0  0  0  0  0  0  0  0  0
    6.8976    5.1097    8.5670 H   0  0  0  0  0  0  0  0  0  0  0  0
    8.4290    7.7301    8.0262 H   0  0  0  0  0  0  0  0  0  0  0  0
    7.6977    7.2635    9.5719 H   0  0  0  0  0  0  0  0  0  0  0  0
    9.0374    6.3142    8.8991 H   0  0  0  0  0  0  0  0  0  0  0  0
  1 10  1  0  0  0  0
  2  1  1  0  0  0  0
  2 11  1  1  0  0  0
  2  6  1  0  0  0  0
  3 12  1  6  0  0  0
  3  5  1  0  0  0  0
  3  2  1  0  0  0  0
  4 14  1  0  0  0  0
  4  3  1  0  0  0  0
  4  5  1  0  0  0  0
  5 15  1  6  0  0  0
  5  6  1  0  0  0  0
  6 16  1  1  0  0  0
  6  7  1  0  0  0  0
  7 19  1  0  0  0  0
  7 18  1  0  0  0  0
  8  1  1  0  0  0  0
  9  1  1  0  0  0  0
 13  4  1  0  0  0  0
 17  7  1  0  0  0  0
M  END
