Lattice="12.93056047 0.0 0.0 0.0 12.85181388 0.0 0.0 0.0 14.27291598" Properties=species:S:1:pos:R:3:GW_charged:R:1:dKS_charged:R:1:dKS_neutral:R:1 pbc="T T T"
 OpenBabel12102410123D
Lattice="12.93056047 0.0 0.0 0.0 12.85181388 0.0 0.0 0.0 14.27291598" Properties=species:S:1:pos:R:3:GW_charged:R:1:dKS_charged:R:1:dKS_neutral:R:1 pbc="T T T"
 21 23  0  0  1  0  0  0  0  0999 V2000
    5.6378    7.7934    6.6006 C   0  0  0  0  0  0  0  0  0  0  0  0
    6.9667    7.0794    6.6655 C   0  0  1  0  0  0  0  0  0  0  0  0
    7.6333    6.9067    8.0163 C   0  0  0  0  0  0  0  0  0  0  0  0
    6.5029    6.3996    8.9483 C   0  0  0  0  0  0  0  0  0  0  0  0
    5.5266    5.6212    8.0294 C   0  0  0  0  0  0  0  0  0  0  0  0
    5.6656    6.2855    6.6736 C   0  0  1  0  0  0  0  0  0  0  0  0
    5.6263    5.5607    5.3476 C   0  0  0  0  0  0  0  0  0  0  0  0
    6.5719    6.2413    4.5000 O   0  0  0  0  0  0  0  0  0  0  0  0
    7.6173    6.7757    5.3352 C   0  0  0  0  0  0  0  0  0  0  0  0
    5.3024    8.3518    7.4741 H   0  0  0  0  0  0  0  0  0  0  0  0
    5.3614    8.2365    5.6436 H   0  0  0  0  0  0  0  0  0  0  0  0
    8.4277    6.1479    7.9252 H   0  0  0  0  0  0  0  0  0  0  0  0
    8.1050    7.8224    8.4012 H   0  0  0  0  0  0  0  0  0  0  0  0
    6.8842    5.7831    9.7729 H   0  0  0  0  0  0  0  0  0  0  0  0
    5.9862    7.2512    9.4134 H   0  0  0  0  0  0  0  0  0  0  0  0
    5.8371    4.5672    7.9414 H   0  0  0  0  0  0  0  0  0  0  0  0
    4.5000    5.6227    8.4235 H   0  0  0  0  0  0  0  0  0  0  0  0
    5.9133    4.5000    5.4940 H   0  0  0  0  0  0  0  0  0  0  0  0
    4.6616    5.5909    4.8210 H   0  0  0  0  0  0  0  0  0  0  0  0
    8.0267    7.6444    4.8001 H   0  0  0  0  0  0  0  0  0  0  0  0
    8.4306    6.0361    5.4783 H   0  0  0  0  0  0  0  0  0  0  0  0
  1  2  1  0  0  0  0
  1  6  1  0  0  0  0
  1 10  1  0  0  0  0
  2  9  1  6  0  0  0
  2  6  1  0  0  0  0
  2  3  1  0  0  0  0
  3 13  1  0  0  0  0
  3  4  1  0  0  0  0
  4 15  1  0  0  0  0
  4 14  1  0  0  0  0
  5 17  1  0  0  0  0
  5  4  1  0  0  0  0
  6  7  1  6  0  0  0
  6  5  1  0  0  0  0
  7 18  1  0  0  0  0
  8  9  1  0  0  0  0
  8  7  1  0  0  0  0
  9 21  1  0  0  0  0
 11  1  1  0  0  0  0
 12  3  1  0  0  0  0
 16  5  1  0  0  0  0
 19  7  1  0  0  0  0
 20  9  1  0  0  0  0
M  END
