Lattice="13.17144791 0.0 0.0 0.0 16.052999540000002 0.0 0.0 0.0 13.261247149999999" Properties=species:S:1:pos:R:3:GW_charged:R:1:dKS_charged:R:1:dKS_neutral:R:1 pbc="T T T"
 OpenBabel12102411053D
Lattice="13.17144791 0.0 0.0 0.0 16.052999540000002 0.0 0.0 0.0 13.261247149999999" Properties=species:S:1:pos:R:3:GW_charged:R:1:dKS_charged:R:1:dKS_neutral:R:1 pbc="T T T"
 23 25  0  0  1  0  0  0  0  0999 V2000
    6.3123   10.9431    5.6539 C   0  0  0  0  0  0  0  0  0  0  0  0
    7.6256   10.2115    5.6728 C   0  0  1  0  0  0  0  0  0  0  0  0
    7.8099    9.4831    7.0069 C   0  0  0  0  0  0  0  0  0  0  0  0
    6.4732    8.7022    6.7536 C   0  0  1  0  0  0  0  0  0  0  0  0
    6.3095    9.4584    5.4246 C   0  0  1  0  0  0  0  0  0  0  0  0
    6.6544    7.2067    6.6090 C   0  0  0  0  0  0  0  0  0  0  0  0
    6.9012    6.3461    7.8813 C   0  0  0  0  0  0  0  0  0  0  0  0
    6.0074    5.2421    7.2575 C   0  0  0  0  0  0  0  0  0  0  0  0
    5.4161    6.3143    6.3051 C   0  0  0  0  0  0  0  0  0  0  0  0
    5.8999   11.3585    6.5778 H   0  0  0  0  0  0  0  0  0  0  0  0
    6.1308   11.5530    4.7691 H   0  0  0  0  0  0  0  0  0  0  0  0
    8.4177   10.4492    4.9642 H   0  0  0  0  0  0  0  0  0  0  0  0
    8.6714    8.8025    7.0142 H   0  0  0  0  0  0  0  0  0  0  0  0
    7.8613   10.1198    7.9028 H   0  0  0  0  0  0  0  0  0  0  0  0
    5.6709    8.9023    7.4862 H   0  0  0  0  0  0  0  0  0  0  0  0
    5.9340    9.0205    4.5000 H   0  0  0  0  0  0  0  0  0  0  0  0
    7.4439    7.0043    5.8653 H   0  0  0  0  0  0  0  0  0  0  0  0
    7.9368    6.0918    8.1404 H   0  0  0  0  0  0  0  0  0  0  0  0
    6.4238    6.8021    8.7612 H   0  0  0  0  0  0  0  0  0  0  0  0
    6.6044    4.5000    6.7103 H   0  0  0  0  0  0  0  0  0  0  0  0
    5.3153    4.7082    7.9206 H   0  0  0  0  0  0  0  0  0  0  0  0
    4.5000    6.7609    6.7189 H   0  0  0  0  0  0  0  0  0  0  0  0
    5.2255    6.0337    5.2614 H   0  0  0  0  0  0  0  0  0  0  0  0
  1  2  1  0  0  0  0
  1 10  1  0  0  0  0
  2 12  1  6  0  0  0
  2  3  1  0  0  0  0
  3 13  1  0  0  0  0
  3 14  1  0  0  0  0
  4  3  1  0  0  0  0
  4 15  1  1  0  0  0
  5 16  1  6  0  0  0
  5  1  1  0  0  0  0
  5  2  1  0  0  0  0
  5  4  1  0  0  0  0
  6  4  1  0  0  0  0
  6  7  1  0  0  0  0
  7 18  1  0  0  0  0
  7 19  1  0  0  0  0
  8  7  1  0  0  0  0
  8 21  1  0  0  0  0
  9  6  1  0  0  0  0
  9 22  1  0  0  0  0
  9  8  1  0  0  0  0
 11  1  1  0  0  0  0
 17  6  1  0  0  0  0
 20  8  1  0  0  0  0
 23  9  1  0  0  0  0
M  END
