Lattice="13.21540695 0.0 0.0 0.0 13.89017005 0.0 0.0 0.0 12.79570347" Properties=species:S:1:pos:R:3:GW_charged:R:1:dKS_charged:R:1:dKS_neutral:R:1 pbc="T T T"
 OpenBabel12102409383D
Lattice="13.21540695 0.0 0.0 0.0 13.89017005 0.0 0.0 0.0 12.79570347" Properties=species:S:1:pos:R:3:GW_charged:R:1:dKS_charged:R:1:dKS_neutral:R:1 pbc="T T T"
 17 18  0  0  1  0  0  0  0  0999 V2000
    6.0328    8.8811    6.2835 C   0  0  0  0  0  0  0  0  0  0  0  0
    6.2075    7.3941    6.2015 C   0  0  2  0  0  0  0  0  0  0  0  0
    5.2524    6.4168    6.8486 C   0  0  0  0  0  0  0  0  0  0  0  0
    6.7052    6.4957    7.3037 C   0  0  1  0  0  0  0  0  0  0  0  0
    7.6886    5.5424    6.6514 C   0  0  0  0  0  0  0  0  0  0  0  0
    7.3658    5.6883    5.1501 C   0  0  0  0  0  0  0  0  0  0  0  0
    6.8056    6.9980    4.9727 O   0  0  0  0  0  0  0  0  0  0  0  0
    6.9989    9.3902    6.1623 H   0  0  0  0  0  0  0  0  0  0  0  0
    5.3554    9.2361    5.4941 H   0  0  0  0  0  0  0  0  0  0  0  0
    5.6056    9.1680    7.2526 H   0  0  0  0  0  0  0  0  0  0  0  0
    4.5000    6.8283    7.5205 H   0  0  0  0  0  0  0  0  0  0  0  0
    4.9187    5.5428    6.2888 H   0  0  0  0  0  0  0  0  0  0  0  0
    6.9271    6.8874    8.2957 H   0  0  0  0  0  0  0  0  0  0  0  0
    8.7154    5.8704    6.8694 H   0  0  0  0  0  0  0  0  0  0  0  0
    7.5888    4.5000    6.9852 H   0  0  0  0  0  0  0  0  0  0  0  0
    8.2471    5.6140    4.5000 H   0  0  0  0  0  0  0  0  0  0  0  0
    6.6410    4.9210    4.8266 H   0  0  0  0  0  0  0  0  0  0  0  0
  1 10  1  0  0  0  0
  2  1  1  1  0  0  0
  2  3  1  0  0  0  0
  2  4  1  0  0  0  0
  3  4  1  0  0  0  0
  3 11  1  0  0  0  0
  4 13  1  1  0  0  0
  5 14  1  0  0  0  0
  5 15  1  0  0  0  0
  5  4  1  0  0  0  0
  6  5  1  0  0  0  0
  7  6  1  0  0  0  0
  7  2  1  0  0  0  0
  8  1  1  0  0  0  0
  9  1  1  0  0  0  0
 12  3  1  0  0  0  0
 16  6  1  0  0  0  0
 17  6  1  0  0  0  0
M  END
