Lattice="12.5817503 0.0 0.0 0.0 15.57940141 0.0 0.0 0.0 12.56149014" Properties=species:S:1:pos:R:3:GW_charged:R:1:dKS_charged:R:1:dKS_neutral:R:1 pbc="T T T"
 OpenBabel12102409373D
Lattice="12.5817503 0.0 0.0 0.0 15.57940141 0.0 0.0 0.0 12.56149014" Properties=species:S:1:pos:R:3:GW_charged:R:1:dKS_charged:R:1:dKS_neutral:R:1 pbc="T T T"
 19 19  0  0  1  0  0  0  0  0999 V2000
    5.2364   10.3929    7.3371 C   0  0  0  0  0  0  0  0  0  0  0  0
    4.7490    9.1191    6.9478 O   0  0  0  0  0  0  0  0  0  0  0  0
    5.5711    8.4985    5.9810 C   0  0  1  0  0  0  0  0  0  0  0  0
    6.9354    7.8901    6.4139 C   0  0  0  0  0  0  0  0  0  0  0  0
    6.6053    6.6665    5.5111 C   0  0  1  0  0  0  0  0  0  0  0  0
    6.9895    5.2751    5.9841 C   0  0  0  0  0  0  0  0  0  0  0  0
    5.1100    7.0952    5.5584 C   0  0  0  0  0  0  0  0  0  0  0  0
    6.2313   10.3249    7.8128 H   0  0  0  0  0  0  0  0  0  0  0  0
    5.3091   11.0794    6.4729 H   0  0  0  0  0  0  0  0  0  0  0  0
    4.5246   10.8049    8.0615 H   0  0  0  0  0  0  0  0  0  0  0  0
    5.6981    9.1701    5.1093 H   0  0  0  0  0  0  0  0  0  0  0  0
    7.8556    8.4538    6.2155 H   0  0  0  0  0  0  0  0  0  0  0  0
    6.8999    7.6129    7.4781 H   0  0  0  0  0  0  0  0  0  0  0  0
    7.0054    6.8389    4.5000 H   0  0  0  0  0  0  0  0  0  0  0  0
    6.5993    5.0801    6.9939 H   0  0  0  0  0  0  0  0  0  0  0  0
    6.5872    4.5000    5.3155 H   0  0  0  0  0  0  0  0  0  0  0  0
    8.0818    5.1511    6.0182 H   0  0  0  0  0  0  0  0  0  0  0  0
    4.5894    6.6124    6.3982 H   0  0  0  0  0  0  0  0  0  0  0  0
    4.5000    6.9971    4.6520 H   0  0  0  0  0  0  0  0  0  0  0  0
  1  8  1  0  0  0  0
  1 10  1  0  0  0  0
  2  1  1  0  0  0  0
  3 11  1  6  0  0  0
  3  4  1  0  0  0  0
  3  2  1  0  0  0  0
  4 13  1  0  0  0  0
  5 14  1  6  0  0  0
  5  7  1  0  0  0  0
  5  6  1  0  0  0  0
  5  4  1  0  0  0  0
  6 17  1  0  0  0  0
  6 15  1  0  0  0  0
  7  3  1  0  0  0  0
  7 18  1  0  0  0  0
  9  1  1  0  0  0  0
 12  4  1  0  0  0  0
 16  6  1  0  0  0  0
 19  7  1  0  0  0  0
M  END
