Lattice="13.25057456 0.0 0.0 0.0 13.17782763 0.0 0.0 0.0 14.28861993" Properties=species:S:1:pos:R:3:GW_charged:R:1:dKS_charged:R:1:dKS_neutral:R:1 pbc="T T T"
 OpenBabel12102409393D
Lattice="13.25057456 0.0 0.0 0.0 13.17782763 0.0 0.0 0.0 14.28861993" Properties=species:S:1:pos:R:3:GW_charged:R:1:dKS_charged:R:1:dKS_neutral:R:1 pbc="T T T"
 17 17  0  0  1  0  0  0  0  0999 V2000
    5.4747    7.9689    5.5429 C   0  0  0  0  0  0  0  0  0  0  0  0
    6.0035    6.5515    5.5781 C   0  0  1  0  0  0  0  0  0  0  0  0
    7.3108    6.4143    4.9410 O   0  0  0  0  0  0  0  0  0  0  0  0
    7.7690    5.5551    6.0236 C   0  0  0  0  0  0  0  0  0  0  0  0
    6.5422    5.9064    6.8853 C   0  0  1  0  0  0  0  0  0  0  0  0
    6.8197    6.8349    8.0509 C   0  0  0  0  0  0  0  0  0  0  0  0
    7.4568    6.0540    9.0709 O   0  0  0  0  0  0  0  0  0  0  0  0
    6.1645    8.6778    6.0182 H   0  0  0  0  0  0  0  0  0  0  0  0
    5.3322    8.2835    4.5000 H   0  0  0  0  0  0  0  0  0  0  0  0
    4.5000    8.0289    6.0480 H   0  0  0  0  0  0  0  0  0  0  0  0
    5.2798    5.8777    5.0819 H   0  0  0  0  0  0  0  0  0  0  0  0
    7.8199    4.5000    5.7076 H   0  0  0  0  0  0  0  0  0  0  0  0
    8.7506    5.8668    6.4103 H   0  0  0  0  0  0  0  0  0  0  0  0
    5.9610    5.0480    7.2467 H   0  0  0  0  0  0  0  0  0  0  0  0
    7.4732    7.6673    7.7330 H   0  0  0  0  0  0  0  0  0  0  0  0
    5.8738    7.2699    8.4238 H   0  0  0  0  0  0  0  0  0  0  0  0
    7.7203    6.6484    9.7886 H   0  0  0  0  0  0  0  0  0  0  0  0
  1  2  1  0  0  0  0
  1  8  1  0  0  0  0
  1 10  1  0  0  0  0
  2 11  1  6  0  0  0
  2  5  1  0  0  0  0
  3  2  1  0  0  0  0
  3  4  1  0  0  0  0
  4 13  1  0  0  0  0
  4  5  1  0  0  0  0
  5 14  1  1  0  0  0
  5  6  1  0  0  0  0
  6 16  1  0  0  0  0
  6  7  1  0  0  0  0
  7 17  1  0  0  0  0
  9  1  1  0  0  0  0
 12  4  1  0  0  0  0
 15  6  1  0  0  0  0
M  END
