Lattice="13.085468630000001 0.0 0.0 0.0 14.21107505 0.0 0.0 0.0 11.70470742" Properties=species:S:1:pos:R:3:GW_charged:R:1:dKS_charged:R:1:dKS_neutral:R:1 pbc="T T T"
 OpenBabel12102409273D
Lattice="13.085468630000001 0.0 0.0 0.0 14.21107505 0.0 0.0 0.0 11.70470742" Properties=species:S:1:pos:R:3:GW_charged:R:1:dKS_charged:R:1:dKS_neutral:R:1 pbc="T T T"
 15 14  0  0  1  0  0  0  0  0999 V2000
    7.7253    9.3116    5.3778 O   0  0  0  0  0  0  0  0  0  0  0  0
    7.8432    7.8936    5.5324 C   0  0  0  0  0  0  0  0  0  0  0  0
    6.4373    7.3117    5.4925 C   0  0  0  0  0  0  0  0  0  0  0  0
    6.4466    5.7783    5.5929 C   0  0  1  0  0  0  0  0  0  0  0  0
    7.0099    5.3298    6.8047 O   0  0  0  0  0  0  0  0  0  0  0  0
    5.0476    5.2281    5.4256 C   0  0  0  0  0  0  0  0  0  0  0  0
    4.5444    4.5000    6.2593 O   0  0  0  0  0  0  0  0  0  0  0  0
    8.5855    9.7111    5.5736 H   0  0  0  0  0  0  0  0  0  0  0  0
    8.4487    7.4575    4.7145 H   0  0  0  0  0  0  0  0  0  0  0  0
    8.3268    7.6334    6.4877 H   0  0  0  0  0  0  0  0  0  0  0  0
    5.8450    7.7268    6.3214 H   0  0  0  0  0  0  0  0  0  0  0  0
    5.9533    7.6162    4.5505 H   0  0  0  0  0  0  0  0  0  0  0  0
    7.0321    5.3800    4.7330 H   0  0  0  0  0  0  0  0  0  0  0  0
    6.3293    4.7478    7.2047 H   0  0  0  0  0  0  0  0  0  0  0  0
    4.5000    5.5234    4.5000 H   0  0  0  0  0  0  0  0  0  0  0  0
  1  2  1  0  0  0  0
  1  8  1  0  0  0  0
  2 10  1  0  0  0  0
  3  2  1  0  0  0  0
  3  4  1  0  0  0  0
  3 11  1  0  0  0  0
  4 13  1  6  0  0  0
  4  5  1  0  0  0  0
  5 14  1  0  0  0  0
  6  4  1  0  0  0  0
  6  7  2  0  0  0  0
  9  2  1  0  0  0  0
 12  3  1  0  0  0  0
 15  6  1  0  0  0  0
M  END
