Lattice="12.794051960000001 0.0 0.0 0.0 14.63455525 0.0 0.0 0.0 13.171147659999999" Properties=species:S:1:pos:R:3:GW_charged:R:1:dKS_charged:R:1:dKS_neutral:R:1 pbc="T T T"
 OpenBabel12102409403D
Lattice="12.794051960000001 0.0 0.0 0.0 14.63455525 0.0 0.0 0.0 13.171147659999999" Properties=species:S:1:pos:R:3:GW_charged:R:1:dKS_charged:R:1:dKS_neutral:R:1 pbc="T T T"
 18 17  0  0  1  0  0  0  0  0999 V2000
    5.7005    9.6936    7.2074 C   0  0  0  0  0  0  0  0  0  0  0  0
    5.7262    8.2791    7.3335 O   0  0  0  0  0  0  0  0  0  0  0  0
    6.6128    7.6605    6.4116 C   0  0  0  0  0  0  0  0  0  0  0  0
    6.3656    6.1403    6.5013 C   0  0  1  0  0  0  0  0  0  0  0  0
    6.8687    5.5545    7.8261 C   0  0  0  0  0  0  0  0  0  0  0  0
    4.9758    5.8787    6.2973 O   0  0  0  0  0  0  0  0  0  0  0  0
    7.0911    5.5031    5.3126 C   0  0  0  0  0  0  0  0  0  0  0  0
    8.2941    5.3903    5.2317 O   0  0  0  0  0  0  0  0  0  0  0  0
    6.6897   10.1346    7.4212 H   0  0  0  0  0  0  0  0  0  0  0  0
    5.3873   10.0012    6.1939 H   0  0  0  0  0  0  0  0  0  0  0  0
    4.9755   10.0677    7.9387 H   0  0  0  0  0  0  0  0  0  0  0  0
    6.3991    8.0163    5.3848 H   0  0  0  0  0  0  0  0  0  0  0  0
    7.6671    7.8895    6.6483 H   0  0  0  0  0  0  0  0  0  0  0  0
    6.4310    6.1002    8.6711 H   0  0  0  0  0  0  0  0  0  0  0  0
    6.5762    4.5000    7.8983 H   0  0  0  0  0  0  0  0  0  0  0  0
    7.9628    5.6215    7.8830 H   0  0  0  0  0  0  0  0  0  0  0  0
    4.5000    6.5649    6.7983 H   0  0  0  0  0  0  0  0  0  0  0  0
    6.4014    5.1632    4.5000 H   0  0  0  0  0  0  0  0  0  0  0  0
  1  2  1  0  0  0  0
  1  9  1  0  0  0  0
  1 11  1  0  0  0  0
  3  4  1  0  0  0  0
  3 13  1  0  0  0  0
  3  2  1  0  0  0  0
  4  7  1  6  0  0  0
  4  5  1  0  0  0  0
  5 16  1  0  0  0  0
  5 15  1  0  0  0  0
  5 14  1  0  0  0  0
  6  4  1  0  0  0  0
  6 17  1  0  0  0  0
  8  7  2  0  0  0  0
 10  1  1  0  0  0  0
 12  3  1  0  0  0  0
 18  7  1  0  0  0  0
M  END
