Lattice="12.29976846 0.0 0.0 0.0 13.8073208 0.0 0.0 0.0 13.013118500000001" Properties=species:S:1:pos:R:3:GW_charged:R:1:dKS_charged:R:1:dKS_neutral:R:1 pbc="T T T"
 OpenBabel12102409333D
Lattice="12.29976846 0.0 0.0 0.0 13.8073208 0.0 0.0 0.0 13.013118500000001" Properties=species:S:1:pos:R:3:GW_charged:R:1:dKS_charged:R:1:dKS_neutral:R:1 pbc="T T T"
 15 15  0  0  1  0  0  0  0  0999 V2000
    5.3851    8.7453    5.5477 C   0  0  0  0  0  0  0  0  0  0  0  0
    5.6014    7.2561    5.6469 C   0  0  1  0  0  0  0  0  0  0  0  0
    6.9501    6.6420    5.4552 C   0  0  0  0  0  0  0  0  0  0  0  0
    6.3542    6.6641    6.8525 C   0  0  1  0  0  0  0  0  0  0  0  0
    6.9853    7.5168    7.7759 O   0  0  0  0  0  0  0  0  0  0  0  0
    5.8540    5.3789    7.4094 C   0  0  0  0  0  0  0  0  0  0  0  0
    5.3141    4.5000    6.7628 O   0  0  0  0  0  0  0  0  0  0  0  0
    6.2514    9.3073    5.9192 H   0  0  0  0  0  0  0  0  0  0  0  0
    5.2235    9.0348    4.5000 H   0  0  0  0  0  0  0  0  0  0  0  0
    4.5000    9.0619    6.1179 H   0  0  0  0  0  0  0  0  0  0  0  0
    4.7621    6.6283    5.3394 H   0  0  0  0  0  0  0  0  0  0  0  0
    7.0207    5.6669    4.9756 H   0  0  0  0  0  0  0  0  0  0  0  0
    7.7998    7.3110    5.3219 H   0  0  0  0  0  0  0  0  0  0  0  0
    6.3031    7.9841    8.2845 H   0  0  0  0  0  0  0  0  0  0  0  0
    6.0178    5.2782    8.5131 H   0  0  0  0  0  0  0  0  0  0  0  0
  1  2  1  0  0  0  0
  1  8  1  0  0  0  0
  1 10  1  0  0  0  0
  2 11  1  6  0  0  0
  2  4  1  0  0  0  0
  3  2  1  0  0  0  0
  3  4  1  0  0  0  0
  4  6  1  1  0  0  0
  4  5  1  0  0  0  0
  5 14  1  0  0  0  0
  6 15  1  0  0  0  0
  7  6  2  0  0  0  0
  9  1  1  0  0  0  0
 12  3  1  0  0  0  0
 13  3  1  0  0  0  0
M  END
