Lattice="15.39841161 0.0 0.0 0.0 16.959378010000002 0.0 0.0 0.0 12.509737059999999" Properties=species:S:1:pos:R:3:GW_charged:R:1:dKS_charged:R:1:dKS_neutral:R:1 pbc="T T T"
 OpenBabel12102410123D
Lattice="15.39841161 0.0 0.0 0.0 16.959378010000002 0.0 0.0 0.0 12.509737059999999" Properties=species:S:1:pos:R:3:GW_charged:R:1:dKS_charged:R:1:dKS_neutral:R:1 pbc="T T T"
 23 24  0  0  1  0  0  0  0  0999 V2000
    7.3928    8.6374    6.7257 C   0  0  0  0  0  0  0  0  0  0  0  0
    7.3390    7.1232    6.9541 C   0  0  0  0  0  0  0  0  0  0  0  0
    5.9692    6.5308    6.7067 C   0  0  0  0  0  0  0  0  0  0  0  0
    5.5335    6.1866    5.3027 C   0  0  0  0  0  0  0  0  0  0  0  0
    5.8155    5.0868    6.2999 C   0  0  0  0  0  0  0  0  0  0  0  0
    8.7817    9.2375    6.9714 C   0  0  0  0  0  0  0  0  0  0  0  0
    8.8277   10.7256    6.7391 C   0  0  1  0  0  0  0  0  0  0  0  0
   10.0104   11.4101    6.1982 C   0  0  0  0  0  0  0  0  0  0  0  0
    8.8625   11.1712    5.3658 O   0  0  0  0  0  0  0  0  0  0  0  0
    7.0789    8.8624    5.6946 H   0  0  0  0  0  0  0  0  0  0  0  0
    6.6589    9.1319    7.3845 H   0  0  0  0  0  0  0  0  0  0  0  0
    8.0708    6.6285    6.2923 H   0  0  0  0  0  0  0  0  0  0  0  0
    7.6597    6.8922    7.9847 H   0  0  0  0  0  0  0  0  0  0  0  0
    5.1843    6.9220    7.3590 H   0  0  0  0  0  0  0  0  0  0  0  0
    4.5000    6.3721    5.0148 H   0  0  0  0  0  0  0  0  0  0  0  0
    6.2546    6.3416    4.5000 H   0  0  0  0  0  0  0  0  0  0  0  0
    6.7242    4.5000    6.1655 H   0  0  0  0  0  0  0  0  0  0  0  0
    4.9742    4.5205    6.6964 H   0  0  0  0  0  0  0  0  0  0  0  0
    9.0988    9.0376    8.0097 H   0  0  0  0  0  0  0  0  0  0  0  0
    9.5226    8.7526    6.3157 H   0  0  0  0  0  0  0  0  0  0  0  0
    8.1494   11.3207    7.3645 H   0  0  0  0  0  0  0  0  0  0  0  0
   10.1968   12.4594    6.4459 H   0  0  0  0  0  0  0  0  0  0  0  0
   10.8984   10.8223    5.9449 H   0  0  0  0  0  0  0  0  0  0  0  0
  1  2  1  0  0  0  0
  1  6  1  0  0  0  0
  1 11  1  0  0  0  0
  2 13  1  0  0  0  0
  3  2  1  0  0  0  0
  3 14  1  0  0  0  0
  4  5  1  0  0  0  0
  4  3  1  0  0  0  0
  5 18  1  0  0  0  0
  5  3  1  0  0  0  0
  6 19  1  0  0  0  0
  7  6  1  0  0  0  0
  7 21  1  1  0  0  0
  8 22  1  0  0  0  0
  8  7  1  0  0  0  0
  9  8  1  0  0  0  0
  9  7  1  0  0  0  0
 10  1  1  0  0  0  0
 12  2  1  0  0  0  0
 15  4  1  0  0  0  0
 16  4  1  0  0  0  0
 17  5  1  0  0  0  0
 20  6  1  0  0  0  0
 23  8  1  0  0  0  0
M  END
