Lattice="12.68181557 0.0 0.0 0.0 14.34116698 0.0 0.0 0.0 13.299576720000001" Properties=species:S:1:pos:R:3:GW_charged:R:1:dKS_charged:R:1:dKS_neutral:R:1 pbc="T T T"
 OpenBabel12102409263D
Lattice="12.68181557 0.0 0.0 0.0 14.34116698 0.0 0.0 0.0 13.299576720000001" Properties=species:S:1:pos:R:3:GW_charged:R:1:dKS_charged:R:1:dKS_neutral:R:1 pbc="T T T"
 14 13  0  0  0  0  0  0  0  0999 V2000
    5.7686    9.3601    5.3735 C   0  0  0  0  0  0  0  0  0  0  0  0
    5.5536    7.8628    5.4279 C   0  0  0  0  0  0  0  0  0  0  0  0
    6.3479    7.3428    6.5267 O   0  0  0  0  0  0  0  0  0  0  0  0
    6.2728    5.9990    6.7220 C   0  0  0  0  0  0  0  0  0  0  0  0
    7.1369    5.5815    7.8855 C   0  0  0  0  0  0  0  0  0  0  0  0
    5.5962    5.2559    6.0407 O   0  0  0  0  0  0  0  0  0  0  0  0
    6.8250    9.6036    5.2015 H   0  0  0  0  0  0  0  0  0  0  0  0
    5.1807    9.7889    4.5509 H   0  0  0  0  0  0  0  0  0  0  0  0
    5.4506    9.8412    6.3075 H   0  0  0  0  0  0  0  0  0  0  0  0
    4.5000    7.6008    5.6011 H   0  0  0  0  0  0  0  0  0  0  0  0
    5.8683    7.3643    4.5000 H   0  0  0  0  0  0  0  0  0  0  0  0
    7.0629    4.5000    8.0251 H   0  0  0  0  0  0  0  0  0  0  0  0
    8.1818    5.8634    7.7018 H   0  0  0  0  0  0  0  0  0  0  0  0
    6.8171    6.0985    8.7996 H   0  0  0  0  0  0  0  0  0  0  0  0
  1  2  1  0  0  0  0
  1  9  1  0  0  0  0
  2 10  1  0  0  0  0
  2  3  1  0  0  0  0
  3  4  1  0  0  0  0
  4  5  1  0  0  0  0
  5 12  1  0  0  0  0
  5 14  1  0  0  0  0
  6  4  2  0  0  0  0
  7  1  1  0  0  0  0
  8  1  1  0  0  0  0
 11  2  1  0  0  0  0
 13  5  1  0  0  0  0
M  END
