Lattice="13.52954923 0.0 0.0 0.0 13.82790996 0.0 0.0 0.0 13.11317687" Properties=species:S:1:pos:R:3:GW_charged:R:1:dKS_charged:R:1:dKS_neutral:R:1 pbc="T T T"
 OpenBabel12102409383D
Lattice="13.52954923 0.0 0.0 0.0 13.82790996 0.0 0.0 0.0 13.11317687" Properties=species:S:1:pos:R:3:GW_charged:R:1:dKS_charged:R:1:dKS_neutral:R:1 pbc="T T T"
 19 19  0  0  1  0  0  0  0  0999 V2000
    6.1769    8.7023    6.1730 C   0  0  0  0  0  0  0  0  0  0  0  0
    5.5942    7.2945    6.2363 C   0  0  1  0  0  0  0  0  0  0  0  0
    6.2526    6.2530    5.2812 C   0  0  0  0  0  0  0  0  0  0  0  0
    6.9928    5.5868    6.4806 C   0  0  1  0  0  0  0  0  0  0  0  0
    8.4856    5.8835    6.5762 C   0  0  0  0  0  0  0  0  0  0  0  0
    6.0592    6.4030    7.4371 C   0  0  1  0  0  0  0  0  0  0  0  0
    6.5785    6.9966    8.6132 O   0  0  0  0  0  0  0  0  0  0  0  0
    7.2762    8.7100    6.2196 H   0  0  0  0  0  0  0  0  0  0  0  0
    5.8971    9.1884    5.2276 H   0  0  0  0  0  0  0  0  0  0  0  0
    5.8011    9.3279    6.9947 H   0  0  0  0  0  0  0  0  0  0  0  0
    4.5000    7.3627    6.1502 H   0  0  0  0  0  0  0  0  0  0  0  0
    5.5254    5.5884    4.7983 H   0  0  0  0  0  0  0  0  0  0  0  0
    6.9022    6.6734    4.5000 H   0  0  0  0  0  0  0  0  0  0  0  0
    6.8447    4.5000    6.5597 H   0  0  0  0  0  0  0  0  0  0  0  0
    8.7139    6.9547    6.4707 H   0  0  0  0  0  0  0  0  0  0  0  0
    8.9000    5.5443    7.5360 H   0  0  0  0  0  0  0  0  0  0  0  0
    9.0295    5.3639    5.7747 H   0  0  0  0  0  0  0  0  0  0  0  0
    5.2301    5.7741    7.7878 H   0  0  0  0  0  0  0  0  0  0  0  0
    7.3216    7.5697    8.3676 H   0  0  0  0  0  0  0  0  0  0  0  0
  1  8  1  0  0  0  0
  1  2  1  0  0  0  0
  1 10  1  0  0  0  0
  2 11  1  6  0  0  0
  2  6  1  0  0  0  0
  3  2  1  0  0  0  0
  3  4  1  0  0  0  0
  4 14  1  1  0  0  0
  4  5  1  0  0  0  0
  4  6  1  0  0  0  0
  5 16  1  0  0  0  0
  6 18  1  1  0  0  0
  6  7  1  0  0  0  0
  9  1  1  0  0  0  0
 12  3  1  0  0  0  0
 13  3  1  0  0  0  0
 15  5  1  0  0  0  0
 17  5  1  0  0  0  0
 19  7  1  0  0  0  0
M  END
