Lattice="14.480928930000001 0.0 0.0 0.0 15.05551511 0.0 0.0 0.0 12.39111841" Properties=species:S:1:pos:R:3:GW_charged:R:1:dKS_charged:R:1:dKS_neutral:R:1 pbc="T T T"
 OpenBabel12102409423D
Lattice="14.480928930000001 0.0 0.0 0.0 15.05551511 0.0 0.0 0.0 12.39111841" Properties=species:S:1:pos:R:3:GW_charged:R:1:dKS_charged:R:1:dKS_neutral:R:1 pbc="T T T"
 18 18  0  0  1  0  0  0  0  0999 V2000
    5.9231    9.8464    6.5733 C   0  0  0  0  0  0  0  0  0  0  0  0
    6.4231    8.4124    6.4932 C   0  0  0  0  0  0  0  0  0  0  0  0
    5.3544    7.3989    6.8733 C   0  0  0  0  0  0  0  0  0  0  0  0
    7.2484    8.0619    5.2289 C   0  0  0  0  0  0  0  0  0  0  0  0
    8.4491    7.8989    6.1923 C   0  0  1  0  0  0  0  0  0  0  0  0
    7.6208    8.2382    7.3456 O   0  0  0  0  0  0  0  0  0  0  0  0
    9.0501    6.5784    6.2778 C   0  0  0  0  0  0  0  0  0  0  0  0
    9.5426    5.4737    6.3359 C   0  0  0  0  0  0  0  0  0  0  0  0
    6.7231   10.5555    6.3235 H   0  0  0  0  0  0  0  0  0  0  0  0
    5.0872   10.0051    5.8766 H   0  0  0  0  0  0  0  0  0  0  0  0
    5.5701   10.0721    7.5891 H   0  0  0  0  0  0  0  0  0  0  0  0
    4.5000    7.4593    6.1834 H   0  0  0  0  0  0  0  0  0  0  0  0
    5.7585    6.3791    6.8420 H   0  0  0  0  0  0  0  0  0  0  0  0
    4.9888    7.5928    7.8911 H   0  0  0  0  0  0  0  0  0  0  0  0
    6.9482    7.1421    4.7169 H   0  0  0  0  0  0  0  0  0  0  0  0
    7.3567    8.8724    4.5000 H   0  0  0  0  0  0  0  0  0  0  0  0
    9.2427    8.6528    6.0530 H   0  0  0  0  0  0  0  0  0  0  0  0
    9.9809    4.5000    6.3976 H   0  0  0  0  0  0  0  0  0  0  0  0
  1 11  1  0  0  0  0
  2  1  1  0  0  0  0
  2  3  1  0  0  0  0
  2  6  1  0  0  0  0
  3 14  1  0  0  0  0
  4  5  1  0  0  0  0
  4  2  1  0  0  0  0
  5 17  1  6  0  0  0
  5  7  1  0  0  0  0
  5  6  1  0  0  0  0
  7  8  3  0  0  0  0
  8 18  1  0  0  0  0
  9  1  1  0  0  0  0
 10  1  1  0  0  0  0
 12  3  1  0  0  0  0
 13  3  1  0  0  0  0
 15  4  1  0  0  0  0
 16  4  1  0  0  0  0
M  END
