Lattice="12.891197 0.0 0.0 0.0 13.99865268 0.0 0.0 0.0 13.487645" Properties=species:S:1:pos:R:3:GW_charged:R:1:dKS_charged:R:1:dKS_neutral:R:1 pbc="T T T"
 OpenBabel12102411053D
Lattice="12.891197 0.0 0.0 0.0 13.99865268 0.0 0.0 0.0 13.487645" Properties=species:S:1:pos:R:3:GW_charged:R:1:dKS_charged:R:1:dKS_neutral:R:1 pbc="T T T"
 21 22  0  0  1  0  0  0  0  0999 V2000
    5.0276    7.8930    7.2710 C   0  0  0  0  0  0  0  0  0  0  0  0
    6.5756    8.1312    7.3854 C   0  0  1  0  0  0  0  0  0  0  0  0
    6.6992    6.6629    7.8934 C   0  0  0  0  0  0  0  0  0  0  0  0
    5.2282    6.3456    7.4602 C   0  0  2  0  0  0  0  0  0  0  0  0
    4.9571    5.3705    6.4441 O   0  0  0  0  0  0  0  0  0  0  0  0
    5.3579    5.5314    5.0443 C   0  0  0  0  0  0  0  0  0  0  0  0
    6.6537    6.2638    5.0062 C   0  0  0  0  0  3  0  0  0  0  0  0
    6.6004    7.6056    5.0442 C   0  0  0  0  0  3  0  0  0  0  0  0
    7.3413    8.4230    6.0467 C   0  0  0  0  0  0  0  0  0  0  0  0
    4.5010    8.3009    8.1448 H   0  0  0  0  0  0  0  0  0  0  0  0
    4.5000    8.2432    6.3778 H   0  0  0  0  0  0  0  0  0  0  0  0
    6.8564    8.8920    8.1279 H   0  0  0  0  0  0  0  0  0  0  0  0
    7.4906    6.0368    7.4661 H   0  0  0  0  0  0  0  0  0  0  0  0
    6.7975    6.6227    8.9876 H   0  0  0  0  0  0  0  0  0  0  0  0
    4.6232    5.9476    8.2849 H   0  0  0  0  0  0  0  0  0  0  0  0
    5.3821    4.5000    4.6698 H   0  0  0  0  0  0  0  0  0  0  0  0
    4.5786    6.0920    4.5000 H   0  0  0  0  0  0  0  0  0  0  0  0
    7.5368    5.7334    5.3725 H   0  0  0  0  0  0  0  0  0  0  0  0
    5.6830    8.0657    4.6635 H   0  0  0  0  0  0  0  0  0  0  0  0
    7.3207    9.4987    5.8221 H   0  0  0  0  0  0  0  0  0  0  0  0
    8.3912    8.1184    6.1694 H   0  0  0  0  0  0  0  0  0  0  0  0
  1  2  1  0  0  0  0
  1  4  1  0  0  0  0
  1 10  1  0  0  0  0
  2  3  1  0  0  0  0
  2 12  1  1  0  0  0
  3 14  1  0  0  0  0
  4  3  1  0  0  0  0
  4 15  1  1  0  0  0
  5  4  1  0  0  0  0
  6  5  1  0  0  0  0
  7  8  1  0  0  0  0
  7  6  1  0  0  0  0
  7 18  1  0  0  0  0
  8  9  1  0  0  0  0
  9 21  1  0  0  0  0
  9  2  1  0  0  0  0
 11  1  1  0  0  0  0
 13  3  1  0  0  0  0
 16  6  1  0  0  0  0
 17  6  1  0  0  0  0
 19  8  1  0  0  0  0
 20  9  1  0  0  0  0
M  END
