Lattice="13.187798919999999 0.0 0.0 0.0 14.77901261 0.0 0.0 0.0 13.94149645" Properties=species:S:1:pos:R:3:GW_charged:R:1:dKS_charged:R:1:dKS_neutral:R:1 pbc="T T T"
 OpenBabel12102411053D
Lattice="13.187798919999999 0.0 0.0 0.0 14.77901261 0.0 0.0 0.0 13.94149645" Properties=species:S:1:pos:R:3:GW_charged:R:1:dKS_charged:R:1:dKS_neutral:R:1 pbc="T T T"
 21 23  0  0  1  0  0  0  0  0999 V2000
    5.7236    9.7200    5.8322 C   0  0  0  0  0  0  0  0  0  0  0  0
    7.0435    9.0988    5.4746 C   0  0  1  0  0  0  0  0  0  0  0  0
    7.7724    8.6489    6.7442 C   0  0  0  0  0  0  0  0  0  0  0  0
    6.5704    7.7104    7.1004 C   0  0  1  0  0  0  0  0  0  0  0  0
    6.8794    6.1949    7.0081 C   0  0  0  0  0  0  0  0  0  0  0  0
    5.8364    5.5695    7.8965 C   0  0  0  0  0  0  0  0  0  0  0  0
    5.2569    6.4820    8.6867 C   0  0  0  0  0  0  0  0  0  0  0  0
    5.8157    7.8599    8.4433 C   0  0  0  0  0  0  0  0  0  0  0  0
    5.8402    8.2211    5.8382 C   0  0  1  0  0  0  0  0  0  0  0  0
    5.6132   10.2790    6.7654 H   0  0  0  0  0  0  0  0  0  0  0  0
    5.1570   10.1341    4.9984 H   0  0  0  0  0  0  0  0  0  0  0  0
    7.5044    9.2501    4.5000 H   0  0  0  0  0  0  0  0  0  0  0  0
    8.6878    8.0769    6.5451 H   0  0  0  0  0  0  0  0  0  0  0  0
    8.0089    9.4461    7.4663 H   0  0  0  0  0  0  0  0  0  0  0  0
    6.8551    5.8321    5.9688 H   0  0  0  0  0  0  0  0  0  0  0  0
    7.8937    5.9729    7.3889 H   0  0  0  0  0  0  0  0  0  0  0  0
    5.6267    4.5000    7.9122 H   0  0  0  0  0  0  0  0  0  0  0  0
    4.5000    6.2680    9.4415 H   0  0  0  0  0  0  0  0  0  0  0  0
    6.5035    8.1505    9.2589 H   0  0  0  0  0  0  0  0  0  0  0  0
    5.0440    8.6430    8.3989 H   0  0  0  0  0  0  0  0  0  0  0  0
    5.2239    7.5981    5.1900 H   0  0  0  0  0  0  0  0  0  0  0  0
  1  9  1  0  0  0  0
  1 10  1  0  0  0  0
  2 12  1  6  0  0  0
  2  1  1  0  0  0  0
  2  9  1  0  0  0  0
  2  3  1  0  0  0  0
  3 14  1  0  0  0  0
  4  3  1  1  0  0  0
  4  8  1  0  0  0  0
  5  4  1  0  0  0  0
  5 16  1  0  0  0  0
  5  6  1  0  0  0  0
  6 17  1  0  0  0  0
  6  7  2  0  0  0  0
  7 18  1  0  0  0  0
  8  7  1  0  0  0  0
  8 19  1  0  0  0  0
  9 21  1  6  0  0  0
  9  4  1  0  0  0  0
 11  1  1  0  0  0  0
 13  3  1  0  0  0  0
 15  5  1  0  0  0  0
 20  8  1  0  0  0  0
M  END
