Lattice="12.54401958 0.0 0.0 0.0 14.66924025 0.0 0.0 0.0 13.34564709" Properties=species:S:1:pos:R:3:GW_charged:R:1:dKS_charged:R:1:dKS_neutral:R:1 pbc="T T T"
 OpenBabel12102409373D
Lattice="12.54401958 0.0 0.0 0.0 14.66924025 0.0 0.0 0.0 13.34564709" Properties=species:S:1:pos:R:3:GW_charged:R:1:dKS_charged:R:1:dKS_neutral:R:1 pbc="T T T"
 21 21  0  0  0  0  0  0  0  0999 V2000
    5.4957    9.7450    6.6973 C   0  0  0  0  0  0  0  0  0  0  0  0
    5.5417    8.2158    6.6887 C   0  0  0  0  0  0  0  0  0  0  0  0
    6.2151    7.6731    5.4172 C   0  0  0  0  0  0  0  0  0  0  0  0
    6.2923    6.1417    5.4039 C   0  0  0  0  0  0  0  0  0  0  0  0
    6.9840    5.6005    6.6609 C   0  0  0  0  0  0  0  0  0  0  0  0
    6.3165    6.1281    7.9366 C   0  0  0  0  0  0  0  0  0  0  0  0
    6.2392    7.6596    7.9412 C   0  0  0  0  0  0  0  0  0  0  0  0
    6.5115   10.1692    6.6899 H   0  0  0  0  0  0  0  0  0  0  0  0
    4.9670   10.1364    5.8163 H   0  0  0  0  0  0  0  0  0  0  0  0
    4.9839   10.1269    7.5924 H   0  0  0  0  0  0  0  0  0  0  0  0
    4.5000    7.8426    6.6966 H   0  0  0  0  0  0  0  0  0  0  0  0
    5.6776    8.0357    4.5267 H   0  0  0  0  0  0  0  0  0  0  0  0
    7.2361    8.0909    5.3517 H   0  0  0  0  0  0  0  0  0  0  0  0
    5.2709    5.7273    5.3455 H   0  0  0  0  0  0  0  0  0  0  0  0
    6.8166    5.7962    4.5000 H   0  0  0  0  0  0  0  0  0  0  0  0
    6.9815    4.5000    6.6550 H   0  0  0  0  0  0  0  0  0  0  0  0
    8.0440    5.9084    6.6524 H   0  0  0  0  0  0  0  0  0  0  0  0
    5.2963    5.7130    8.0100 H   0  0  0  0  0  0  0  0  0  0  0  0
    6.8579    5.7729    8.8265 H   0  0  0  0  0  0  0  0  0  0  0  0
    7.2613    8.0767    7.9916 H   0  0  0  0  0  0  0  0  0  0  0  0
    5.7189    8.0125    8.8456 H   0  0  0  0  0  0  0  0  0  0  0  0
  1 10  1  0  0  0  0
  2 11  1  0  0  0  0
  2  1  1  0  0  0  0
  2  7  1  0  0  0  0
  3  2  1  0  0  0  0
  4  3  1  0  0  0  0
  4  5  1  0  0  0  0
  5  6  1  0  0  0  0
  6  7  1  0  0  0  0
  6 18  1  0  0  0  0
  6 19  1  0  0  0  0
  7 20  1  0  0  0  0
  7 21  1  0  0  0  0
  8  1  1  0  0  0  0
  9  1  1  0  0  0  0
 12  3  1  0  0  0  0
 13  3  1  0  0  0  0
 14  4  1  0  0  0  0
 15  4  1  0  0  0  0
 16  5  1  0  0  0  0
 17  5  1  0  0  0  0
M  END
