Lattice="12.98366648 0.0 0.0 0.0 13.347801369999999 0.0 0.0 0.0 13.69446623" Properties=species:S:1:pos:R:3:GW_charged:R:1:dKS_charged:R:1:dKS_neutral:R:1 pbc="T T T"
 OpenBabel12102411043D
Lattice="12.98366648 0.0 0.0 0.0 13.347801369999999 0.0 0.0 0.0 13.69446623" Properties=species:S:1:pos:R:3:GW_charged:R:1:dKS_charged:R:1:dKS_neutral:R:1 pbc="T T T"
 21 24  0  0  1  0  0  0  0  0999 V2000
    5.2236    7.5453    5.5255 C   0  0  0  0  0  0  0  0  0  0  0  0
    6.6709    8.0079    5.6931 C   0  0  1  0  0  0  0  0  0  0  0  0
    7.4759    7.7749    6.9586 C   0  0  1  0  0  0  0  0  0  0  0  0
    6.9428    7.3621    8.3144 C   0  0  0  0  0  0  0  0  0  0  0  0
    5.7195    6.4276    8.2804 C   0  0  0  0  0  0  0  0  0  0  0  0
    5.6556    5.5054    7.0733 C   0  0  1  0  0  0  0  0  0  0  0  0
    5.2127    6.0336    5.7263 C   0  0  2  0  0  0  0  0  0  0  0  0
    6.6473    5.5731    5.9217 C   0  0  1  0  0  0  0  0  0  0  0  0
    7.5571    6.7762    5.8284 C   0  0  1  0  0  0  0  0  0  0  0  0
    4.5255    8.0690    6.1989 H   0  0  0  0  0  0  0  0  0  0  0  0
    4.8998    7.7756    4.5000 H   0  0  0  0  0  0  0  0  0  0  0  0
    6.9925    8.8478    5.0768 H   0  0  0  0  0  0  0  0  0  0  0  0
    8.3386    8.4413    7.0324 H   0  0  0  0  0  0  0  0  0  0  0  0
    7.7682    6.8575    8.8432 H   0  0  0  0  0  0  0  0  0  0  0  0
    6.7018    8.2571    8.9077 H   0  0  0  0  0  0  0  0  0  0  0  0
    5.7176    5.8186    9.1945 H   0  0  0  0  0  0  0  0  0  0  0  0
    4.7956    7.0269    8.3197 H   0  0  0  0  0  0  0  0  0  0  0  0
    5.2953    4.5000    7.2954 H   0  0  0  0  0  0  0  0  0  0  0  0
    4.5000    5.4418    5.1519 H   0  0  0  0  0  0  0  0  0  0  0  0
    7.0041    4.6368    5.4960 H   0  0  0  0  0  0  0  0  0  0  0  0
    8.4837    6.6652    5.2669 H   0  0  0  0  0  0  0  0  0  0  0  0
  1  2  1  0  0  0  0
  1  7  1  0  0  0  0
  1 10  1  0  0  0  0
  2 12  1  6  0  0  0
  2  9  1  0  0  0  0
  2  3  1  0  0  0  0
  3 13  1  1  0  0  0
  3  4  1  0  0  0  0
  4 14  1  0  0  0  0
  4 15  1  0  0  0  0
  5  4  1  0  0  0  0
  5 17  1  0  0  0  0
  5 16  1  0  0  0  0
  6 18  1  1  0  0  0
  6  5  1  0  0  0  0
  7 19  1  6  0  0  0
  7  8  1  0  0  0  0
  7  6  1  0  0  0  0
  8 20  1  6  0  0  0
  8  6  1  0  0  0  0
  9 21  1  6  0  0  0
  9  8  1  0  0  0  0
  9  3  1  0  0  0  0
 11  1  1  0  0  0  0
M  END
