Lattice="15.20862685 0.0 0.0 0.0 13.75388955 0.0 0.0 0.0 12.84141183" Properties=species:S:1:pos:R:3:GW_charged:R:1:dKS_charged:R:1:dKS_neutral:R:1 pbc="T T T"
 OpenBabel12102410123D
Lattice="15.20862685 0.0 0.0 0.0 13.75388955 0.0 0.0 0.0 12.84141183" Properties=species:S:1:pos:R:3:GW_charged:R:1:dKS_charged:R:1:dKS_neutral:R:1 pbc="T T T"
 21 23  0  0  1  0  0  0  0  0999 V2000
    6.2863    8.7750    6.5487 C   0  0  0  0  0  0  0  0  0  0  0  0
    7.6568    8.1340    6.4760 C   0  0  0  0  0  0  0  0  0  0  0  0
    8.6567    8.1258    5.3145 C   0  0  0  0  0  0  0  0  0  0  0  0
    9.7562    7.7256    6.3415 C   0  0  0  0  0  0  0  0  0  0  0  0
    8.7942    8.1135    7.5022 C   0  0  0  0  0  0  0  0  0  0  0  0
    6.4268    7.2846    6.5203 C   0  0  1  0  0  0  0  0  0  0  0  0
    5.9984    6.2246    7.5266 C   0  0  0  0  0  0  0  0  0  0  0  0
    5.5775    5.4270    6.2778 C   0  0  0  0  0  0  0  0  0  0  0  0
    6.0046    6.4987    5.3854 O   0  0  0  0  0  0  0  0  0  0  0  0
    5.9764    9.2472    7.4832 H   0  0  0  0  0  0  0  0  0  0  0  0
    5.9116    9.2539    5.6425 H   0  0  0  0  0  0  0  0  0  0  0  0
    8.4455    7.4212    4.5000 H   0  0  0  0  0  0  0  0  0  0  0  0
    8.8172    9.1266    4.8888 H   0  0  0  0  0  0  0  0  0  0  0  0
    9.9648    6.6484    6.3211 H   0  0  0  0  0  0  0  0  0  0  0  0
   10.7086    8.2664    6.2868 H   0  0  0  0  0  0  0  0  0  0  0  0
    9.0050    9.1131    7.9098 H   0  0  0  0  0  0  0  0  0  0  0  0
    8.7043    7.4090    8.3414 H   0  0  0  0  0  0  0  0  0  0  0  0
    6.8113    5.7842    8.1173 H   0  0  0  0  0  0  0  0  0  0  0  0
    5.1808    6.5178    8.1951 H   0  0  0  0  0  0  0  0  0  0  0  0
    6.1394    4.5000    6.0880 H   0  0  0  0  0  0  0  0  0  0  0  0
    4.5000    5.2300    6.1759 H   0  0  0  0  0  0  0  0  0  0  0  0
  1 10  1  0  0  0  0
  2  6  1  0  0  0  0
  2  1  1  0  0  0  0
  2  5  1  0  0  0  0
  3  4  1  0  0  0  0
  3  2  1  0  0  0  0
  4  5  1  0  0  0  0
  5 16  1  0  0  0  0
  5 17  1  0  0  0  0
  6  9  1  6  0  0  0
  6  1  1  0  0  0  0
  6  7  1  0  0  0  0
  7 18  1  0  0  0  0
  7 19  1  0  0  0  0
  8  7  1  0  0  0  0
  9  8  1  0  0  0  0
 11  1  1  0  0  0  0
 12  3  1  0  0  0  0
 13  3  1  0  0  0  0
 14  4  1  0  0  0  0
 15  4  1  0  0  0  0
 20  8  1  0  0  0  0
 21  8  1  0  0  0  0
M  END
