Lattice="14.81701964 0.0 0.0 0.0 15.25428095 0.0 0.0 0.0 12.87237674" Properties=species:S:1:pos:R:3:GW_charged:R:1:dKS_charged:R:1:dKS_neutral:R:1 pbc="T T T"
 OpenBabel12102410123D
Lattice="14.81701964 0.0 0.0 0.0 15.25428095 0.0 0.0 0.0 12.87237674" Properties=species:S:1:pos:R:3:GW_charged:R:1:dKS_charged:R:1:dKS_neutral:R:1 pbc="T T T"
 21 23  0  0  1  0  0  0  0  0999 V2000
    6.6224    7.7935    7.3331 C   0  0  0  0  0  0  0  0  0  0  0  0
    6.6163    6.2909    7.1959 C   0  0  1  0  0  0  0  0  0  0  0  0
    5.4240    5.5373    6.7831 C   0  0  0  0  0  0  0  0  0  0  0  0
    6.5018    5.7604    5.8578 O   0  0  0  0  0  0  0  0  0  0  0  0
    7.9886    8.3900    7.0179 C   0  0  1  0  0  0  0  0  0  0  0  0
    8.5395    8.4628    5.5534 C   0  0  1  0  0  0  0  0  0  0  0  0
    7.5629    9.6460    5.2901 C   0  0  0  0  0  0  0  0  0  0  0  0
    8.1716    9.9096    6.6995 C   0  0  2  0  0  0  0  0  0  0  0  0
    9.5469    9.5243    6.0819 C   0  0  0  0  0  0  0  0  0  0  0  0
    5.8317    8.2080    6.6921 H   0  0  0  0  0  0  0  0  0  0  0  0
    6.3531    8.0488    8.3724 H   0  0  0  0  0  0  0  0  0  0  0  0
    7.3574    5.7581    7.8057 H   0  0  0  0  0  0  0  0  0  0  0  0
    5.2929    4.5000    7.1055 H   0  0  0  0  0  0  0  0  0  0  0  0
    4.5000    6.0800    6.5599 H   0  0  0  0  0  0  0  0  0  0  0  0
    8.7355    8.0086    7.7355 H   0  0  0  0  0  0  0  0  0  0  0  0
    8.7485    7.6160    4.8892 H   0  0  0  0  0  0  0  0  0  0  0  0
    7.8618   10.3479    4.5000 H   0  0  0  0  0  0  0  0  0  0  0  0
    6.4930    9.4180    5.2259 H   0  0  0  0  0  0  0  0  0  0  0  0
    7.9598   10.7543    7.3687 H   0  0  0  0  0  0  0  0  0  0  0  0
   10.3170    9.1676    6.7803 H   0  0  0  0  0  0  0  0  0  0  0  0
    9.9574   10.2195    5.3376 H   0  0  0  0  0  0  0  0  0  0  0  0
  1 11  1  0  0  0  0
  2  1  1  0  0  0  0
  2 12  1  1  0  0  0
  3 13  1  0  0  0  0
  3  2  1  0  0  0  0
  4  3  1  0  0  0  0
  4  2  1  0  0  0  0
  5  1  1  0  0  0  0
  5 15  1  1  0  0  0
  6 16  1  6  0  0  0
  6  9  1  0  0  0  0
  6  5  1  0  0  0  0
  7  6  1  0  0  0  0
  7  8  1  0  0  0  0
  8  5  1  0  0  0  0
  8 19  1  1  0  0  0
  9  8  1  0  0  0  0
  9 20  1  0  0  0  0
 10  1  1  0  0  0  0
 14  3  1  0  0  0  0
 17  7  1  0  0  0  0
 18  7  1  0  0  0  0
 21  9  1  0  0  0  0
M  END
