Lattice="14.01639158 0.0 0.0 0.0 14.385279780000001 0.0 0.0 0.0 13.29701024" Properties=species:S:1:pos:R:3:GW_charged:R:1:dKS_charged:R:1:dKS_neutral:R:1 pbc="T T T"
 OpenBabel12102409463D
Lattice="14.01639158 0.0 0.0 0.0 14.385279780000001 0.0 0.0 0.0 13.29701024" Properties=species:S:1:pos:R:3:GW_charged:R:1:dKS_charged:R:1:dKS_neutral:R:1 pbc="T T T"
 19 20  0  0  1  0  0  0  0  0999 V2000
    5.2717    5.5688    5.4299 C   0  0  0  0  0  0  0  0  0  0  0  0
    5.2919    6.7813    5.4295 C   0  0  0  0  0  0  0  0  0  0  0  0
    5.3182    8.2090    5.4431 C   0  0  1  0  0  0  0  0  0  0  0  0
    5.8233    8.9777    6.6726 C   0  0  1  0  0  0  0  0  0  0  0  0
    6.3663    8.2234    7.8793 C   0  0  0  0  0  0  0  0  0  0  0  0
    7.9043    8.2345    7.9473 C   0  0  0  0  0  0  0  0  0  0  0  0
    8.5393    7.9529    6.6107 C   0  0  0  0  0  0  0  0  0  0  0  0
    7.9515    8.2806    5.4521 C   0  0  0  0  0  0  0  0  0  0  0  0
    6.6494    8.9827    5.4171 C   0  0  1  0  0  0  0  0  0  0  0  0
    5.2527    4.5000    5.4188 H   0  0  0  0  0  0  0  0  0  0  0  0
    4.5000    8.6827    4.8979 H   0  0  0  0  0  0  0  0  0  0  0  0
    5.2602    9.8853    6.8888 H   0  0  0  0  0  0  0  0  0  0  0  0
    5.9444    8.6551    8.7970 H   0  0  0  0  0  0  0  0  0  0  0  0
    6.0262    7.1777    7.8407 H   0  0  0  0  0  0  0  0  0  0  0  0
    8.2640    9.2108    8.3200 H   0  0  0  0  0  0  0  0  0  0  0  0
    8.2452    7.4951    8.6866 H   0  0  0  0  0  0  0  0  0  0  0  0
    9.5164    7.4656    6.6010 H   0  0  0  0  0  0  0  0  0  0  0  0
    8.4327    8.0492    4.5000 H   0  0  0  0  0  0  0  0  0  0  0  0
    6.6167    9.8801    4.7958 H   0  0  0  0  0  0  0  0  0  0  0  0
  2  1  3  0  0  0  0
  2  3  1  0  0  0  0
  3 11  1  6  0  0  0
  3  4  1  0  0  0  0
  4 12  1  1  0  0  0
  4  5  1  0  0  0  0
  5  6  1  0  0  0  0
  5 13  1  0  0  0  0
  6 15  1  0  0  0  0
  6 16  1  0  0  0  0
  7  6  1  0  0  0  0
  8  7  2  0  0  0  0
  9 19  1  6  0  0  0
  9  3  1  0  0  0  0
  9  8  1  0  0  0  0
  9  4  1  0  0  0  0
 10  1  1  0  0  0  0
 14  5  1  0  0  0  0
 17  7  1  0  0  0  0
 18  8  1  0  0  0  0
M  END
