Lattice="13.23068345 0.0 0.0 0.0 13.78307053 0.0 0.0 0.0 13.642608970000001" Properties=species:S:1:pos:R:3:GW_charged:R:1:dKS_charged:R:1:dKS_neutral:R:1 pbc="T T T"
 OpenBabel12102411073D
Lattice="13.23068345 0.0 0.0 0.0 13.78307053 0.0 0.0 0.0 13.642608970000001" Properties=species:S:1:pos:R:3:GW_charged:R:1:dKS_charged:R:1:dKS_neutral:R:1 pbc="T T T"
 23 24  0  0  1  0  0  0  0  0999 V2000
    5.5859    7.5960    5.5128 C   0  0  0  0  0  0  0  0  0  0  0  0
    6.9937    8.1839    5.7178 C   0  0  0  0  0  0  0  0  0  0  0  0
    7.7070    7.6445    6.9742 C   0  0  1  0  0  0  0  0  0  0  0  0
    7.0349    8.0501    8.2950 C   0  0  0  0  0  0  0  0  0  0  0  0
    5.7253    7.5036    8.4602 O   0  0  0  0  0  0  0  0  0  0  0  0
    5.6878    6.0848    8.2971 C   0  0  0  0  0  0  0  0  0  0  0  0
    6.3072    5.6024    6.9764 C   0  0  1  0  0  0  0  0  0  0  0  0
    5.5455    6.0712    5.7200 C   0  0  0  0  0  0  0  0  0  0  0  0
    7.7561    6.1099    6.9152 C   0  0  0  0  0  0  0  0  0  0  0  0
    4.8892    8.0742    6.2136 H   0  0  0  0  0  0  0  0  0  0  0  0
    5.2297    7.8391    4.5000 H   0  0  0  0  0  0  0  0  0  0  0  0
    7.6232    7.9380    4.8457 H   0  0  0  0  0  0  0  0  0  0  0  0
    6.9370    9.2831    5.7561 H   0  0  0  0  0  0  0  0  0  0  0  0
    8.7307    8.0537    7.0001 H   0  0  0  0  0  0  0  0  0  0  0  0
    7.6814    7.7344    9.1403 H   0  0  0  0  0  0  0  0  0  0  0  0
    6.9045    9.1397    8.3592 H   0  0  0  0  0  0  0  0  0  0  0  0
    6.2163    5.5969    9.1426 H   0  0  0  0  0  0  0  0  0  0  0  0
    4.6246    5.8135    8.3628 H   0  0  0  0  0  0  0  0  0  0  0  0
    6.2948    4.5000    7.0039 H   0  0  0  0  0  0  0  0  0  0  0  0
    4.5000    5.7276    5.7598 H   0  0  0  0  0  0  0  0  0  0  0  0
    6.0011    5.5716    4.8482 H   0  0  0  0  0  0  0  0  0  0  0  0
    8.2494    5.7708    5.9908 H   0  0  0  0  0  0  0  0  0  0  0  0
    8.3406    5.7102    7.7597 H   0  0  0  0  0  0  0  0  0  0  0  0
  1  2  1  0  0  0  0
  1  8  1  0  0  0  0
  1 10  1  0  0  0  0
  2 13  1  0  0  0  0
  2  3  1  0  0  0  0
  3 14  1  1  0  0  0
  3  4  1  0  0  0  0
  4 16  1  0  0  0  0
  4  5  1  0  0  0  0
  4 15  1  0  0  0  0
  6 18  1  0  0  0  0
  6  5  1  0  0  0  0
  6 17  1  0  0  0  0
  7 19  1  1  0  0  0
  7  6  1  0  0  0  0
  8 20  1  0  0  0  0
  8  7  1  0  0  0  0
  9  3  1  0  0  0  0
  9  7  1  0  0  0  0
  9 23  1  0  0  0  0
 11  1  1  0  0  0  0
 12  2  1  0  0  0  0
 21  8  1  0  0  0  0
 22  9  1  0  0  0  0
M  END
