Lattice="14.66044991 0.0 0.0 0.0 12.42490996 0.0 0.0 0.0 13.53145564" Properties=species:S:1:pos:R:3:GW_charged:R:1:dKS_charged:R:1:dKS_neutral:R:1 pbc="T T T"
 OpenBabel12102409393D
Lattice="14.66044991 0.0 0.0 0.0 12.42490996 0.0 0.0 0.0 13.53145564" Properties=species:S:1:pos:R:3:GW_charged:R:1:dKS_charged:R:1:dKS_neutral:R:1 pbc="T T T"
 17 16  0  0  0  0  0  0  0  0999 V2000
    9.5875    7.6106    8.1704 O   0  0  0  0  0  0  0  0  0  0  0  0
    9.5918    6.1888    8.0838 C   0  0  0  0  0  0  0  0  0  0  0  0
    8.1917    5.6065    8.1132 C   0  0  0  0  0  0  0  0  0  0  0  0
    7.5038    6.0922    6.9623 O   0  0  0  0  0  0  0  0  0  0  0  0
    6.1224    5.7388    6.9314 C   0  0  0  0  0  0  0  0  0  0  0  0
    5.5708    6.1830    5.5903 C   0  0  0  0  0  0  0  0  0  0  0  0
    6.1966    5.5131    4.5000 O   0  0  0  0  0  0  0  0  0  0  0  0
    8.9748    7.9249    7.4852 H   0  0  0  0  0  0  0  0  0  0  0  0
   10.1098    5.8480    7.1677 H   0  0  0  0  0  0  0  0  0  0  0  0
   10.1604    5.8211    8.9490 H   0  0  0  0  0  0  0  0  0  0  0  0
    8.2318    4.5000    8.1035 H   0  0  0  0  0  0  0  0  0  0  0  0
    7.6660    5.9291    9.0315 H   0  0  0  0  0  0  0  0  0  0  0  0
    6.0102    4.6441    7.0439 H   0  0  0  0  0  0  0  0  0  0  0  0
    5.5765    6.2333    7.7581 H   0  0  0  0  0  0  0  0  0  0  0  0
    4.5000    5.9429    5.5362 H   0  0  0  0  0  0  0  0  0  0  0  0
    5.6777    7.2800    5.4968 H   0  0  0  0  0  0  0  0  0  0  0  0
    7.1540    5.6160    4.6285 H   0  0  0  0  0  0  0  0  0  0  0  0
  2  3  1  0  0  0  0
  2  1  1  0  0  0  0
  2 10  1  0  0  0  0
  3 12  1  0  0  0  0
  4  3  1  0  0  0  0
  5  4  1  0  0  0  0
  5 13  1  0  0  0  0
  5 14  1  0  0  0  0
  6  5  1  0  0  0  0
  7 17  1  0  0  0  0
  7  6  1  0  0  0  0
  8  1  1  0  0  0  0
  9  2  1  0  0  0  0
 11  3  1  0  0  0  0
 15  6  1  0  0  0  0
 16  6  1  0  0  0  0
M  END
