Lattice="15.20568966 0.0 0.0 0.0 13.37752695 0.0 0.0 0.0 14.2735927" Properties=species:S:1:pos:R:3:GW_charged:R:1:dKS_charged:R:1:dKS_neutral:R:1 pbc="T T T"
 OpenBabel12102411083D
Lattice="15.20568966 0.0 0.0 0.0 13.37752695 0.0 0.0 0.0 14.2735927" Properties=species:S:1:pos:R:3:GW_charged:R:1:dKS_charged:R:1:dKS_neutral:R:1 pbc="T T T"
 27 26  0  0  0  0  0  0  0  0999 V2000
    6.1444    8.1442    7.1332 C   0  0  0  0  0  0  0  0  0  0  0  0
    6.5374    6.7685    7.7043 C   0  0  0  0  0  0  0  0  0  0  0  0
    7.0637    6.9116    9.1404 C   0  0  0  0  0  0  0  0  0  0  0  0
    5.3010    5.8578    7.7107 C   0  0  0  0  0  0  0  0  0  0  0  0
    7.4251    6.0598    6.8020 O   0  0  0  0  0  0  0  0  0  0  0  0
    8.8527    6.2616    6.6427 C   0  0  0  0  0  0  0  0  0  0  0  0
    9.6435    5.5569    7.7612 C   0  0  0  0  0  0  0  0  0  0  0  0
    9.1257    5.5476    5.3109 C   0  0  0  0  0  0  0  0  0  0  0  0
    9.2829    7.7314    6.5224 C   0  0  0  0  0  0  0  0  0  0  0  0
    6.9549    8.8775    7.2107 H   0  0  0  0  0  0  0  0  0  0  0  0
    5.8677    8.0434    6.0758 H   0  0  0  0  0  0  0  0  0  0  0  0
    5.2793    8.5482    7.6778 H   0  0  0  0  0  0  0  0  0  0  0  0
    6.2758    7.3429    9.7736 H   0  0  0  0  0  0  0  0  0  0  0  0
    7.3366    5.9353    9.5605 H   0  0  0  0  0  0  0  0  0  0  0  0
    7.9325    7.5783    9.2059 H   0  0  0  0  0  0  0  0  0  0  0  0
    4.9240    5.7275    6.6882 H   0  0  0  0  0  0  0  0  0  0  0  0
    5.5608    4.8681    8.1075 H   0  0  0  0  0  0  0  0  0  0  0  0
    4.5000    6.2866    8.3277 H   0  0  0  0  0  0  0  0  0  0  0  0
    9.2572    4.5399    7.9067 H   0  0  0  0  0  0  0  0  0  0  0  0
   10.7057    5.4851    7.4879 H   0  0  0  0  0  0  0  0  0  0  0  0
    9.5840    6.0900    8.7168 H   0  0  0  0  0  0  0  0  0  0  0  0
    8.5650    6.0297    4.5000 H   0  0  0  0  0  0  0  0  0  0  0  0
   10.1955    5.5721    5.0638 H   0  0  0  0  0  0  0  0  0  0  0  0
    8.8043    4.5000    5.3725 H   0  0  0  0  0  0  0  0  0  0  0  0
    9.1403    8.2896    7.4562 H   0  0  0  0  0  0  0  0  0  0  0  0
   10.3534    7.7767    6.2782 H   0  0  0  0  0  0  0  0  0  0  0  0
    8.7327    8.2400    5.7207 H   0  0  0  0  0  0  0  0  0  0  0  0
  1 10  1  0  0  0  0
  1 12  1  0  0  0  0
  1  2  1  0  0  0  0
  2  4  1  0  0  0  0
  2  3  1  0  0  0  0
  3 15  1  0  0  0  0
  3 14  1  0  0  0  0
  3 13  1  0  0  0  0
  4 17  1  0  0  0  0
  4 18  1  0  0  0  0
  5  2  1  0  0  0  0
  6  5  1  0  0  0  0
  6  7  1  0  0  0  0
  7 19  1  0  0  0  0
  7 21  1  0  0  0  0
  8 24  1  0  0  0  0
  8  6  1  0  0  0  0
  9  6  1  0  0  0  0
  9 25  1  0  0  0  0
 11  1  1  0  0  0  0
 16  4  1  0  0  0  0
 20  7  1  0  0  0  0
 22  8  1  0  0  0  0
 23  8  1  0  0  0  0
 26  9  1  0  0  0  0
 27  9  1  0  0  0  0
M  END
