Lattice="12.47638939 0.0 0.0 0.0 16.597058060000002 0.0 0.0 0.0 13.73323845" Properties=species:S:1:pos:R:3:GW_charged:R:1:dKS_charged:R:1:dKS_neutral:R:1 pbc="T T T"
 OpenBabel12102409443D
Lattice="12.47638939 0.0 0.0 0.0 16.597058060000002 0.0 0.0 0.0 13.73323845" Properties=species:S:1:pos:R:3:GW_charged:R:1:dKS_charged:R:1:dKS_neutral:R:1 pbc="T T T"
 19 19  0  0  0  0  0  0  0  0999 V2000
    5.6262   11.6538    8.3533 C   0  0  0  0  0  0  0  0  0  0  0  0
    5.5437   10.1427    8.3049 C   0  0  0  0  0  0  0  0  0  0  0  0
    6.3246    9.6853    7.1928 O   0  0  0  0  0  0  0  0  0  0  0  0
    6.3465    8.3394    7.0197 C   0  0  0  0  0  0  0  0  0  0  0  0
    5.7413    7.3383    7.7373 C   0  0  0  0  0  0  0  0  0  0  0  0
    6.0613    6.1208    7.1722 O   0  0  0  0  0  0  0  0  0  0  0  0
    6.8706    6.3657    6.0962 C   0  0  0  0  0  0  0  0  0  0  0  0
    7.3399    5.1841    5.3313 C   0  0  0  0  0  0  0  0  0  0  0  0
    7.0760    7.7098    5.9594 C   0  0  0  0  0  0  0  0  0  0  0  0
    6.6647   11.9851    8.4814 H   0  0  0  0  0  0  0  0  0  0  0  0
    5.2324   12.0971    7.4297 H   0  0  0  0  0  0  0  0  0  0  0  0
    5.0363   12.0353    9.1973 H   0  0  0  0  0  0  0  0  0  0  0  0
    5.9368    9.6902    9.2332 H   0  0  0  0  0  0  0  0  0  0  0  0
    4.5000    9.8025    8.1782 H   0  0  0  0  0  0  0  0  0  0  0  0
    5.1002    7.3039    8.6068 H   0  0  0  0  0  0  0  0  0  0  0  0
    7.9232    4.5000    5.9651 H   0  0  0  0  0  0  0  0  0  0  0  0
    6.4968    4.6121    4.9166 H   0  0  0  0  0  0  0  0  0  0  0  0
    7.9764    5.5075    4.5000 H   0  0  0  0  0  0  0  0  0  0  0  0
    7.6714    8.2059    5.2014 H   0  0  0  0  0  0  0  0  0  0  0  0
  1 10  1  0  0  0  0
  1 12  1  0  0  0  0
  2  1  1  0  0  0  0
  2 13  1  0  0  0  0
  3  2  1  0  0  0  0
  4  3  1  0  0  0  0
  4  5  2  0  0  0  0
  5 15  1  0  0  0  0
  6  5  1  0  0  0  0
  7  6  1  0  0  0  0
  8 16  1  0  0  0  0
  8  7  1  0  0  0  0
  9  7  2  0  0  0  0
  9  4  1  0  0  0  0
 11  1  1  0  0  0  0
 14  2  1  0  0  0  0
 17  8  1  0  0  0  0
 18  8  1  0  0  0  0
 19  9  1  0  0  0  0
M  END
