Lattice="12.81168682 0.0 0.0 0.0 13.40520248 0.0 0.0 0.0 12.18953466" Properties=species:S:1:pos:R:3:GW_charged:R:1:dKS_charged:R:1:dKS_neutral:R:1 pbc="T T T"
 OpenBabel12102409263D
Lattice="12.81168682 0.0 0.0 0.0 13.40520248 0.0 0.0 0.0 12.18953466" Properties=species:S:1:pos:R:3:GW_charged:R:1:dKS_charged:R:1:dKS_neutral:R:1 pbc="T T T"
 13 13  0  0  0  0  0  0  0  0999 V2000
    7.4394    8.5041    6.0759 O   0  0  0  0  0  0  0  0  0  0  0  0
    7.4650    7.1875    6.6481 C   0  0  0  0  0  0  0  0  0  0  0  0
    6.0752    6.6205    6.6210 C   0  0  0  0  0  0  0  0  0  0  0  0
    5.5487    5.9805    5.3610 C   0  0  0  0  0  0  0  0  0  0  0  0
    5.8877    5.1234    6.5548 C   0  0  0  0  0  0  0  0  0  0  0  0
    8.3117    8.9052    6.2058 H   0  0  0  0  0  0  0  0  0  0  0  0
    8.1446    6.5257    6.0771 H   0  0  0  0  0  0  0  0  0  0  0  0
    7.8346    7.2263    7.6895 H   0  0  0  0  0  0  0  0  0  0  0  0
    5.3527    7.1758    7.2214 H   0  0  0  0  0  0  0  0  0  0  0  0
    4.5000    6.1287    5.1100 H   0  0  0  0  0  0  0  0  0  0  0  0
    6.2153    5.9459    4.5000 H   0  0  0  0  0  0  0  0  0  0  0  0
    6.7801    4.5000    6.4985 H   0  0  0  0  0  0  0  0  0  0  0  0
    5.0741    4.6842    7.1292 H   0  0  0  0  0  0  0  0  0  0  0  0
  1  6  1  0  0  0  0
  1  2  1  0  0  0  0
  2  8  1  0  0  0  0
  3  2  1  0  0  0  0
  3  9  1  0  0  0  0
  4  5  1  0  0  0  0
  4  3  1  0  0  0  0
  5  3  1  0  0  0  0
  5 13  1  0  0  0  0
  7  2  1  0  0  0  0
 10  4  1  0  0  0  0
 11  4  1  0  0  0  0
 12  5  1  0  0  0  0
M  END
