Lattice="13.01425322 0.0 0.0 0.0 13.84707678 0.0 0.0 0.0 13.06273153" Properties=species:S:1:pos:R:3:GW_charged:R:1:dKS_charged:R:1:dKS_neutral:R:1 pbc="T T T"
 OpenBabel12102409373D
Lattice="13.01425322 0.0 0.0 0.0 13.84707678 0.0 0.0 0.0 13.06273153" Properties=species:S:1:pos:R:3:GW_charged:R:1:dKS_charged:R:1:dKS_neutral:R:1 pbc="T T T"
 17 18  0  0  1  0  0  0  0  0999 V2000
    6.4774    8.9080    6.4857 C   0  0  0  0  0  0  0  0  0  0  0  0
    6.5404    7.4009    6.4890 C   0  0  1  0  0  0  0  0  0  0  0  0
    7.4709    6.5694    5.5395 C   0  0  0  0  0  0  0  0  0  0  0  0
    7.1302    5.4650    6.5644 C   0  0  1  0  0  0  0  0  0  0  0  0
    7.1754    6.5617    7.6514 C   0  0  0  0  0  0  0  0  0  0  0  0
    5.7111    5.2484    6.3651 O   0  0  0  0  0  0  0  0  0  0  0  0
    5.2310    6.6198    6.3029 C   0  0  0  0  0  0  0  0  0  0  0  0
    7.4743    9.3471    6.6268 H   0  0  0  0  0  0  0  0  0  0  0  0
    6.0753    9.2859    5.5341 H   0  0  0  0  0  0  0  0  0  0  0  0
    5.8292    9.2794    7.2932 H   0  0  0  0  0  0  0  0  0  0  0  0
    7.1537    6.4120    4.5000 H   0  0  0  0  0  0  0  0  0  0  0  0
    8.5143    6.9033    5.5895 H   0  0  0  0  0  0  0  0  0  0  0  0
    7.6401    4.5000    6.6321 H   0  0  0  0  0  0  0  0  0  0  0  0
    8.1922    6.8948    7.8920 H   0  0  0  0  0  0  0  0  0  0  0  0
    6.5854    6.3970    8.5627 H   0  0  0  0  0  0  0  0  0  0  0  0
    4.5000    6.8003    7.1078 H   0  0  0  0  0  0  0  0  0  0  0  0
    4.7487    6.8068    5.3297 H   0  0  0  0  0  0  0  0  0  0  0  0
  1  8  1  0  0  0  0
  1 10  1  0  0  0  0
  2  1  1  1  0  0  0
  2  5  1  0  0  0  0
  3 12  1  0  0  0  0
  3  2  1  0  0  0  0
  3  4  1  0  0  0  0
  4 13  1  1  0  0  0
  4  5  1  0  0  0  0
  5 14  1  0  0  0  0
  5 15  1  0  0  0  0
  6  4  1  0  0  0  0
  7  6  1  0  0  0  0
  7  2  1  0  0  0  0
  7 16  1  0  0  0  0
  9  1  1  0  0  0  0
 11  3  1  0  0  0  0
 17  7  1  0  0  0  0
M  END
