Lattice="12.389225 0.0 0.0 0.0 13.68853866 0.0 0.0 0.0 13.69072749" Properties=species:S:1:pos:R:3:GW_charged:R:1:dKS_charged:R:1:dKS_neutral:R:1 pbc="T T T"
 OpenBabel12102409263D
Lattice="12.389225 0.0 0.0 0.0 13.68853866 0.0 0.0 0.0 13.69072749" Properties=species:S:1:pos:R:3:GW_charged:R:1:dKS_charged:R:1:dKS_neutral:R:1 pbc="T T T"
 19 19  0  0  1  0  0  0  0  0999 V2000
    5.3801    8.4866    6.1574 C   0  0  0  0  0  0  0  0  0  0  0  0
    5.8926    7.0579    6.1101 C   0  0  1  0  0  0  0  0  0  0  0  0
    7.2462    6.7630    5.4435 C   0  0  0  0  0  0  0  0  0  0  0  0
    7.6789    5.9455    6.5609 O   0  0  0  0  0  0  0  0  0  0  0  0
    6.5274    6.3854    7.3724 C   0  0  0  0  0  0  0  0  0  0  0  0
    6.9956    7.3267    8.4765 C   0  0  0  0  0  0  0  0  0  0  0  0
    5.7725    5.1907    7.9305 C   0  0  0  0  0  0  0  0  0  0  0  0
    6.1421    9.1885    6.5228 H   0  0  0  0  0  0  0  0  0  0  0  0
    5.0782    8.8217    5.1547 H   0  0  0  0  0  0  0  0  0  0  0  0
    4.5000    8.5757    6.8102 H   0  0  0  0  0  0  0  0  0  0  0  0
    5.1092    6.3995    5.7073 H   0  0  0  0  0  0  0  0  0  0  0  0
    7.2355    6.1967    4.5000 H   0  0  0  0  0  0  0  0  0  0  0  0
    7.8892    7.6535    5.3192 H   0  0  0  0  0  0  0  0  0  0  0  0
    7.5958    8.1534    8.0760 H   0  0  0  0  0  0  0  0  0  0  0  0
    6.1434    7.7525    9.0257 H   0  0  0  0  0  0  0  0  0  0  0  0
    7.6207    6.7736    9.1907 H   0  0  0  0  0  0  0  0  0  0  0  0
    6.3927    4.6424    8.6536 H   0  0  0  0  0  0  0  0  0  0  0  0
    4.8575    5.5184    8.4456 H   0  0  0  0  0  0  0  0  0  0  0  0
    5.4914    4.5000    7.1252 H   0  0  0  0  0  0  0  0  0  0  0  0
  1  8  1  0  0  0  0
  1 10  1  0  0  0  0
  2 11  1  6  0  0  0
  2  1  1  0  0  0  0
  2  5  1  0  0  0  0
  3  2  1  0  0  0  0
  3  4  1  0  0  0  0
  4  5  1  0  0  0  0
  5  7  1  0  0  0  0
  5  6  1  0  0  0  0
  6 15  1  0  0  0  0
  6 16  1  0  0  0  0
  7 18  1  0  0  0  0
  7 17  1  0  0  0  0
  9  1  1  0  0  0  0
 12  3  1  0  0  0  0
 13  3  1  0  0  0  0
 14  6  1  0  0  0  0
 19  7  1  0  0  0  0
M  END
