Lattice="13.74808454 0.0 0.0 0.0 14.335270770000001 0.0 0.0 0.0 15.22537094" Properties=species:S:1:pos:R:3:GW_charged:R:1:dKS_charged:R:1:dKS_neutral:R:1 pbc="T T T"
 OpenBabel12102409463D
Lattice="13.74808454 0.0 0.0 0.0 14.335270770000001 0.0 0.0 0.0 15.22537094" Properties=species:S:1:pos:R:3:GW_charged:R:1:dKS_charged:R:1:dKS_neutral:R:1 pbc="T T T"
 21 22  0  0  0  0  0  0  0  0999 V2000
    4.8563    5.2818    5.1364 C   0  0  0  0  0  0  0  0  0  0  0  0
    5.2558    6.1748    5.8520 C   0  0  0  0  0  0  0  0  0  0  0  0
    5.7496    7.2090    6.7335 C   0  0  0  0  0  0  0  0  0  0  0  0
    5.4197    7.1309    8.2593 C   0  0  0  0  0  0  0  0  0  0  0  0
    6.8446    7.6430    8.5593 C   0  0  0  0  0  0  0  0  0  0  0  0
    7.0970    9.1367    8.9125 C   0  0  0  0  0  0  0  0  0  0  0  0
    8.3132    8.6841    9.7618 C   0  0  0  0  0  0  0  0  0  0  0  0
    7.7125    7.2534    9.7767 C   0  0  0  0  0  0  0  0  0  0  0  0
    7.2613    7.2097    7.1279 C   0  0  0  0  0  0  0  0  0  0  0  0
    4.5000    4.5000    4.5000 H   0  0  0  0  0  0  0  0  0  0  0  0
    5.4659    8.1978    6.3427 H   0  0  0  0  0  0  0  0  0  0  0  0
    4.5722    7.7272    8.6219 H   0  0  0  0  0  0  0  0  0  0  0  0
    5.2880    6.0865    8.5739 H   0  0  0  0  0  0  0  0  0  0  0  0
    7.2728    9.8353    8.0828 H   0  0  0  0  0  0  0  0  0  0  0  0
    6.2899    9.5368    9.5432 H   0  0  0  0  0  0  0  0  0  0  0  0
    9.2481    8.7251    9.1877 H   0  0  0  0  0  0  0  0  0  0  0  0
    8.4748    9.1824   10.7254 H   0  0  0  0  0  0  0  0  0  0  0  0
    7.0924    7.0815   10.6687 H   0  0  0  0  0  0  0  0  0  0  0  0
    8.3939    6.4004    9.6546 H   0  0  0  0  0  0  0  0  0  0  0  0
    7.6620    6.1872    7.1141 H   0  0  0  0  0  0  0  0  0  0  0  0
    7.9296    7.8678    6.5573 H   0  0  0  0  0  0  0  0  0  0  0  0
  1  2  3  0  0  0  0
  2  3  1  0  0  0  0
  3  9  1  0  0  0  0
  3  4  1  0  0  0  0
  4  5  1  0  0  0  0
  4 13  1  0  0  0  0
  4 12  1  0  0  0  0
  5  6  1  0  0  0  0
  5  8  1  0  0  0  0
  6 15  1  0  0  0  0
  6  7  1  0  0  0  0
  7  8  1  0  0  0  0
  7 17  1  0  0  0  0
  8 18  1  0  0  0  0
  9  5  1  0  0  0  0
 10  1  1  0  0  0  0
 11  3  1  0  0  0  0
 14  6  1  0  0  0  0
 16  7  1  0  0  0  0
 19  8  1  0  0  0  0
 20  9  1  0  0  0  0
 21  9  1  0  0  0  0
M  END
