Lattice="13.19304158 0.0 0.0 0.0 13.21809589 0.0 0.0 0.0 13.58769489" Properties=species:S:1:pos:R:3:GW_charged:R:1:dKS_charged:R:1:dKS_neutral:R:1 pbc="T T T"
 OpenBabel12102411063D
Lattice="13.19304158 0.0 0.0 0.0 13.21809589 0.0 0.0 0.0 13.58769489" Properties=species:S:1:pos:R:3:GW_charged:R:1:dKS_charged:R:1:dKS_neutral:R:1 pbc="T T T"
 21 23  0  0  1  0  0  0  0  0999 V2000
    5.3591    8.0068    6.3970 C   0  0  0  0  0  0  0  0  0  0  0  0
    6.9034    7.9216    6.2968 C   0  0  1  0  0  0  0  0  0  0  0  0
    7.5064    7.6336    7.6853 C   0  0  0  0  0  0  0  0  0  0  0  0
    7.1508    6.1827    8.0508 C   0  0  1  0  0  0  0  0  0  0  0  0
    5.6664    5.8992    7.7657 C   0  0  0  0  0  0  0  0  0  0  0  0
    5.3499    6.4574    6.3647 C   0  0  2  0  0  0  0  0  0  0  0  0
    6.6997    6.5467    5.5778 C   0  0  2  0  0  0  0  0  0  0  0  0
    7.7299    5.4661    5.8442 C   0  0  0  0  0  0  0  0  0  0  0  0
    7.9570    5.2905    7.2554 O   0  0  0  0  0  0  0  0  0  0  0  0
    4.9309    8.5022    7.2816 H   0  0  0  0  0  0  0  0  0  0  0  0
    4.9135    8.4376    5.4900 H   0  0  0  0  0  0  0  0  0  0  0  0
    7.4353    8.7181    5.7602 H   0  0  0  0  0  0  0  0  0  0  0  0
    8.6017    7.7284    7.6788 H   0  0  0  0  0  0  0  0  0  0  0  0
    7.1181    8.3441    8.4326 H   0  0  0  0  0  0  0  0  0  0  0  0
    7.4209    5.9442    9.0877 H   0  0  0  0  0  0  0  0  0  0  0  0
    5.5081    4.8124    7.8140 H   0  0  0  0  0  0  0  0  0  0  0  0
    5.0150    6.3617    8.5245 H   0  0  0  0  0  0  0  0  0  0  0  0
    4.5000    5.9513    5.8884 H   0  0  0  0  0  0  0  0  0  0  0  0
    6.5321    6.6745    4.5000 H   0  0  0  0  0  0  0  0  0  0  0  0
    7.3985    4.5000    5.4230 H   0  0  0  0  0  0  0  0  0  0  0  0
    8.6930    5.7202    5.3665 H   0  0  0  0  0  0  0  0  0  0  0  0
  1 10  1  0  0  0  0
  2 12  1  6  0  0  0
  2  1  1  0  0  0  0
  2  3  1  0  0  0  0
  3  4  1  0  0  0  0
  3 14  1  0  0  0  0
  4 15  1  1  0  0  0
  5 16  1  0  0  0  0
  5  4  1  0  0  0  0
  5 17  1  0  0  0  0
  6 18  1  6  0  0  0
  6  1  1  0  0  0  0
  6  5  1  0  0  0  0
  7 19  1  6  0  0  0
  7  8  1  0  0  0  0
  7  2  1  0  0  0  0
  7  6  1  0  0  0  0
  8  9  1  0  0  0  0
  9  4  1  0  0  0  0
 11  1  1  0  0  0  0
 13  3  1  0  0  0  0
 20  8  1  0  0  0  0
 21  8  1  0  0  0  0
M  END
