Lattice="13.79731432 0.0 0.0 0.0 13.42690722 0.0 0.0 0.0 13.52017788" Properties=species:S:1:pos:R:3:GW_charged:R:1:dKS_charged:R:1:dKS_neutral:R:1 pbc="T T T"
 OpenBabel12102411073D
Lattice="13.79731432 0.0 0.0 0.0 13.42690722 0.0 0.0 0.0 13.52017788" Properties=species:S:1:pos:R:3:GW_charged:R:1:dKS_charged:R:1:dKS_neutral:R:1 pbc="T T T"
 23 24  0  0  1  0  0  0  0  0999 V2000
    5.4887    7.6358    6.3086 C   0  0  0  0  0  0  0  0  0  0  0  0
    6.9011    8.2654    6.2967 C   0  0  0  0  0  0  0  0  0  0  0  0
    8.0371    7.2114    6.2840 C   0  0  1  0  0  0  0  0  0  0  0  0
    8.2422    6.5665    7.6890 C   0  0  0  0  0  0  0  0  0  0  0  0
    7.3727    5.3344    7.9736 C   0  0  0  0  0  0  0  0  0  0  0  0
    5.8717    5.5082    7.7051 C   0  0  0  0  0  0  0  0  0  0  0  0
    5.5128    6.0862    6.3019 C   0  0  2  0  0  0  0  0  0  0  0  0
    6.4884    5.6278    5.2431 C   0  0  0  0  0  0  0  0  0  0  0  0
    7.7134    6.1735    5.2346 C   0  0  0  0  0  0  0  0  0  0  0  0
    4.9164    7.9773    7.1839 H   0  0  0  0  0  0  0  0  0  0  0  0
    4.9308    7.9713    5.4234 H   0  0  0  0  0  0  0  0  0  0  0  0
    7.0130    8.8968    5.4044 H   0  0  0  0  0  0  0  0  0  0  0  0
    7.0411    8.9269    7.1645 H   0  0  0  0  0  0  0  0  0  0  0  0
    8.9707    7.7297    6.0215 H   0  0  0  0  0  0  0  0  0  0  0  0
    9.2973    6.2726    7.7977 H   0  0  0  0  0  0  0  0  0  0  0  0
    8.0599    7.3431    8.4502 H   0  0  0  0  0  0  0  0  0  0  0  0
    7.7411    4.5000    7.3587 H   0  0  0  0  0  0  0  0  0  0  0  0
    7.5178    5.0253    9.0202 H   0  0  0  0  0  0  0  0  0  0  0  0
    5.3876    4.5268    7.8229 H   0  0  0  0  0  0  0  0  0  0  0  0
    5.4237    6.1652    8.4688 H   0  0  0  0  0  0  0  0  0  0  0  0
    4.5000    5.7375    6.0530 H   0  0  0  0  0  0  0  0  0  0  0  0
    6.1940    4.8691    4.5158 H   0  0  0  0  0  0  0  0  0  0  0  0
    8.4659    5.8813    4.5000 H   0  0  0  0  0  0  0  0  0  0  0  0
  1 10  1  0  0  0  0
  2  1  1  0  0  0  0
  2 13  1  0  0  0  0
  3 14  1  6  0  0  0
  3  2  1  0  0  0  0
  3  4  1  0  0  0  0
  4 15  1  0  0  0  0
  4  5  1  0  0  0  0
  4 16  1  0  0  0  0
  5 18  1  0  0  0  0
  6 19  1  0  0  0  0
  6  5  1  0  0  0  0
  6 20  1  0  0  0  0
  7 21  1  6  0  0  0
  7  1  1  0  0  0  0
  7  6  1  0  0  0  0
  8  7  1  0  0  0  0
  9  8  2  0  0  0  0
  9  3  1  0  0  0  0
 11  1  1  0  0  0  0
 12  2  1  0  0  0  0
 17  5  1  0  0  0  0
 22  8  1  0  0  0  0
 23  9  1  0  0  0  0
M  END
