Lattice="12.11434062 0.0 0.0 0.0 13.40457511 0.0 0.0 0.0 15.18030656" Properties=species:S:1:pos:R:3:GW_charged:R:1:dKS_charged:R:1:dKS_neutral:R:1 pbc="T T T"
 OpenBabel12102409373D
Lattice="12.11434062 0.0 0.0 0.0 13.40457511 0.0 0.0 0.0 15.18030656" Properties=species:S:1:pos:R:3:GW_charged:R:1:dKS_charged:R:1:dKS_neutral:R:1 pbc="T T T"
 19 19  0  0  0  0  0  0  0  0999 V2000
    6.1443    8.2213    7.0232 C   0  0  0  0  0  0  0  0  0  0  0  0
    5.8509    6.7733    6.6289 C   0  0  0  0  0  0  0  0  0  0  0  0
    6.5234    6.3769    5.3226 C   0  0  0  0  0  0  0  0  0  0  0  0
    6.3119    5.8270    7.6134 O   0  0  0  0  0  0  0  0  0  0  0  0
    5.5858    5.8364    8.8111 C   0  0  0  0  0  0  0  0  0  0  0  0
    6.1984    5.0990    9.9570 C   0  0  0  0  0  0  0  0  0  0  0  0
    6.0926    6.6114   10.0065 C   0  0  0  0  0  0  0  0  0  0  0  0
    7.2235    8.3659    7.1733 H   0  0  0  0  0  0  0  0  0  0  0  0
    5.8121    8.9046    6.2291 H   0  0  0  0  0  0  0  0  0  0  0  0
    5.6255    8.5028    7.9476 H   0  0  0  0  0  0  0  0  0  0  0  0
    4.7542    6.6474    6.5254 H   0  0  0  0  0  0  0  0  0  0  0  0
    7.6143    6.4784    5.4082 H   0  0  0  0  0  0  0  0  0  0  0  0
    6.2942    5.3338    5.0717 H   0  0  0  0  0  0  0  0  0  0  0  0
    6.1809    7.0184    4.5000 H   0  0  0  0  0  0  0  0  0  0  0  0
    4.5000    5.7665    8.6739 H   0  0  0  0  0  0  0  0  0  0  0  0
    5.5522    4.5000   10.5962 H   0  0  0  0  0  0  0  0  0  0  0  0
    7.1872    4.6781    9.7826 H   0  0  0  0  0  0  0  0  0  0  0  0
    7.0149    7.1726    9.8686 H   0  0  0  0  0  0  0  0  0  0  0  0
    5.3698    7.0705   10.6803 H   0  0  0  0  0  0  0  0  0  0  0  0
  1  8  1  0  0  0  0
  1 10  1  0  0  0  0
  2  1  1  0  0  0  0
  2  4  1  0  0  0  0
  3 12  1  0  0  0  0
  3  2  1  0  0  0  0
  4  5  1  0  0  0  0
  5  6  1  0  0  0  0
  5  7  1  0  0  0  0
  6  7  1  0  0  0  0
  6 16  1  0  0  0  0
  7 19  1  0  0  0  0
  9  1  1  0  0  0  0
 11  2  1  0  0  0  0
 13  3  1  0  0  0  0
 14  3  1  0  0  0  0
 15  5  1  0  0  0  0
 17  6  1  0  0  0  0
 18  7  1  0  0  0  0
M  END
