Lattice="12.08967985 0.0 0.0 0.0 15.21052367 0.0 0.0 0.0 13.30028924" Properties=species:S:1:pos:R:3:GW_charged:R:1:dKS_charged:R:1:dKS_neutral:R:1 pbc="T T T"
 OpenBabel12102409273D
Lattice="12.08967985 0.0 0.0 0.0 15.21052367 0.0 0.0 0.0 13.30028924" Properties=species:S:1:pos:R:3:GW_charged:R:1:dKS_charged:R:1:dKS_neutral:R:1 pbc="T T T"
 15 14  0  0  0  0  0  0  0  0999 V2000
    5.0450   10.2587    5.4307 C   0  0  0  0  0  0  0  0  0  0  0  0
    5.1394    8.8243    5.5435 O   0  0  0  0  0  0  0  0  0  0  0  0
    5.7918    8.3734    6.6474 C   0  0  0  0  0  0  0  0  0  0  0  0
    6.2693    9.1056    7.4913 O   0  0  0  0  0  0  0  0  0  0  0  0
    5.8298    6.8632    6.6614 C   0  0  0  0  0  0  0  0  0  0  0  0
    6.5516    6.3034    7.8763 C   0  0  0  0  0  0  0  0  0  0  0  0
    6.5132    4.8761    7.7596 O   0  0  0  0  0  0  0  0  0  0  0  0
    6.0440   10.7105    5.3889 H   0  0  0  0  0  0  0  0  0  0  0  0
    4.5011   10.4424    4.5000 H   0  0  0  0  0  0  0  0  0  0  0  0
    4.5000   10.6794    6.2850 H   0  0  0  0  0  0  0  0  0  0  0  0
    4.7980    6.4825    6.6219 H   0  0  0  0  0  0  0  0  0  0  0  0
    6.3119    6.5123    5.7364 H   0  0  0  0  0  0  0  0  0  0  0  0
    7.5897    6.6754    7.9028 H   0  0  0  0  0  0  0  0  0  0  0  0
    6.0542    6.6433    8.8003 H   0  0  0  0  0  0  0  0  0  0  0  0
    6.9695    4.5000    8.5264 H   0  0  0  0  0  0  0  0  0  0  0  0
  1  2  1  0  0  0  0
  1 10  1  0  0  0  0
  2  3  1  0  0  0  0
  3  5  1  0  0  0  0
  3  4  2  0  0  0  0
  5  6  1  0  0  0  0
  6 13  1  0  0  0  0
  6 14  1  0  0  0  0
  7  6  1  0  0  0  0
  7 15  1  0  0  0  0
  8  1  1  0  0  0  0
  9  1  1  0  0  0  0
 11  5  1  0  0  0  0
 12  5  1  0  0  0  0
M  END
