Lattice="13.72461044 0.0 0.0 0.0 14.71454171 0.0 0.0 0.0 12.12021607" Properties=species:S:1:pos:R:3:GW_charged:R:1:dKS_charged:R:1:dKS_neutral:R:1 pbc="T T T"
 OpenBabel12102410113D
Lattice="13.72461044 0.0 0.0 0.0 14.71454171 0.0 0.0 0.0 12.12021607" Properties=species:S:1:pos:R:3:GW_charged:R:1:dKS_charged:R:1:dKS_neutral:R:1 pbc="T T T"
 19 20  0  0  1  0  0  0  0  0999 V2000
    4.9262    5.5301    4.8002 C   0  0  0  0  0  0  0  0  0  0  0  0
    5.0508    6.7026    5.0825 C   0  0  0  0  0  0  0  0  0  0  0  0
    5.2496    8.0866    5.4487 C   0  0  1  0  0  0  0  0  0  0  0  0
    5.3235    8.4275    6.9761 C   0  0  0  0  0  0  0  0  0  0  0  0
    6.6876    9.1426    6.7568 C   0  0  1  0  0  0  0  0  0  0  0  0
    7.8187    8.5555    7.3855 O   0  0  0  0  0  0  0  0  0  0  0  0
    8.1695    7.3874    6.6244 C   0  0  0  0  0  0  0  0  0  0  0  0
    7.8794    7.7478    5.1605 C   0  0  0  0  0  0  0  0  0  0  0  0
    6.6896    8.7066    5.2566 C   0  0  1  0  0  0  0  0  0  0  0  0
    4.7950    4.5000    4.5451 H   0  0  0  0  0  0  0  0  0  0  0  0
    4.5000    8.7073    4.9376 H   0  0  0  0  0  0  0  0  0  0  0  0
    4.5083    9.0610    7.3448 H   0  0  0  0  0  0  0  0  0  0  0  0
    5.4027    7.5439    7.6202 H   0  0  0  0  0  0  0  0  0  0  0  0
    6.7019   10.2145    6.9881 H   0  0  0  0  0  0  0  0  0  0  0  0
    9.2246    7.1705    6.8306 H   0  0  0  0  0  0  0  0  0  0  0  0
    7.5663    6.5177    6.9433 H   0  0  0  0  0  0  0  0  0  0  0  0
    8.7375    8.2743    4.7214 H   0  0  0  0  0  0  0  0  0  0  0  0
    7.6641    6.8635    4.5467 H   0  0  0  0  0  0  0  0  0  0  0  0
    6.7247    9.4979    4.5000 H   0  0  0  0  0  0  0  0  0  0  0  0
  1  2  3  0  0  0  0
  2  3  1  0  0  0  0
  3 11  1  6  0  0  0
  3  4  1  0  0  0  0
  4 12  1  0  0  0  0
  4 13  1  0  0  0  0
  5  4  1  0  0  0  0
  5 14  1  1  0  0  0
  5  6  1  0  0  0  0
  7 15  1  0  0  0  0
  7 16  1  0  0  0  0
  7  6  1  0  0  0  0
  8  9  1  0  0  0  0
  8  7  1  0  0  0  0
  9 19  1  6  0  0  0
  9  3  1  0  0  0  0
  9  5  1  0  0  0  0
 10  1  1  0  0  0  0
 17  8  1  0  0  0  0
 18  8  1  0  0  0  0
M  END
