Lattice="13.99663763 0.0 0.0 0.0 14.84700088 0.0 0.0 0.0 13.79997114" Properties=species:S:1:pos:R:3:GW_charged:R:1:dKS_charged:R:1:dKS_neutral:R:1 pbc="T T T"
 OpenBabel12102411073D
Lattice="13.99663763 0.0 0.0 0.0 14.84700088 0.0 0.0 0.0 13.79997114" Properties=species:S:1:pos:R:3:GW_charged:R:1:dKS_charged:R:1:dKS_neutral:R:1 pbc="T T T"
 23 24  0  0  1  0  0  0  0  0999 V2000
    7.3431    9.8450    5.5039 C   0  0  0  0  0  0  0  0  0  0  0  0
    8.7784    9.4639    5.7785 C   0  0  0  0  0  0  0  0  0  0  0  0
    7.7114    8.3974    5.7187 C   0  0  0  0  0  0  0  0  0  0  0  0
    7.2729    7.6756    6.9745 C   0  0  1  0  0  0  0  0  0  0  0  0
    5.8375    7.1361    6.8702 C   0  0  0  0  0  0  0  0  0  0  0  0
    5.4776    6.3004    8.1038 C   0  0  0  0  0  0  0  0  0  0  0  0
    6.5486    5.2422    8.3615 C   0  0  0  0  0  0  0  0  0  0  0  0
    7.8484    5.8175    8.4910 O   0  0  0  0  0  0  0  0  0  0  0  0
    8.2292    6.5234    7.3119 C   0  0  0  0  0  0  0  0  0  0  0  0
    6.7905   10.3470    6.2981 H   0  0  0  0  0  0  0  0  0  0  0  0
    7.0772   10.1716    4.5000 H   0  0  0  0  0  0  0  0  0  0  0  0
    9.4966    9.5291    4.9629 H   0  0  0  0  0  0  0  0  0  0  0  0
    9.1903    9.7110    6.7570 H   0  0  0  0  0  0  0  0  0  0  0  0
    7.7148    7.7744    4.8200 H   0  0  0  0  0  0  0  0  0  0  0  0
    7.3147    8.3883    7.8182 H   0  0  0  0  0  0  0  0  0  0  0  0
    5.1304    7.9678    6.7342 H   0  0  0  0  0  0  0  0  0  0  0  0
    5.7584    6.5079    5.9651 H   0  0  0  0  0  0  0  0  0  0  0  0
    5.3998    6.9506    8.9897 H   0  0  0  0  0  0  0  0  0  0  0  0
    4.5000    5.8106    7.9755 H   0  0  0  0  0  0  0  0  0  0  0  0
    6.3658    4.7023    9.3000 H   0  0  0  0  0  0  0  0  0  0  0  0
    6.5529    4.5000    7.5360 H   0  0  0  0  0  0  0  0  0  0  0  0
    8.2779    5.8199    6.4536 H   0  0  0  0  0  0  0  0  0  0  0  0
    9.2443    6.8993    7.4965 H   0  0  0  0  0  0  0  0  0  0  0  0
  1  3  1  0  0  0  0
  1  2  1  0  0  0  0
  1 10  1  0  0  0  0
  2 13  1  0  0  0  0
  3  2  1  0  0  0  0
  3  4  1  0  0  0  0
  4  9  1  0  0  0  0
  4 15  1  1  0  0  0
  5  4  1  0  0  0  0
  5  6  1  0  0  0  0
  6  7  1  0  0  0  0
  6 18  1  0  0  0  0
  7  8  1  0  0  0  0
  7 20  1  0  0  0  0
  9 23  1  0  0  0  0
  9  8  1  0  0  0  0
 11  1  1  0  0  0  0
 12  2  1  0  0  0  0
 14  3  1  0  0  0  0
 16  5  1  0  0  0  0
 17  5  1  0  0  0  0
 19  6  1  0  0  0  0
 21  7  1  0  0  0  0
 22  9  1  0  0  0  0
M  END
