Lattice="14.031119610000001 0.0 0.0 0.0 13.91941105 0.0 0.0 0.0 12.82086079" Properties=species:S:1:pos:R:3:GW_charged:R:1:dKS_charged:R:1:dKS_neutral:R:1 pbc="T T T"
 OpenBabel12102411063D
Lattice="14.031119610000001 0.0 0.0 0.0 13.91941105 0.0 0.0 0.0 12.82086079" Properties=species:S:1:pos:R:3:GW_charged:R:1:dKS_charged:R:1:dKS_neutral:R:1 pbc="T T T"
 21 23  0  0  1  0  0  0  0  0999 V2000
    6.1476    8.7174    5.4842 C   0  0  0  0  0  0  0  0  0  0  0  0
    7.6741    8.6909    5.6323 C   0  0  2  0  0  0  0  0  0  0  0  0
    8.1952    7.9559    4.5000 O   0  0  0  0  0  0  0  0  0  0  0  0
    7.7024    7.2096    5.6286 C   0  0  1  0  0  0  0  0  0  0  0  0
    8.5370    6.1445    6.2597 C   0  0  0  0  0  0  0  0  0  0  0  0
    7.8133    5.5546    7.4848 C   0  0  0  0  0  0  0  0  0  0  0  0
    6.3362    5.2480    7.1920 C   0  0  0  0  0  0  0  0  0  0  0  0
    5.5710    6.5189    6.7950 C   0  0  0  0  0  0  0  0  0  0  0  0
    6.1645    7.1484    5.5297 C   0  0  1  0  0  0  0  0  0  0  0  0
    5.6257    9.1532    6.3464 H   0  0  0  0  0  0  0  0  0  0  0  0
    5.7872    9.1894    4.5610 H   0  0  0  0  0  0  0  0  0  0  0  0
    8.3439    9.4194    6.0897 H   0  0  0  0  0  0  0  0  0  0  0  0
    8.6941    5.3484    5.5110 H   0  0  0  0  0  0  0  0  0  0  0  0
    9.5311    6.5337    6.5224 H   0  0  0  0  0  0  0  0  0  0  0  0
    8.3354    4.6463    7.8184 H   0  0  0  0  0  0  0  0  0  0  0  0
    7.8682    6.2715    8.3209 H   0  0  0  0  0  0  0  0  0  0  0  0
    6.2655    4.5000    6.3835 H   0  0  0  0  0  0  0  0  0  0  0  0
    5.8694    4.7911    8.0772 H   0  0  0  0  0  0  0  0  0  0  0  0
    4.5000    6.3116    6.6535 H   0  0  0  0  0  0  0  0  0  0  0  0
    5.6400    7.2382    7.6291 H   0  0  0  0  0  0  0  0  0  0  0  0
    5.8010    6.6383    4.6248 H   0  0  0  0  0  0  0  0  0  0  0  0
  1  9  1  0  0  0  0
  1  2  1  0  0  0  0
  1 10  1  0  0  0  0
  2 12  1  1  0  0  0
  3  2  1  0  0  0  0
  4  3  1  6  0  0  0
  4  2  1  0  0  0  0
  4  5  1  0  0  0  0
  5 14  1  0  0  0  0
  5  6  1  0  0  0  0
  6 15  1  0  0  0  0
  6 16  1  0  0  0  0
  7  6  1  0  0  0  0
  7 18  1  0  0  0  0
  8  7  1  0  0  0  0
  8 20  1  0  0  0  0
  9 21  1  6  0  0  0
  9  4  1  0  0  0  0
  9  8  1  0  0  0  0
 11  1  1  0  0  0  0
 13  5  1  0  0  0  0
 17  7  1  0  0  0  0
 19  8  1  0  0  0  0
M  END
