Lattice="12.83180278 0.0 0.0 0.0 17.83494968 0.0 0.0 0.0 13.12705295" Properties=species:S:1:pos:R:3:GW_charged:R:1:dKS_charged:R:1:dKS_neutral:R:1 pbc="T T T"
 OpenBabel12102410123D
Lattice="12.83180278 0.0 0.0 0.0 17.83494968 0.0 0.0 0.0 13.12705295" Properties=species:S:1:pos:R:3:GW_charged:R:1:dKS_charged:R:1:dKS_neutral:R:1 pbc="T T T"
 21 22  0  0  1  0  0  0  0  0999 V2000
    5.1120    5.5690    6.5443 C   0  0  0  0  0  0  0  0  0  0  0  0
    5.0739    6.7792    6.5516 C   0  0  0  0  0  0  0  0  0  0  0  0
    5.0676    8.2346    6.5604 C   0  0  0  0  0  0  0  0  0  0  0  0
    6.4833    8.8459    6.5462 C   0  0  0  0  0  0  0  0  0  0  0  0
    6.4650   10.3537    6.5559 C   0  0  1  0  0  0  0  0  0  0  0  0
    5.8572   11.2994    7.6445 C   0  0  0  0  0  0  0  0  0  0  0  0
    6.4671   12.2387    6.5677 C   0  0  1  0  0  0  0  0  0  0  0  0
    7.7053   11.3008    6.5472 C   0  0  0  0  0  0  0  0  0  0  0  0
    5.8318   11.3129    5.4940 C   0  0  0  0  0  0  0  0  0  0  0  0
    5.1349    4.5000    6.5385 H   0  0  0  0  0  0  0  0  0  0  0  0
    4.5000    8.6004    5.6893 H   0  0  0  0  0  0  0  0  0  0  0  0
    4.5225    8.5896    7.4502 H   0  0  0  0  0  0  0  0  0  0  0  0
    7.0453    8.4798    7.4192 H   0  0  0  0  0  0  0  0  0  0  0  0
    7.0228    8.4909    5.6546 H   0  0  0  0  0  0  0  0  0  0  0  0
    4.7621   11.3062    7.7367 H   0  0  0  0  0  0  0  0  0  0  0  0
    6.3494   11.2893    8.6271 H   0  0  0  0  0  0  0  0  0  0  0  0
    6.4679   13.3349    6.5746 H   0  0  0  0  0  0  0  0  0  0  0  0
    8.3318   11.2900    7.4502 H   0  0  0  0  0  0  0  0  0  0  0  0
    8.3103   11.3014    5.6297 H   0  0  0  0  0  0  0  0  0  0  0  0
    6.3008   11.3152    4.5000 H   0  0  0  0  0  0  0  0  0  0  0  0
    4.7348   11.3207    5.4277 H   0  0  0  0  0  0  0  0  0  0  0  0
  1  2  3  0  0  0  0
  2  3  1  0  0  0  0
  3 12  1  0  0  0  0
  4  3  1  0  0  0  0
  4 13  1  0  0  0  0
  5  4  1  6  0  0  0
  5  6  1  0  0  0  0
  6 15  1  0  0  0  0
  6 16  1  0  0  0  0
  7 17  1  1  0  0  0
  7  6  1  0  0  0  0
  8  5  1  0  0  0  0
  8  7  1  0  0  0  0
  8 18  1  0  0  0  0
  9  5  1  0  0  0  0
  9  7  1  0  0  0  0
 10  1  1  0  0  0  0
 11  3  1  0  0  0  0
 14  4  1  0  0  0  0
 19  8  1  0  0  0  0
 20  9  1  0  0  0  0
 21  9  1  0  0  0  0
M  END
