Lattice="13.70990347 0.0 0.0 0.0 15.55894624 0.0 0.0 0.0 13.66604138" Properties=species:S:1:pos:R:3:GW_charged:R:1:dKS_charged:R:1:dKS_neutral:R:1 pbc="T T T"
 OpenBabel12102409423D
Lattice="13.70990347 0.0 0.0 0.0 15.55894624 0.0 0.0 0.0 13.66604138" Properties=species:S:1:pos:R:3:GW_charged:R:1:dKS_charged:R:1:dKS_neutral:R:1 pbc="T T T"
 19 19  0  0  0  0  0  0  0  0999 V2000
    7.9081   10.6002    7.1656 C   0  0  0  0  0  0  0  0  0  0  0  0
    7.8741    9.0866    7.0656 C   0  0  0  0  0  0  0  0  0  0  0  0
    8.1832    8.3761    8.3754 C   0  0  0  0  0  0  0  0  0  0  0  0
    6.5132    8.7548    6.6177 O   0  0  0  0  0  0  0  0  0  0  0  0
    6.2864    7.4728    6.3088 C   0  0  0  0  0  0  0  0  0  0  0  0
    5.2885    6.6159    6.6803 C   0  0  0  0  0  0  0  0  0  0  0  0
    5.5135    5.4077    5.9407 C   0  0  0  0  0  0  0  0  0  0  0  0
    6.6313    5.6086    5.1891 C   0  0  0  0  0  0  0  0  0  0  0  0
    7.1205    6.8794    5.3938 O   0  0  0  0  0  0  0  0  0  0  0  0
    8.9122   10.9373    7.4543 H   0  0  0  0  0  0  0  0  0  0  0  0
    7.6516   11.0589    6.2028 H   0  0  0  0  0  0  0  0  0  0  0  0
    7.1935   10.9547    7.9210 H   0  0  0  0  0  0  0  0  0  0  0  0
    8.5687    8.7479    6.2808 H   0  0  0  0  0  0  0  0  0  0  0  0
    8.0949    7.2870    8.2665 H   0  0  0  0  0  0  0  0  0  0  0  0
    9.2099    8.6021    8.6939 H   0  0  0  0  0  0  0  0  0  0  0  0
    7.4938    8.7027    9.1660 H   0  0  0  0  0  0  0  0  0  0  0  0
    4.5000    6.8305    7.3909 H   0  0  0  0  0  0  0  0  0  0  0  0
    4.9212    4.5000    5.9745 H   0  0  0  0  0  0  0  0  0  0  0  0
    7.1968    4.9949    4.5000 H   0  0  0  0  0  0  0  0  0  0  0  0
  1 10  1  0  0  0  0
  1 12  1  0  0  0  0
  2  1  1  0  0  0  0
  2  3  1  0  0  0  0
  3 15  1  0  0  0  0
  3 16  1  0  0  0  0
  4  2  1  0  0  0  0
  5  4  1  0  0  0  0
  5  6  2  0  0  0  0
  6 17  1  0  0  0  0
  7 18  1  0  0  0  0
  7  6  1  0  0  0  0
  8  9  1  0  0  0  0
  8  7  2  0  0  0  0
  9  5  1  0  0  0  0
 11  1  1  0  0  0  0
 13  2  1  0  0  0  0
 14  3  1  0  0  0  0
 19  8  1  0  0  0  0
M  END
