Lattice="12.755252989999999 0.0 0.0 0.0 13.8202371 0.0 0.0 0.0 12.864314929999999" Properties=species:S:1:pos:R:3:GW_charged:R:1:dKS_charged:R:1:dKS_neutral:R:1 pbc="T T T"
 OpenBabel12102409263D
Lattice="12.755252989999999 0.0 0.0 0.0 13.8202371 0.0 0.0 0.0 12.864314929999999" Properties=species:S:1:pos:R:3:GW_charged:R:1:dKS_charged:R:1:dKS_neutral:R:1 pbc="T T T"
 16 17  0  0  1  0  0  0  0  0999 V2000
    5.8970    8.8726    6.4095 C   0  0  0  0  0  0  0  0  0  0  0  0
    5.9623    7.3744    6.3831 C   0  0  2  0  0  0  0  0  0  0  0  0
    5.0598    6.4939    7.2047 C   0  0  0  0  0  0  0  0  0  0  0  0
    6.5498    6.3779    7.3997 C   0  0  1  0  0  0  0  0  0  0  0  0
    7.1586    5.5456    6.2690 C   0  0  0  0  0  0  0  0  0  0  0  0
    6.5585    6.5480    5.2314 C   0  0  0  0  0  0  0  0  0  0  0  0
    6.8640    9.3202    6.1352 H   0  0  0  0  0  0  0  0  0  0  0  0
    5.1424    9.2488    5.7008 H   0  0  0  0  0  0  0  0  0  0  0  0
    5.6260    9.2445    7.4077 H   0  0  0  0  0  0  0  0  0  0  0  0
    4.5247    7.0034    8.0066 H   0  0  0  0  0  0  0  0  0  0  0  0
    4.5000    5.6750    6.7430 H   0  0  0  0  0  0  0  0  0  0  0  0
    7.0142    6.5819    8.3643 H   0  0  0  0  0  0  0  0  0  0  0  0
    8.2553    5.5561    6.2652 H   0  0  0  0  0  0  0  0  0  0  0  0
    6.8207    4.5000    6.2062 H   0  0  0  0  0  0  0  0  0  0  0  0
    5.8387    6.1499    4.5000 H   0  0  0  0  0  0  0  0  0  0  0  0
    7.3417    7.0913    4.6864 H   0  0  0  0  0  0  0  0  0  0  0  0
  1  9  1  0  0  0  0
  2  1  1  1  0  0  0
  2  3  1  0  0  0  0
  2  4  1  0  0  0  0
  3  4  1  0  0  0  0
  3 10  1  0  0  0  0
  4 12  1  1  0  0  0
  5  4  1  0  0  0  0
  6  5  1  0  0  0  0
  6  2  1  0  0  0  0
  7  1  1  0  0  0  0
  8  1  1  0  0  0  0
 11  3  1  0  0  0  0
 13  5  1  0  0  0  0
 14  5  1  0  0  0  0
 15  6  1  0  0  0  0
 16  6  1  0  0  0  0
M  END
