Lattice="12.74998933 0.0 0.0 0.0 14.59372288 0.0 0.0 0.0 12.86118966" Properties=species:S:1:pos:R:3:GW_charged:R:1:dKS_charged:R:1:dKS_neutral:R:1 pbc="T T T"
 OpenBabel12102409263D
Lattice="12.74998933 0.0 0.0 0.0 14.59372288 0.0 0.0 0.0 12.86118966" Properties=species:S:1:pos:R:3:GW_charged:R:1:dKS_charged:R:1:dKS_neutral:R:1 pbc="T T T"
 19 19  0  0  1  0  0  0  0  0999 V2000
    5.5136    9.6914    6.3805 C   0  0  0  0  0  0  0  0  0  0  0  0
    5.5167    8.1721    6.3767 C   0  0  1  0  0  0  0  0  0  0  0  0
    6.5411    7.4303    5.4721 C   0  0  0  0  0  0  0  0  0  0  0  0
    6.7715    6.4044    6.6071 C   0  0  1  0  0  0  0  0  0  0  0  0
    5.9817    5.1102    6.4508 C   0  0  0  0  0  0  0  0  0  0  0  0
    8.1633    6.1332    6.7911 O   0  0  0  0  0  0  0  0  0  0  0  0
    6.1221    7.4219    7.5965 C   0  0  0  0  0  0  0  0  0  0  0  0
    6.5204   10.0867    6.5810 H   0  0  0  0  0  0  0  0  0  0  0  0
    5.1843   10.0937    5.4113 H   0  0  0  0  0  0  0  0  0  0  0  0
    4.8389   10.0890    7.1527 H   0  0  0  0  0  0  0  0  0  0  0  0
    4.5000    7.8011    6.1753 H   0  0  0  0  0  0  0  0  0  0  0  0
    6.2043    7.0463    4.5000 H   0  0  0  0  0  0  0  0  0  0  0  0
    7.4513    8.0283    5.3272 H   0  0  0  0  0  0  0  0  0  0  0  0
    6.3740    4.5226    5.6095 H   0  0  0  0  0  0  0  0  0  0  0  0
    6.0487    4.5000    7.3657 H   0  0  0  0  0  0  0  0  0  0  0  0
    4.9161    5.3072    6.2678 H   0  0  0  0  0  0  0  0  0  0  0  0
    8.2500    5.4399    7.4652 H   0  0  0  0  0  0  0  0  0  0  0  0
    6.9057    8.0196    8.0822 H   0  0  0  0  0  0  0  0  0  0  0  0
    5.4368    7.0306    8.3612 H   0  0  0  0  0  0  0  0  0  0  0  0
  1  8  1  0  0  0  0
  1 10  1  0  0  0  0
  2 11  1  6  0  0  0
  2  1  1  0  0  0  0
  2  7  1  0  0  0  0
  3  2  1  0  0  0  0
  3  4  1  0  0  0  0
  4  6  1  1  0  0  0
  4  7  1  0  0  0  0
  5  4  1  0  0  0  0
  5 15  1  0  0  0  0
  6 17  1  0  0  0  0
  7 18  1  0  0  0  0
  7 19  1  0  0  0  0
  9  1  1  0  0  0  0
 12  3  1  0  0  0  0
 13  3  1  0  0  0  0
 14  5  1  0  0  0  0
 16  5  1  0  0  0  0
M  END
