Lattice="11.71219289 0.0 0.0 0.0 12.63589241 0.0 0.0 0.0 13.716199920000001" Properties=species:S:1:pos:R:3:GW_charged:R:1:dKS_charged:R:1:dKS_neutral:R:1 pbc="T T T"
 OpenBabel12102409313D
Lattice="11.71219289 0.0 0.0 0.0 12.63589241 0.0 0.0 0.0 13.716199920000001" Properties=species:S:1:pos:R:3:GW_charged:R:1:dKS_charged:R:1:dKS_neutral:R:1 pbc="T T T"
 15 14  0  0  1  0  0  0  0  0999 V2000
    5.2691    7.5964    5.7804 C   0  0  0  0  0  0  0  0  0  0  0  0
    5.5361    6.0942    5.6369 C   0  0  1  0  0  0  0  0  0  0  0  0
    6.3339    5.8426    4.5000 O   0  0  0  0  0  0  0  0  0  0  0  0
    6.1847    5.4810    6.8715 C   0  0  0  0  0  0  0  0  0  0  0  0
    7.2122    4.8218    6.7557 O   0  0  0  0  0  0  0  0  0  0  0  0
    5.5671    5.6524    8.2435 C   0  0  0  0  0  0  0  0  0  0  0  0
    6.2441    4.8991    9.2162 O   0  0  0  0  0  0  0  0  0  0  0  0
    6.1987    8.1359    6.0034 H   0  0  0  0  0  0  0  0  0  0  0  0
    4.8702    7.9748    4.8318 H   0  0  0  0  0  0  0  0  0  0  0  0
    4.5333    7.8047    6.5687 H   0  0  0  0  0  0  0  0  0  0  0  0
    4.5589    5.5760    5.5261 H   0  0  0  0  0  0  0  0  0  0  0  0
    7.0597    5.2632    4.8120 H   0  0  0  0  0  0  0  0  0  0  0  0
    5.5864    6.7313    8.4956 H   0  0  0  0  0  0  0  0  0  0  0  0
    4.5000    5.3652    8.1972 H   0  0  0  0  0  0  0  0  0  0  0  0
    7.0063    4.5000    8.7474 H   0  0  0  0  0  0  0  0  0  0  0  0
  1  8  1  0  0  0  0
  1 10  1  0  0  0  0
  2 11  1  6  0  0  0
  2  1  1  0  0  0  0
  2  4  1  0  0  0  0
  3 12  1  0  0  0  0
  3  2  1  0  0  0  0
  4  6  1  0  0  0  0
  5  4  2  0  0  0  0
  6 13  1  0  0  0  0
  6  7  1  0  0  0  0
  9  1  1  0  0  0  0
 14  6  1  0  0  0  0
 15  7  1  0  0  0  0
M  END
