Lattice="12.81289492 0.0 0.0 0.0 15.55523218 0.0 0.0 0.0 13.51861976" Properties=species:S:1:pos:R:3:GW_charged:R:1:dKS_charged:R:1:dKS_neutral:R:1 pbc="T T T"
 OpenBabel12102409403D
Lattice="12.81289492 0.0 0.0 0.0 15.55523218 0.0 0.0 0.0 13.51861976" Properties=species:S:1:pos:R:3:GW_charged:R:1:dKS_charged:R:1:dKS_neutral:R:1 pbc="T T T"
 26 25  0  0  0  0  0  0  0  0999 V2000
    7.3180    9.4445    5.1230 C   0  0  0  0  0  0  0  0  0  0  0  0
    7.0469    9.0349    6.5775 C   0  0  0  0  0  0  0  0  0  0  0  0
    6.6545   10.2614    7.4116 C   0  0  0  0  0  0  0  0  0  0  0  0
    5.9695    7.9273    6.6848 C   0  0  0  0  0  0  0  0  0  0  0  0
    6.4464    6.4578    6.8308 C   0  0  0  0  0  0  0  0  0  0  0  0
    7.1744    6.2676    8.1746 C   0  0  0  0  0  0  0  0  0  0  0  0
    5.1975    5.5572    6.8140 C   0  0  0  0  0  0  0  0  0  0  0  0
    7.3773    6.0350    5.6806 C   0  0  0  0  0  0  0  0  0  0  0  0
    8.1179   10.1966    5.0636 H   0  0  0  0  0  0  0  0  0  0  0  0
    7.6163    8.5918    4.5000 H   0  0  0  0  0  0  0  0  0  0  0  0
    6.4155    9.8847    4.6712 H   0  0  0  0  0  0  0  0  0  0  0  0
    7.9905    8.6464    6.9969 H   0  0  0  0  0  0  0  0  0  0  0  0
    6.5345   10.0003    8.4726 H   0  0  0  0  0  0  0  0  0  0  0  0
    7.4122   11.0552    7.3428 H   0  0  0  0  0  0  0  0  0  0  0  0
    5.6995   10.6844    7.0629 H   0  0  0  0  0  0  0  0  0  0  0  0
    5.3270    8.1380    7.5556 H   0  0  0  0  0  0  0  0  0  0  0  0
    5.3048    7.9936    5.8064 H   0  0  0  0  0  0  0  0  0  0  0  0
    6.5212    6.5333    9.0186 H   0  0  0  0  0  0  0  0  0  0  0  0
    7.4842    5.2209    8.3068 H   0  0  0  0  0  0  0  0  0  0  0  0
    8.0792    6.8877    8.2441 H   0  0  0  0  0  0  0  0  0  0  0  0
    4.6576    5.6457    5.8599 H   0  0  0  0  0  0  0  0  0  0  0  0
    5.4687    4.5000    6.9492 H   0  0  0  0  0  0  0  0  0  0  0  0
    4.5000    5.8296    7.6197 H   0  0  0  0  0  0  0  0  0  0  0  0
    8.3129    6.6113    5.6751 H   0  0  0  0  0  0  0  0  0  0  0  0
    7.6487    4.9734    5.7756 H   0  0  0  0  0  0  0  0  0  0  0  0
    6.8918    6.1681    4.7029 H   0  0  0  0  0  0  0  0  0  0  0  0
  1  2  1  0  0  0  0
  2  4  1  0  0  0  0
  2 12  1  0  0  0  0
  2  3  1  0  0  0  0
  3 13  1  0  0  0  0
  4  5  1  0  0  0  0
  4 16  1  0  0  0  0
  5  6  1  0  0  0  0
  6 20  1  0  0  0  0
  6 19  1  0  0  0  0
  6 18  1  0  0  0  0
  7  5  1  0  0  0  0
  7 22  1  0  0  0  0
  7 23  1  0  0  0  0
  8 25  1  0  0  0  0
  8  5  1  0  0  0  0
  9  1  1  0  0  0  0
 10  1  1  0  0  0  0
 11  1  1  0  0  0  0
 14  3  1  0  0  0  0
 15  3  1  0  0  0  0
 17  4  1  0  0  0  0
 21  7  1  0  0  0  0
 24  8  1  0  0  0  0
 26  8  1  0  0  0  0
M  END
