Lattice="13.747642670000001 0.0 0.0 0.0 15.51069766 0.0 0.0 0.0 15.57575338" Properties=species:S:1:pos:R:3:GW_charged:R:1:dKS_charged:R:1:dKS_neutral:R:1 pbc="T T T"
 OpenBabel12102409393D
Lattice="13.747642670000001 0.0 0.0 0.0 15.51069766 0.0 0.0 0.0 15.57575338" Properties=species:S:1:pos:R:3:GW_charged:R:1:dKS_charged:R:1:dKS_neutral:R:1 pbc="T T T"
 19 18  0  0  0  0  0  0  0  0999 V2000
    5.4704   10.5755   10.1695 C   0  0  0  0  0  0  0  0  0  0  0  0
    5.5244    9.0485   10.1030 C   0  0  0  0  0  0  0  0  0  0  0  0
    6.2356    8.5257    8.8530 C   0  0  0  0  0  0  0  0  0  0  0  0
    6.2872    6.9865    8.7915 C   0  0  0  0  0  0  0  0  0  0  0  0
    6.9625    6.4761    7.6048 C   0  0  0  0  0  0  0  0  0  0  0  0
    7.5297    6.0826    6.6073 C   0  0  0  0  0  0  0  0  0  0  0  0
    8.2080    5.5992    5.4145 C   0  0  0  0  0  0  0  0  0  0  0  0
    6.4803   11.0107   10.1749 H   0  0  0  0  0  0  0  0  0  0  0  0
    4.9368   10.9940    9.3038 H   0  0  0  0  0  0  0  0  0  0  0  0
    4.9552   10.9219   11.0758 H   0  0  0  0  0  0  0  0  0  0  0  0
    6.0323    8.6581   11.0007 H   0  0  0  0  0  0  0  0  0  0  0  0
    4.5000    8.6415   10.1359 H   0  0  0  0  0  0  0  0  0  0  0  0
    5.7311    8.9013    7.9489 H   0  0  0  0  0  0  0  0  0  0  0  0
    7.2641    8.9180    8.8140 H   0  0  0  0  0  0  0  0  0  0  0  0
    6.7923    6.6019    9.6940 H   0  0  0  0  0  0  0  0  0  0  0  0
    5.2600    6.5851    8.8292 H   0  0  0  0  0  0  0  0  0  0  0  0
    8.2326    4.5000    5.3878 H   0  0  0  0  0  0  0  0  0  0  0  0
    7.7026    5.9422    4.5000 H   0  0  0  0  0  0  0  0  0  0  0  0
    9.2476    5.9555    5.3733 H   0  0  0  0  0  0  0  0  0  0  0  0
  1  8  1  0  0  0  0
  1 10  1  0  0  0  0
  2 12  1  0  0  0  0
  2  1  1  0  0  0  0
  2 11  1  0  0  0  0
  3  2  1  0  0  0  0
  4 16  1  0  0  0  0
  4  3  1  0  0  0  0
  4 15  1  0  0  0  0
  5  4  1  0  0  0  0
  6  5  3  0  0  0  0
  7  6  1  0  0  0  0
  9  1  1  0  0  0  0
 13  3  1  0  0  0  0
 14  3  1  0  0  0  0
 17  7  1  0  0  0  0
 18  7  1  0  0  0  0
 19  7  1  0  0  0  0
M  END
