Lattice="13.39321055 0.0 0.0 0.0 17.64823913 0.0 0.0 0.0 12.6969544" Properties=species:S:1:pos:R:3:GW_charged:R:1:dKS_charged:R:1:dKS_neutral:R:1 pbc="T T T"
 OpenBabel12102410123D
Lattice="13.39321055 0.0 0.0 0.0 17.64823913 0.0 0.0 0.0 12.6969544" Properties=species:S:1:pos:R:3:GW_charged:R:1:dKS_charged:R:1:dKS_neutral:R:1 pbc="T T T"
 21 21  0  0  1  0  0  0  0  0999 V2000
    5.1305    5.5677    7.2847 C   0  0  0  0  0  0  0  0  0  0  0  0
    5.0912    6.7765    7.2264 C   0  0  0  0  0  0  0  0  0  0  0  0
    5.0845    8.2307    7.1555 C   0  0  0  0  0  0  0  0  0  0  0  0
    6.5016    8.8354    7.0942 C   0  0  0  0  0  0  0  0  0  0  0  0
    6.5177   10.3701    7.0670 C   0  0  1  0  0  0  0  0  0  0  0  0
    7.9503   10.9611    7.1611 C   0  0  0  0  0  0  0  0  0  0  0  0
    7.9504   12.2297    6.2767 C   0  0  0  0  0  0  0  0  0  0  0  0
    6.7651   12.0089    5.3720 C   0  0  0  0  0  0  0  0  0  0  0  0
    5.9869   11.0085    5.8010 C   0  0  0  0  0  0  0  0  0  0  0  0
    5.1557    4.5000    7.3359 H   0  0  0  0  0  0  0  0  0  0  0  0
    4.5000    8.5415    6.2745 H   0  0  0  0  0  0  0  0  0  0  0  0
    4.5502    8.6331    8.0326 H   0  0  0  0  0  0  0  0  0  0  0  0
    7.0689    8.4824    7.9691 H   0  0  0  0  0  0  0  0  0  0  0  0
    7.0230    8.4471    6.2056 H   0  0  0  0  0  0  0  0  0  0  0  0
    5.9100   10.7247    7.9237 H   0  0  0  0  0  0  0  0  0  0  0  0
    8.2549   11.1567    8.1970 H   0  0  0  0  0  0  0  0  0  0  0  0
    8.6611   10.2293    6.7473 H   0  0  0  0  0  0  0  0  0  0  0  0
    7.8111   13.1482    6.8738 H   0  0  0  0  0  0  0  0  0  0  0  0
    8.8932   12.3638    5.7264 H   0  0  0  0  0  0  0  0  0  0  0  0
    6.5596   12.6303    4.5000 H   0  0  0  0  0  0  0  0  0  0  0  0
    5.0524   10.7061    5.3274 H   0  0  0  0  0  0  0  0  0  0  0  0
  1 10  1  0  0  0  0
  2  1  3  0  0  0  0
  3  2  1  0  0  0  0
  3 12  1  0  0  0  0
  4  3  1  0  0  0  0
  4 13  1  0  0  0  0
  5  4  1  0  0  0  0
  5  6  1  0  0  0  0
  5 15  1  1  0  0  0
  6 16  1  0  0  0  0
  7 18  1  0  0  0  0
  7  6  1  0  0  0  0
  8  9  2  0  0  0  0
  8  7  1  0  0  0  0
  9  5  1  0  0  0  0
 11  3  1  0  0  0  0
 14  4  1  0  0  0  0
 17  6  1  0  0  0  0
 19  7  1  0  0  0  0
 20  8  1  0  0  0  0
 21  9  1  0  0  0  0
M  END
