Lattice="14.988284530000001 0.0 0.0 0.0 14.01270724 0.0 0.0 0.0 14.36864829" Properties=species:S:1:pos:R:3:GW_charged:R:1:dKS_charged:R:1:dKS_neutral:R:1 pbc="T T T"
 OpenBabel12102409423D
Lattice="14.988284530000001 0.0 0.0 0.0 14.01270724 0.0 0.0 0.0 14.36864829" Properties=species:S:1:pos:R:3:GW_charged:R:1:dKS_charged:R:1:dKS_neutral:R:1 pbc="T T T"
 21 21  0  0  0  0  0  0  0  0999 V2000
    8.6644    9.0863    7.6911 C   0  0  0  0  0  0  0  0  0  0  0  0
    8.7212    7.5475    7.7066 C   0  0  0  0  0  0  0  0  0  0  0  0
    9.4700    7.0231    8.9458 C   0  0  0  0  0  0  0  0  0  0  0  0
    7.3600    6.9412    7.5834 C   0  0  0  0  0  0  0  0  0  0  0  0
    6.7613    6.1376    6.6459 C   0  0  0  0  0  0  0  0  0  0  0  0
    7.3526    5.5998    5.3812 C   0  0  0  0  0  0  0  0  0  0  0  0
    5.4235    5.9042    7.1212 C   0  0  0  0  0  0  0  0  0  0  0  0
    5.3040    6.5739    8.2998 C   0  0  0  0  0  0  0  0  0  0  0  0
    6.4718    7.2138    8.6025 O   0  0  0  0  0  0  0  0  0  0  0  0
    9.6768    9.5127    7.7232 H   0  0  0  0  0  0  0  0  0  0  0  0
    8.1644    9.4545    6.7856 H   0  0  0  0  0  0  0  0  0  0  0  0
    8.1099    9.4656    8.5602 H   0  0  0  0  0  0  0  0  0  0  0  0
    9.2764    7.2208    6.8130 H   0  0  0  0  0  0  0  0  0  0  0  0
   10.4883    7.4342    8.9872 H   0  0  0  0  0  0  0  0  0  0  0  0
    8.9500    7.3141    9.8686 H   0  0  0  0  0  0  0  0  0  0  0  0
    9.5414    5.9276    8.9304 H   0  0  0  0  0  0  0  0  0  0  0  0
    7.3453    4.5000    5.3716 H   0  0  0  0  0  0  0  0  0  0  0  0
    6.7856    5.9342    4.5000 H   0  0  0  0  0  0  0  0  0  0  0  0
    8.3921    5.9240    5.2470 H   0  0  0  0  0  0  0  0  0  0  0  0
    4.6547    5.3102    6.6376 H   0  0  0  0  0  0  0  0  0  0  0  0
    4.5000    6.6950    9.0154 H   0  0  0  0  0  0  0  0  0  0  0  0
  1  2  1  0  0  0  0
  1 10  1  0  0  0  0
  1 12  1  0  0  0  0
  2  3  1  0  0  0  0
  3 14  1  0  0  0  0
  3 15  1  0  0  0  0
  4  2  1  0  0  0  0
  4  9  1  0  0  0  0
  5  7  1  0  0  0  0
  5  4  2  0  0  0  0
  6  5  1  0  0  0  0
  7  8  2  0  0  0  0
  8  9  1  0  0  0  0
  8 21  1  0  0  0  0
 11  1  1  0  0  0  0
 13  2  1  0  0  0  0
 16  3  1  0  0  0  0
 17  6  1  0  0  0  0
 18  6  1  0  0  0  0
 19  6  1  0  0  0  0
 20  7  1  0  0  0  0
M  END
