Lattice="14.946258140000001 0.0 0.0 0.0 13.723015740000001 0.0 0.0 0.0 12.86030807" Properties=species:S:1:pos:R:3:GW_charged:R:1:dKS_charged:R:1:dKS_neutral:R:1 pbc="T T T"
 OpenBabel12102409423D
Lattice="14.946258140000001 0.0 0.0 0.0 13.723015740000001 0.0 0.0 0.0 12.86030807" Properties=species:S:1:pos:R:3:GW_charged:R:1:dKS_charged:R:1:dKS_neutral:R:1 pbc="T T T"
 18 18  0  0  1  0  0  0  0  0999 V2000
    6.0205    8.6665    6.1846 C   0  0  0  0  0  0  0  0  0  0  0  0
    6.2520    7.1614    6.2100 C   0  0  1  0  0  0  0  0  0  0  0  0
    5.0301    6.4476    6.0409 O   0  0  0  0  0  0  0  0  0  0  0  0
    7.4527    6.6963    5.3282 C   0  0  0  0  0  0  0  0  0  0  0  0
    8.3472    6.6754    6.6082 C   0  0  1  0  0  0  0  0  0  0  0  0
    7.0321    6.6593    7.4478 C   0  0  0  0  0  0  0  0  0  0  0  0
    9.2507    5.4899    6.7586 C   0  0  0  0  0  0  0  0  0  0  0  0
   10.4463    5.5359    6.9602 O   0  0  0  0  0  0  0  0  0  0  0  0
    6.9531    9.2230    6.3498 H   0  0  0  0  0  0  0  0  0  0  0  0
    5.6213    8.9809    5.2074 H   0  0  0  0  0  0  0  0  0  0  0  0
    5.3039    8.9552    6.9655 H   0  0  0  0  0  0  0  0  0  0  0  0
    4.5000    6.8984    5.3642 H   0  0  0  0  0  0  0  0  0  0  0  0
    7.2681    5.6795    4.9549 H   0  0  0  0  0  0  0  0  0  0  0  0
    7.7789    7.3382    4.5000 H   0  0  0  0  0  0  0  0  0  0  0  0
    8.9290    7.5959    6.7373 H   0  0  0  0  0  0  0  0  0  0  0  0
    7.0057    7.2671    8.3603 H   0  0  0  0  0  0  0  0  0  0  0  0
    6.7243    5.6315    7.6857 H   0  0  0  0  0  0  0  0  0  0  0  0
    8.7254    4.5000    6.6631 H   0  0  0  0  0  0  0  0  0  0  0  0
  1  2  1  0  0  0  0
  1  9  1  0  0  0  0
  1 11  1  0  0  0  0
  2  3  1  6  0  0  0
  2  6  1  0  0  0  0
  4  2  1  0  0  0  0
  4  5  1  0  0  0  0
  5 15  1  1  0  0  0
  5  7  1  0  0  0  0
  5  6  1  0  0  0  0
  6 17  1  0  0  0  0
  6 16  1  0  0  0  0
  7  8  2  0  0  0  0
 10  1  1  0  0  0  0
 12  3  1  0  0  0  0
 13  4  1  0  0  0  0
 14  4  1  0  0  0  0
 18  7  1  0  0  0  0
M  END
