Lattice="13.474691329999999 0.0 0.0 0.0 13.56700565 0.0 0.0 0.0 13.6156616" Properties=species:S:1:pos:R:3:GW_charged:R:1:dKS_charged:R:1:dKS_neutral:R:1 pbc="T T T"
 OpenBabel12102411063D
Lattice="13.474691329999999 0.0 0.0 0.0 13.56700565 0.0 0.0 0.0 13.6156616" Properties=species:S:1:pos:R:3:GW_charged:R:1:dKS_charged:R:1:dKS_neutral:R:1 pbc="T T T"
 21 23  0  0  1  0  0  0  0  0999 V2000
    5.3123    8.3176    6.4359 C   0  0  0  0  0  0  0  0  0  0  0  0
    6.8563    8.2550    6.2865 C   0  0  1  0  0  0  0  0  0  0  0  0
    7.4694    7.9545    7.6674 C   0  0  0  0  0  0  0  0  0  0  0  0
    7.0770    6.5113    8.0377 C   0  0  2  0  0  0  0  0  0  0  0  0
    7.9167    5.5145    7.2328 C   0  0  0  0  0  0  0  0  0  0  0  0
    7.7166    5.8057    5.7236 C   0  0  0  0  0  0  0  0  0  0  0  0
    6.6532    6.8845    5.5532 C   0  0  1  0  0  0  0  0  0  0  0  0
    5.3617    6.7719    6.4198 C   0  0  1  0  0  0  0  0  0  0  0  0
    5.6833    6.2711    7.7290 O   0  0  0  0  0  0  0  0  0  0  0  0
    4.8969    8.7894    7.3366 H   0  0  0  0  0  0  0  0  0  0  0  0
    4.8220    8.7203    5.5391 H   0  0  0  0  0  0  0  0  0  0  0  0
    7.3717    9.0670    5.7568 H   0  0  0  0  0  0  0  0  0  0  0  0
    8.5671    8.0344    7.6464 H   0  0  0  0  0  0  0  0  0  0  0  0
    7.1037    8.6755    8.4135 H   0  0  0  0  0  0  0  0  0  0  0  0
    7.1696    6.3258    9.1157 H   0  0  0  0  0  0  0  0  0  0  0  0
    8.9747    5.5925    7.5233 H   0  0  0  0  0  0  0  0  0  0  0  0
    7.5833    4.5000    7.4882 H   0  0  0  0  0  0  0  0  0  0  0  0
    8.6541    6.1428    5.2562 H   0  0  0  0  0  0  0  0  0  0  0  0
    7.4169    4.8948    5.1864 H   0  0  0  0  0  0  0  0  0  0  0  0
    6.3873    7.0447    4.5000 H   0  0  0  0  0  0  0  0  0  0  0  0
    4.5000    6.1936    6.0622 H   0  0  0  0  0  0  0  0  0  0  0  0
  1 10  1  0  0  0  0
  2 12  1  6  0  0  0
  2  1  1  0  0  0  0
  2  3  1  0  0  0  0
  3  4  1  0  0  0  0
  3 14  1  0  0  0  0
  4 15  1  1  0  0  0
  5 17  1  0  0  0  0
  5 16  1  0  0  0  0
  5  4  1  0  0  0  0
  6  5  1  0  0  0  0
  7 20  1  6  0  0  0
  7  6  1  0  0  0  0
  7  2  1  0  0  0  0
  7  8  1  0  0  0  0
  8 21  1  6  0  0  0
  8  1  1  0  0  0  0
  8  9  1  0  0  0  0
  9  4  1  0  0  0  0
 11  1  1  0  0  0  0
 13  3  1  0  0  0  0
 18  6  1  0  0  0  0
 19  6  1  0  0  0  0
M  END
