Lattice="13.23136822 0.0 0.0 0.0 15.65855746 0.0 0.0 0.0 13.27568146" Properties=species:S:1:pos:R:3:GW_charged:R:1:dKS_charged:R:1:dKS_neutral:R:1 pbc="T T T"
 OpenBabel12102409453D
Lattice="13.23136822 0.0 0.0 0.0 15.65855746 0.0 0.0 0.0 13.27568146" Properties=species:S:1:pos:R:3:GW_charged:R:1:dKS_charged:R:1:dKS_neutral:R:1 pbc="T T T"
 21 22  0  0  1  0  0  0  0  0999 V2000
    6.7302    5.5689    6.6687 C   0  0  0  0  0  0  0  0  0  0  0  0
    6.7011    6.7805    6.6623 C   0  0  0  0  0  0  0  0  0  0  0  0
    6.6710    8.2281    6.6623 C   0  0  1  0  0  0  0  0  0  0  0  0
    5.8803    8.8534    7.8509 C   0  0  0  0  0  0  0  0  0  0  0  0
    5.5823   10.3014    7.3607 C   0  0  0  0  0  0  0  0  0  0  0  0
    6.2381   10.3473    5.9636 C   0  0  1  0  0  0  0  0  0  0  0  0
    7.7717   10.3470    6.1425 C   0  0  0  0  0  0  0  0  0  0  0  0
    8.0773    8.8990    6.6280 C   0  0  0  0  0  0  0  0  0  0  0  0
    5.9825    8.9188    5.4511 C   0  0  0  0  0  0  0  0  0  0  0  0
    6.7536    4.5000    6.6718 H   0  0  0  0  0  0  0  0  0  0  0  0
    4.9581    8.2857    8.0284 H   0  0  0  0  0  0  0  0  0  0  0  0
    6.4705    8.8194    8.7757 H   0  0  0  0  0  0  0  0  0  0  0  0
    4.5000   10.4765    7.2908 H   0  0  0  0  0  0  0  0  0  0  0  0
    5.9938   11.0683    8.0308 H   0  0  0  0  0  0  0  0  0  0  0  0
    5.8663   11.1586    5.3258 H   0  0  0  0  0  0  0  0  0  0  0  0
    8.2768   10.5555    5.1894 H   0  0  0  0  0  0  0  0  0  0  0  0
    8.0998   11.1119    6.8592 H   0  0  0  0  0  0  0  0  0  0  0  0
    8.5536    8.8623    7.6162 H   0  0  0  0  0  0  0  0  0  0  0  0
    8.7314    8.3642    5.9277 H   0  0  0  0  0  0  0  0  0  0  0  0
    6.4822    8.6905    4.5000 H   0  0  0  0  0  0  0  0  0  0  0  0
    4.9187    8.6581    5.3702 H   0  0  0  0  0  0  0  0  0  0  0  0
  1 10  1  0  0  0  0
  2  1  3  0  0  0  0
  3  2  1  6  0  0  0
  3  4  1  0  0  0  0
  4 11  1  0  0  0  0
  4 12  1  0  0  0  0
  5  4  1  0  0  0  0
  5 14  1  0  0  0  0
  6 15  1  6  0  0  0
  6  7  1  0  0  0  0
  6  5  1  0  0  0  0
  7  8  1  0  0  0  0
  7 17  1  0  0  0  0
  8  3  1  0  0  0  0
  8 18  1  0  0  0  0
  9  6  1  0  0  0  0
  9  3  1  0  0  0  0
 13  5  1  0  0  0  0
 16  7  1  0  0  0  0
 19  8  1  0  0  0  0
 20  9  1  0  0  0  0
 21  9  1  0  0  0  0
M  END
