Lattice="13.20718443 0.0 0.0 0.0 13.427296479999999 0.0 0.0 0.0 15.81052965" Properties=species:S:1:pos:R:3:GW_charged:R:1:dKS_charged:R:1:dKS_neutral:R:1 pbc="T T T"
 OpenBabel12102411083D
Lattice="13.20718443 0.0 0.0 0.0 13.427296479999999 0.0 0.0 0.0 15.81052965" Properties=species:S:1:pos:R:3:GW_charged:R:1:dKS_charged:R:1:dKS_neutral:R:1 pbc="T T T"
 25 25  0  0  0  0  0  0  0  0999 V2000
    7.3262    7.9379    9.5607 C   0  0  0  0  0  0  0  0  0  0  0  0
    6.8656    6.4937    9.3260 C   0  0  0  0  0  0  0  0  0  0  0  0
    7.6218    5.5331   10.2565 C   0  0  0  0  0  0  0  0  0  0  0  0
    5.4457    6.3846    9.5943 O   0  0  0  0  0  0  0  0  0  0  0  0
    7.0552    6.0295    7.8650 C   0  0  0  0  0  0  0  0  0  0  0  0
    6.5804    6.9355    6.7358 C   0  0  0  0  0  0  0  0  0  0  0  0
    5.0976    7.2553    6.6802 C   0  0  0  0  0  0  0  0  0  0  0  0
    7.5428    7.9835    6.2154 C   0  0  0  0  0  0  0  0  0  0  0  0
    7.2772    6.7370    5.4054 C   0  0  0  0  0  0  0  0  0  0  0  0
    8.3917    8.0626    9.3230 H   0  0  0  0  0  0  0  0  0  0  0  0
    6.7538    8.6398    8.9437 H   0  0  0  0  0  0  0  0  0  0  0  0
    7.1894    8.2138   10.6174 H   0  0  0  0  0  0  0  0  0  0  0  0
    7.4354    5.7891   11.3105 H   0  0  0  0  0  0  0  0  0  0  0  0
    7.2880    4.5000   10.0926 H   0  0  0  0  0  0  0  0  0  0  0  0
    8.7072    5.5802   10.0902 H   0  0  0  0  0  0  0  0  0  0  0  0
    5.3004    6.6611   10.5131 H   0  0  0  0  0  0  0  0  0  0  0  0
    8.1292    5.8342    7.7203 H   0  0  0  0  0  0  0  0  0  0  0  0
    6.5494    5.0534    7.7776 H   0  0  0  0  0  0  0  0  0  0  0  0
    4.7690    7.8285    7.5561 H   0  0  0  0  0  0  0  0  0  0  0  0
    4.8597    7.8358    5.7779 H   0  0  0  0  0  0  0  0  0  0  0  0
    4.5000    6.3324    6.6568 H   0  0  0  0  0  0  0  0  0  0  0  0
    7.1286    8.9273    5.8613 H   0  0  0  0  0  0  0  0  0  0  0  0
    8.5160    8.0802    6.6953 H   0  0  0  0  0  0  0  0  0  0  0  0
    8.0680    5.9895    5.3431 H   0  0  0  0  0  0  0  0  0  0  0  0
    6.6781    6.8285    4.5000 H   0  0  0  0  0  0  0  0  0  0  0  0
  1 12  1  0  0  0  0
  2  1  1  0  0  0  0
  2  4  1  0  0  0  0
  2  3  1  0  0  0  0
  3 13  1  0  0  0  0
  4 16  1  0  0  0  0
  5  2  1  0  0  0  0
  6  5  1  0  0  0  0
  7  6  1  0  0  0  0
  7 19  1  0  0  0  0
  8 23  1  0  0  0  0
  8  6  1  0  0  0  0
  9  8  1  0  0  0  0
  9  6  1  0  0  0  0
 10  1  1  0  0  0  0
 11  1  1  0  0  0  0
 14  3  1  0  0  0  0
 15  3  1  0  0  0  0
 17  5  1  0  0  0  0
 18  5  1  0  0  0  0
 20  7  1  0  0  0  0
 21  7  1  0  0  0  0
 22  8  1  0  0  0  0
 24  9  1  0  0  0  0
 25  9  1  0  0  0  0
M  END
