Lattice="13.17716651 0.0 0.0 0.0 13.74116819 0.0 0.0 0.0 13.2021695" Properties=species:S:1:pos:R:3:GW_charged:R:1:dKS_charged:R:1:dKS_neutral:R:1 pbc="T T T"
 OpenBabel12102409333D
Lattice="13.17716651 0.0 0.0 0.0 13.74116819 0.0 0.0 0.0 13.2021695" Properties=species:S:1:pos:R:3:GW_charged:R:1:dKS_charged:R:1:dKS_neutral:R:1 pbc="T T T"
 17 17  0  0  1  0  0  0  0  0999 V2000
    7.6431    8.6213    6.3727 C   0  0  0  0  0  0  0  0  0  0  0  0
    7.5843    7.1430    6.7679 C   0  0  1  0  0  0  0  0  0  0  0  0
    8.1516    6.9303    8.0654 O   0  0  0  0  0  0  0  0  0  0  0  0
    6.1732    6.5755    6.7165 C   0  0  0  0  0  0  0  0  0  0  0  0
    5.3180    7.1141    7.7162 O   0  0  0  0  0  0  0  0  0  0  0  0
    5.5644    6.1547    5.4052 C   0  0  0  0  0  0  0  0  0  0  0  0
    5.9605    5.1204    6.4458 C   0  0  0  0  0  0  0  0  0  0  0  0
    8.6772    8.9821    6.4305 H   0  0  0  0  0  0  0  0  0  0  0  0
    7.2757    8.7728    5.3476 H   0  0  0  0  0  0  0  0  0  0  0  0
    7.0412    9.2412    7.0542 H   0  0  0  0  0  0  0  0  0  0  0  0
    8.2116    6.5639    6.0714 H   0  0  0  0  0  0  0  0  0  0  0  0
    7.4351    7.1003    8.7022 H   0  0  0  0  0  0  0  0  0  0  0  0
    5.0455    8.0018    7.4316 H   0  0  0  0  0  0  0  0  0  0  0  0
    4.5000    6.3407    5.2689 H   0  0  0  0  0  0  0  0  0  0  0  0
    6.1647    6.2453    4.5000 H   0  0  0  0  0  0  0  0  0  0  0  0
    6.8365    4.5000    6.2638 H   0  0  0  0  0  0  0  0  0  0  0  0
    5.1557    4.6355    6.9947 H   0  0  0  0  0  0  0  0  0  0  0  0
  1  8  1  0  0  0  0
  1  2  1  0  0  0  0
  1 10  1  0  0  0  0
  2 11  1  6  0  0  0
  2  3  1  0  0  0  0
  3 12  1  0  0  0  0
  4  2  1  0  0  0  0
  4  5  1  0  0  0  0
  6  7  1  0  0  0  0
  6  4  1  0  0  0  0
  7  4  1  0  0  0  0
  7 17  1  0  0  0  0
  9  1  1  0  0  0  0
 13  5  1  0  0  0  0
 14  6  1  0  0  0  0
 15  6  1  0  0  0  0
 16  7  1  0  0  0  0
M  END
