Lattice="14.99441992 0.0 0.0 0.0 13.54943559 0.0 0.0 0.0 12.8296804" Properties=species:S:1:pos:R:3:GW_charged:R:1:dKS_charged:R:1:dKS_neutral:R:1 pbc="T T T"
 OpenBabel12102409263D
Lattice="14.99441992 0.0 0.0 0.0 13.54943559 0.0 0.0 0.0 12.8296804" Properties=species:S:1:pos:R:3:GW_charged:R:1:dKS_charged:R:1:dKS_neutral:R:1 pbc="T T T"
 21 21  0  0  0  0  0  0  0  0999 V2000
    5.2995    8.0549    5.9285 C   0  0  0  0  0  0  0  0  0  0  0  0
    6.3216    6.9618    6.1906 C   0  0  0  0  0  0  0  0  0  0  0  0
    7.6156    6.9267    5.3318 C   0  0  0  0  0  0  0  0  0  0  0  0
    8.4447    6.5879    6.6130 C   0  0  0  0  0  0  0  0  0  0  0  0
    8.6954    5.0847    6.7568 C   0  0  0  0  0  0  0  0  0  0  0  0
    9.7381    7.3718    6.8053 C   0  0  0  0  0  0  0  0  0  0  0  0
    7.2170    7.0634    7.4559 C   0  0  0  0  0  0  0  0  0  0  0  0
    5.7700    9.0494    5.9527 H   0  0  0  0  0  0  0  0  0  0  0  0
    4.8267    7.9345    4.9425 H   0  0  0  0  0  0  0  0  0  0  0  0
    4.5000    8.0467    6.6840 H   0  0  0  0  0  0  0  0  0  0  0  0
    5.8237    5.9807    6.1603 H   0  0  0  0  0  0  0  0  0  0  0  0
    7.6604    6.2097    4.5000 H   0  0  0  0  0  0  0  0  0  0  0  0
    7.8653    7.9256    4.9434 H   0  0  0  0  0  0  0  0  0  0  0  0
    9.4237    4.7351    6.0096 H   0  0  0  0  0  0  0  0  0  0  0  0
    9.0966    4.8474    7.7536 H   0  0  0  0  0  0  0  0  0  0  0  0
    7.7743    4.5000    6.6217 H   0  0  0  0  0  0  0  0  0  0  0  0
    9.5689    8.4533    6.7038 H   0  0  0  0  0  0  0  0  0  0  0  0
   10.1674    7.1918    7.8029 H   0  0  0  0  0  0  0  0  0  0  0  0
   10.4944    7.0795    6.0607 H   0  0  0  0  0  0  0  0  0  0  0  0
    7.3328    8.1082    7.7814 H   0  0  0  0  0  0  0  0  0  0  0  0
    6.9418    6.4562    8.3297 H   0  0  0  0  0  0  0  0  0  0  0  0
  1  8  1  0  0  0  0
  1  2  1  0  0  0  0
  1 10  1  0  0  0  0
  2  7  1  0  0  0  0
  3  2  1  0  0  0  0
  3  4  1  0  0  0  0
  4  5  1  0  0  0  0
  4  6  1  0  0  0  0
  4  7  1  0  0  0  0
  5 15  1  0  0  0  0
  6 18  1  0  0  0  0
  7 20  1  0  0  0  0
  7 21  1  0  0  0  0
  9  1  1  0  0  0  0
 11  2  1  0  0  0  0
 12  3  1  0  0  0  0
 13  3  1  0  0  0  0
 14  5  1  0  0  0  0
 16  5  1  0  0  0  0
 17  6  1  0  0  0  0
 19  6  1  0  0  0  0
M  END
