Lattice="13.04393048 0.0 0.0 0.0 15.078115539999999 0.0 0.0 0.0 12.68668766" Properties=species:S:1:pos:R:3:GW_charged:R:1:dKS_charged:R:1:dKS_neutral:R:1 pbc="T T T"
 OpenBabel12102409393D
Lattice="13.04393048 0.0 0.0 0.0 15.078115539999999 0.0 0.0 0.0 12.68668766" Properties=species:S:1:pos:R:3:GW_charged:R:1:dKS_charged:R:1:dKS_neutral:R:1 pbc="T T T"
 19 19  0  0  1  0  0  0  0  0999 V2000
    5.7483   10.1000    7.2833 C   0  0  0  0  0  0  0  0  0  0  0  0
    5.5722    8.5797    7.2457 C   0  0  0  0  0  0  0  0  0  0  0  0
    6.1984    7.9563    6.0143 C   0  0  1  0  0  0  0  0  0  0  0  0
    7.6542    8.1029    5.9713 O   0  0  0  0  0  0  0  0  0  0  0  0
    7.8015    6.7174    5.5619 C   0  0  0  0  0  0  0  0  0  0  0  0
    6.3182    6.4127    5.8547 C   0  0  1  0  0  0  0  0  0  0  0  0
    6.0556    5.5430    7.0766 C   0  0  0  0  0  0  0  0  0  0  0  0
    6.8126   10.3693    7.2764 H   0  0  0  0  0  0  0  0  0  0  0  0
    5.2767   10.5781    6.4125 H   0  0  0  0  0  0  0  0  0  0  0  0
    5.2965   10.5305    8.1867 H   0  0  0  0  0  0  0  0  0  0  0  0
    6.0111    8.1301    8.1488 H   0  0  0  0  0  0  0  0  0  0  0  0
    4.5000    8.3205    7.2495 H   0  0  0  0  0  0  0  0  0  0  0  0
    5.7588    8.4188    5.1086 H   0  0  0  0  0  0  0  0  0  0  0  0
    8.0912    6.6379    4.5000 H   0  0  0  0  0  0  0  0  0  0  0  0
    8.5439    6.1871    6.1796 H   0  0  0  0  0  0  0  0  0  0  0  0
    5.7594    6.0254    4.9921 H   0  0  0  0  0  0  0  0  0  0  0  0
    6.6416    5.8725    7.9457 H   0  0  0  0  0  0  0  0  0  0  0  0
    4.9943    5.5516    7.3621 H   0  0  0  0  0  0  0  0  0  0  0  0
    6.3334    4.5000    6.8679 H   0  0  0  0  0  0  0  0  0  0  0  0
  1 10  1  0  0  0  0
  2 12  1  0  0  0  0
  2  1  1  0  0  0  0
  2 11  1  0  0  0  0
  3 13  1  6  0  0  0
  3  2  1  0  0  0  0
  4  3  1  0  0  0  0
  5  6  1  0  0  0  0
  5  4  1  0  0  0  0
  5 15  1  0  0  0  0
  6 16  1  6  0  0  0
  6  3  1  0  0  0  0
  6  7  1  0  0  0  0
  7 18  1  0  0  0  0
  7 17  1  0  0  0  0
  8  1  1  0  0  0  0
  9  1  1  0  0  0  0
 14  5  1  0  0  0  0
 19  7  1  0  0  0  0
M  END
