Lattice="12.662219279999999 0.0 0.0 0.0 13.6549845 0.0 0.0 0.0 12.28224462" Properties=species:S:1:pos:R:3:GW_charged:R:1:dKS_charged:R:1:dKS_neutral:R:1 pbc="T T T"
 OpenBabel12102409263D
Lattice="12.662219279999999 0.0 0.0 0.0 13.6549845 0.0 0.0 0.0 12.28224462" Properties=species:S:1:pos:R:3:GW_charged:R:1:dKS_charged:R:1:dKS_neutral:R:1 pbc="T T T"
 14 13  0  0  1  0  0  0  0  0999 V2000
    5.7178    8.5572    6.9532 C   0  0  0  0  0  0  0  0  0  0  0  0
    5.4980    7.1736    6.7271 O   0  0  0  0  0  0  0  0  0  0  0  0
    6.1482    6.6604    5.5702 C   0  0  1  0  0  0  0  0  0  0  0  0
    7.6635    6.5143    5.7020 C   0  0  0  0  0  0  0  0  0  0  0  0
    5.4643    5.3287    5.2699 C   0  0  0  0  0  0  0  0  0  0  0  0
    5.8952    4.5000    4.5000 O   0  0  0  0  0  0  0  0  0  0  0  0
    6.7619    8.7775    7.2327 H   0  0  0  0  0  0  0  0  0  0  0  0
    5.4568    9.1550    6.0607 H   0  0  0  0  0  0  0  0  0  0  0  0
    5.0633    8.8494    7.7822 H   0  0  0  0  0  0  0  0  0  0  0  0
    5.9184    7.3141    4.6984 H   0  0  0  0  0  0  0  0  0  0  0  0
    8.0506    5.9639    4.8354 H   0  0  0  0  0  0  0  0  0  0  0  0
    8.1622    7.4902    5.7426 H   0  0  0  0  0  0  0  0  0  0  0  0
    7.9110    5.9515    6.6116 H   0  0  0  0  0  0  0  0  0  0  0  0
    4.5000    5.1880    5.8195 H   0  0  0  0  0  0  0  0  0  0  0  0
  1  7  1  0  0  0  0
  1  9  1  0  0  0  0
  2  1  1  0  0  0  0
  3 10  1  6  0  0  0
  3  4  1  0  0  0  0
  3  2  1  0  0  0  0
  4 12  1  0  0  0  0
  4 13  1  0  0  0  0
  5  3  1  0  0  0  0
  5 14  1  0  0  0  0
  6  5  2  0  0  0  0
  8  1  1  0  0  0  0
 11  4  1  0  0  0  0
M  END
