Lattice="13.9386207 0.0 0.0 0.0 12.40357123 0.0 0.0 0.0 13.07025746" Properties=species:S:1:pos:R:3:GW_charged:R:1:dKS_charged:R:1:dKS_neutral:R:1 pbc="T T T"
 OpenBabel12102409273D
Lattice="13.9386207 0.0 0.0 0.0 12.40357123 0.0 0.0 0.0 13.07025746" Properties=species:S:1:pos:R:3:GW_charged:R:1:dKS_charged:R:1:dKS_neutral:R:1 pbc="T T T"
 17 17  0  0  1  0  0  0  0  0999 V2000
    6.1999    7.4406    6.4798 C   0  0  0  0  0  0  0  0  0  0  0  0
    6.3132    5.9146    6.4778 C   0  0  1  0  0  0  0  0  0  0  0  0
    5.0042    5.3176    6.4592 O   0  0  0  0  0  0  0  0  0  0  0  0
    7.2161    5.4278    5.2988 C   0  0  0  0  0  0  0  0  0  0  0  0
    8.5318    5.1113    5.9541 C   0  0  0  0  0  0  0  0  0  0  0  0
    8.4325    5.0991    7.2894 C   0  0  0  0  0  0  0  0  0  0  0  0
    7.0366    5.4049    7.7535 C   0  0  0  0  0  0  0  0  0  0  0  0
    7.1952    7.9036    6.5405 H   0  0  0  0  0  0  0  0  0  0  0  0
    5.7222    7.8007    5.5551 H   0  0  0  0  0  0  0  0  0  0  0  0
    5.6028    7.7804    7.3366 H   0  0  0  0  0  0  0  0  0  0  0  0
    4.5000    5.7258    5.7376 H   0  0  0  0  0  0  0  0  0  0  0  0
    6.7723    4.5271    4.8420 H   0  0  0  0  0  0  0  0  0  0  0  0
    7.2987    6.1822    4.5000 H   0  0  0  0  0  0  0  0  0  0  0  0
    9.4386    4.8873    5.3920 H   0  0  0  0  0  0  0  0  0  0  0  0
    9.2472    4.8650    7.9745 H   0  0  0  0  0  0  0  0  0  0  0  0
    6.9979    6.1419    8.5703 H   0  0  0  0  0  0  0  0  0  0  0  0
    6.5264    4.5000    8.1231 H   0  0  0  0  0  0  0  0  0  0  0  0
  1  8  1  0  0  0  0
  1 10  1  0  0  0  0
  2  3  1  6  0  0  0
  2  1  1  0  0  0  0
  2  7  1  0  0  0  0
  4  5  1  0  0  0  0
  4  2  1  0  0  0  0
  5  6  2  0  0  0  0
  6  7  1  0  0  0  0
  6 15  1  0  0  0  0
  7 17  1  0  0  0  0
  7 16  1  0  0  0  0
  9  1  1  0  0  0  0
 11  3  1  0  0  0  0
 12  4  1  0  0  0  0
 13  4  1  0  0  0  0
 14  5  1  0  0  0  0
M  END
