Lattice="14.93323308 0.0 0.0 0.0 9.0 0.0 0.0 0.0 9.0" Properties=species:S:1:pos:R:3:GW_charged:R:1:dKS_charged:R:1:dKS_neutral:R:1 pbc="T T T"
 OpenBabel12102409263D
Lattice="14.93323308 0.0 0.0 0.0 9.0 0.0 0.0 0.0 9.0" Properties=species:S:1:pos:R:3:GW_charged:R:1:dKS_charged:R:1:dKS_neutral:R:1 pbc="T T T"
  6  5  0  0  0  0  0  0  0  0999 V2000
    8.1468    4.5000    4.5000 C   0  0  0  0  0  0  0  0  0  0  0  0
    6.7864    4.5000    4.5000 C   0  0  0  0  0  0  0  0  0  0  0  0
    5.5695    4.5000    4.5000 C   0  0  0  0  0  0  0  0  0  0  0  0
    9.3637    4.5000    4.5000 C   0  0  0  0  0  0  0  0  0  0  0  0
    4.5000    4.5000    4.5000 H   0  0  0  0  0  0  0  0  0  0  0  0
   10.4332    4.5000    4.5000 H   0  0  0  0  0  0  0  0  0  0  0  0
  1  2  1  0  0  0  0
  1  4  3  0  0  0  0
  2  3  3  0  0  0  0
  3  5  1  0  0  0  0
  4  6  1  0  0  0  0
M  END
