Lattice="15.41400681 0.0 0.0 0.0 14.79264987 0.0 0.0 0.0 13.09277504" Properties=species:S:1:pos:R:3:GW_charged:R:1:dKS_charged:R:1:dKS_neutral:R:1 pbc="T T T"
 OpenBabel12102410123D
Lattice="15.41400681 0.0 0.0 0.0 14.79264987 0.0 0.0 0.0 13.09277504" Properties=species:S:1:pos:R:3:GW_charged:R:1:dKS_charged:R:1:dKS_neutral:R:1 pbc="T T T"
 23 25  0  0  1  0  0  0  0  0999 V2000
    6.7033    7.7182    6.2606 C   0  0  0  0  0  0  0  0  0  0  0  0
    6.5957    6.2082    6.2598 C   0  0  0  0  0  0  0  0  0  0  0  0
    6.5544    5.4502    7.5645 C   0  0  0  0  0  0  0  0  0  0  0  0
    5.3223    5.5267    6.6935 C   0  0  0  0  0  0  0  0  0  0  0  0
    8.1197    8.2137    6.4314 C   0  0  1  0  0  0  0  0  0  0  0  0
    9.3491    7.9238    5.5088 C   0  0  0  0  0  0  0  0  0  0  0  0
    9.8867    8.8368    6.6450 C   0  0  1  0  0  0  0  0  0  0  0  0
    8.6049    9.6970    6.4673 C   0  0  0  0  0  0  0  0  0  0  0  0
    9.0788    7.9589    7.6397 C   0  0  0  0  0  0  0  0  0  0  0  0
    6.2925    8.1237    5.3201 H   0  0  0  0  0  0  0  0  0  0  0  0
    6.0810    8.1322    7.0724 H   0  0  0  0  0  0  0  0  0  0  0  0
    7.1401    5.7198    5.4486 H   0  0  0  0  0  0  0  0  0  0  0  0
    7.0817    4.5000    7.6335 H   0  0  0  0  0  0  0  0  0  0  0  0
    6.5645    6.0334    8.4851 H   0  0  0  0  0  0  0  0  0  0  0  0
    4.5000    6.1585    7.0294 H   0  0  0  0  0  0  0  0  0  0  0  0
    5.0068    4.6284    6.1650 H   0  0  0  0  0  0  0  0  0  0  0  0
    9.7175    6.8885    5.4946 H   0  0  0  0  0  0  0  0  0  0  0  0
    9.3143    8.3594    4.5000 H   0  0  0  0  0  0  0  0  0  0  0  0
   10.9140    9.2002    6.7679 H   0  0  0  0  0  0  0  0  0  0  0  0
    8.5160   10.2625    5.5288 H   0  0  0  0  0  0  0  0  0  0  0  0
    8.2864   10.2926    7.3347 H   0  0  0  0  0  0  0  0  0  0  0  0
    8.7943    8.4274    8.5928 H   0  0  0  0  0  0  0  0  0  0  0  0
    9.4224    6.9252    7.7795 H   0  0  0  0  0  0  0  0  0  0  0  0
  1 11  1  0  0  0  0
  2  1  1  0  0  0  0
  2  4  1  0  0  0  0
  2  3  1  0  0  0  0
  3 13  1  0  0  0  0
  3 14  1  0  0  0  0
  4 15  1  0  0  0  0
  4  3  1  0  0  0  0
  5  1  1  6  0  0  0
  5  8  1  0  0  0  0
  5  9  1  0  0  0  0
  6  5  1  0  0  0  0
  6  7  1  0  0  0  0
  7 19  1  1  0  0  0
  7  9  1  0  0  0  0
  8  7  1  0  0  0  0
  8 21  1  0  0  0  0
  9 23  1  0  0  0  0
  9 22  1  0  0  0  0
 10  1  1  0  0  0  0
 12  2  1  0  0  0  0
 16  4  1  0  0  0  0
 17  6  1  0  0  0  0
 18  6  1  0  0  0  0
 20  8  1  0  0  0  0
M  END
