Lattice="13.70975235 0.0 0.0 0.0 12.95073705 0.0 0.0 0.0 14.37732754" Properties=species:S:1:pos:R:3:GW_charged:R:1:dKS_charged:R:1:dKS_neutral:R:1 pbc="T T T"
 OpenBabel12102411053D
Lattice="13.70975235 0.0 0.0 0.0 12.95073705 0.0 0.0 0.0 14.37732754" Properties=species:S:1:pos:R:3:GW_charged:R:1:dKS_charged:R:1:dKS_neutral:R:1 pbc="T T T"
 21 22  0  0  1  0  0  0  0  0999 V2000
    6.2489    6.9599    8.8430 C   0  0  0  0  0  0  0  0  0  0  0  0
    7.7779    6.8230    8.5865 C   0  0  1  0  0  0  0  0  0  0  0  0
    7.6292    5.2814    8.7046 C   0  0  0  0  0  0  0  0  0  0  0  0
    6.0789    5.4157    8.5910 C   0  0  2  0  0  0  0  0  0  0  0  0
    5.4601    5.0171    7.2835 C   0  0  0  0  0  0  0  0  0  0  0  0
    5.9162    5.2145    6.0347 C   0  0  0  0  0  0  0  0  0  0  0  0
    7.1557    5.9535    5.5852 C   0  0  0  0  0  0  0  0  0  0  0  0
    7.3225    7.2542    6.1591 O   0  0  0  0  0  0  0  0  0  0  0  0
    8.2459    7.3684    7.2362 C   0  0  0  0  0  0  0  0  0  0  0  0
    6.0115    7.2385    9.8773 H   0  0  0  0  0  0  0  0  0  0  0  0
    5.7031    7.6128    8.1530 H   0  0  0  0  0  0  0  0  0  0  0  0
    8.4249    7.2730    9.3544 H   0  0  0  0  0  0  0  0  0  0  0  0
    8.1322    4.6600    7.9516 H   0  0  0  0  0  0  0  0  0  0  0  0
    7.9248    4.9162    9.6962 H   0  0  0  0  0  0  0  0  0  0  0  0
    5.5368    4.9051    9.3968 H   0  0  0  0  0  0  0  0  0  0  0  0
    4.5000    4.5000    7.3670 H   0  0  0  0  0  0  0  0  0  0  0  0
    5.3007    4.8272    5.2185 H   0  0  0  0  0  0  0  0  0  0  0  0
    8.0686    5.3505    5.7527 H   0  0  0  0  0  0  0  0  0  0  0  0
    7.0823    6.1181    4.5000 H   0  0  0  0  0  0  0  0  0  0  0  0
    8.4203    8.4507    7.3277 H   0  0  0  0  0  0  0  0  0  0  0  0
    9.2098    6.8942    6.9604 H   0  0  0  0  0  0  0  0  0  0  0  0
  1 10  1  0  0  0  0
  2  3  1  0  0  0  0
  2  1  1  0  0  0  0
  2 12  1  1  0  0  0
  3 14  1  0  0  0  0
  4  3  1  0  0  0  0
  4  1  1  0  0  0  0
  4 15  1  1  0  0  0
  5 16  1  0  0  0  0
  5  4  1  0  0  0  0
  6  5  2  0  0  0  0
  7 18  1  0  0  0  0
  7  6  1  0  0  0  0
  7  8  1  0  0  0  0
  8  9  1  0  0  0  0
  9 20  1  0  0  0  0
  9  2  1  0  0  0  0
 11  1  1  0  0  0  0
 13  3  1  0  0  0  0
 17  6  1  0  0  0  0
 19  7  1  0  0  0  0
 21  9  1  0  0  0  0
M  END
