Lattice="14.9101014 0.0 0.0 0.0 15.91509355 0.0 0.0 0.0 12.441507940000001" Properties=species:S:1:pos:R:3:GW_charged:R:1:dKS_charged:R:1:dKS_neutral:R:1 pbc="T T T"
 OpenBabel12102410123D
Lattice="14.9101014 0.0 0.0 0.0 15.91509355 0.0 0.0 0.0 12.441507940000001" Properties=species:S:1:pos:R:3:GW_charged:R:1:dKS_charged:R:1:dKS_neutral:R:1 pbc="T T T"
 21 22  0  0  1  0  0  0  0  0999 V2000
    7.9732    8.8422    5.4222 C   0  0  0  0  0  0  0  0  0  0  0  0
    8.0424    7.3127    5.5058 C   0  0  0  0  0  0  0  0  0  0  0  0
    6.6755    6.6590    5.4858 C   0  0  1  0  0  0  0  0  0  0  0  0
    6.5639    5.1599    5.8341 C   0  0  0  0  0  0  0  0  0  0  0  0
    5.5523    5.6203    6.8972 C   0  0  0  0  0  0  0  0  0  0  0  0
    5.8527    7.0202    6.6426 O   0  0  0  0  0  0  0  0  0  0  0  0
    9.3358    9.4857    5.4250 C   0  0  1  0  0  0  0  0  0  0  0  0
    9.6050   10.7699    6.0873 C   0  0  0  0  0  0  0  0  0  0  0  0
   10.0330    9.5356    6.6881 O   0  0  0  0  0  0  0  0  0  0  0  0
    7.4477    9.1446    4.5000 H   0  0  0  0  0  0  0  0  0  0  0  0
    7.3854    9.2278    6.2681 H   0  0  0  0  0  0  0  0  0  0  0  0
    8.6245    6.9103    4.6581 H   0  0  0  0  0  0  0  0  0  0  0  0
    8.5690    7.0196    6.4274 H   0  0  0  0  0  0  0  0  0  0  0  0
    6.1408    6.9264    4.5539 H   0  0  0  0  0  0  0  0  0  0  0  0
    6.1864    4.5000    5.0457 H   0  0  0  0  0  0  0  0  0  0  0  0
    7.4891    4.7401    6.2475 H   0  0  0  0  0  0  0  0  0  0  0  0
    4.5000    5.3868    6.6637 H   0  0  0  0  0  0  0  0  0  0  0  0
    5.7591    5.3435    7.9415 H   0  0  0  0  0  0  0  0  0  0  0  0
    9.9893    9.2094    4.5869 H   0  0  0  0  0  0  0  0  0  0  0  0
   10.4101   11.4151    5.7233 H   0  0  0  0  0  0  0  0  0  0  0  0
    8.7902   11.2818    6.6088 H   0  0  0  0  0  0  0  0  0  0  0  0
  1  7  1  0  0  0  0
  1  2  1  0  0  0  0
  1 11  1  0  0  0  0
  2 13  1  0  0  0  0
  3 14  1  6  0  0  0
  3  2  1  0  0  0  0
  3  4  1  0  0  0  0
  3  6  1  0  0  0  0
  4 16  1  0  0  0  0
  4  5  1  0  0  0  0
  5 18  1  0  0  0  0
  6  5  1  0  0  0  0
  7 19  1  6  0  0  0
  7  8  1  0  0  0  0
  7  9  1  0  0  0  0
  8 21  1  0  0  0  0
  8  9  1  0  0  0  0
 10  1  1  0  0  0  0
 12  2  1  0  0  0  0
 15  4  1  0  0  0  0
 17  5  1  0  0  0  0
 20  8  1  0  0  0  0
M  END
