Lattice="12.710345010000001 0.0 0.0 0.0 13.08637869 0.0 0.0 0.0 14.09110967" Properties=species:S:1:pos:R:3:GW_charged:R:1:dKS_charged:R:1:dKS_neutral:R:1 pbc="T T T"
 OpenBabel12102410123D
Lattice="12.710345010000001 0.0 0.0 0.0 13.08637869 0.0 0.0 0.0 14.09110967" Properties=species:S:1:pos:R:3:GW_charged:R:1:dKS_charged:R:1:dKS_neutral:R:1 pbc="T T T"
 21 23  0  0  1  0  0  0  0  0999 V2000
    5.1061    7.5791    8.6253 C   0  0  0  0  0  0  0  0  0  0  0  0
    6.4569    6.9145    8.5223 C   0  0  1  0  0  0  0  0  0  0  0  0
    5.1861    6.0806    8.5435 C   0  0  2  0  0  0  0  0  0  0  0  0
    5.1244    5.4271    7.1464 C   0  0  2  0  0  0  0  0  0  0  0  0
    6.6164    5.2297    6.8334 C   0  0  0  0  0  0  0  0  0  0  0  0
    7.1190    6.6586    7.1483 C   0  0  1  0  0  0  0  0  0  0  0  0
    6.6303    7.5887    6.0105 C   0  0  0  0  0  0  0  0  0  0  0  0
    5.4039    6.9835    5.3000 C   0  0  0  0  0  0  0  0  0  0  0  0
    4.5000    6.2959    6.1751 O   0  0  0  0  0  0  0  0  0  0  0  0
    4.8435    8.0101    9.5911 H   0  0  0  0  0  0  0  0  0  0  0  0
    4.6914    8.1118    7.7707 H   0  0  0  0  0  0  0  0  0  0  0  0
    7.1143    6.9518    9.3904 H   0  0  0  0  0  0  0  0  0  0  0  0
    4.9030    5.4738    9.4030 H   0  0  0  0  0  0  0  0  0  0  0  0
    4.5344    4.5000    7.1557 H   0  0  0  0  0  0  0  0  0  0  0  0
    7.0392    4.5037    7.5412 H   0  0  0  0  0  0  0  0  0  0  0  0
    6.8273    4.8766    5.8135 H   0  0  0  0  0  0  0  0  0  0  0  0
    8.2103    6.7213    7.2422 H   0  0  0  0  0  0  0  0  0  0  0  0
    6.4030    8.5864    6.4099 H   0  0  0  0  0  0  0  0  0  0  0  0
    7.4259    7.7192    5.2616 H   0  0  0  0  0  0  0  0  0  0  0  0
    4.7975    7.7629    4.8201 H   0  0  0  0  0  0  0  0  0  0  0  0
    5.7387    6.2978    4.5000 H   0  0  0  0  0  0  0  0  0  0  0  0
  1 10  1  0  0  0  0
  2  3  1  0  0  0  0
  2  1  1  0  0  0  0
  2 12  1  1  0  0  0
  3  1  1  0  0  0  0
  3 13  1  1  0  0  0
  4 14  1  1  0  0  0
  4  3  1  0  0  0  0
  5  4  1  0  0  0  0
  5  6  1  0  0  0  0
  5 15  1  0  0  0  0
  6 17  1  1  0  0  0
  6  2  1  0  0  0  0
  7 18  1  0  0  0  0
  7  6  1  0  0  0  0
  8  7  1  0  0  0  0
  8  9  1  0  0  0  0
  9  4  1  0  0  0  0
 11  1  1  0  0  0  0
 16  5  1  0  0  0  0
 19  7  1  0  0  0  0
 20  8  1  0  0  0  0
 21  8  1  0  0  0  0
M  END
