Lattice="13.735862560000001 0.0 0.0 0.0 16.1013176 0.0 0.0 0.0 13.47574332" Properties=species:S:1:pos:R:3:GW_charged:R:1:dKS_charged:R:1:dKS_neutral:R:1 pbc="T T T"
 OpenBabel12102411073D
Lattice="13.735862560000001 0.0 0.0 0.0 16.1013176 0.0 0.0 0.0 13.47574332" Properties=species:S:1:pos:R:3:GW_charged:R:1:dKS_charged:R:1:dKS_neutral:R:1 pbc="T T T"
 23 22  0  0  1  0  0  0  0  0999 V2000
    6.5208   11.1650    6.8044 C   0  0  0  0  0  0  0  0  0  0  0  0
    6.5341    9.7118    6.7531 C   0  0  0  0  0  0  0  0  0  0  0  0
    6.5637    8.4999    6.7191 C   0  0  0  0  0  0  0  0  0  0  0  0
    6.5749    7.0330    6.6771 C   0  0  0  0  0  0  0  0  0  0  0  0
    5.1162    6.5274    6.7729 C   0  0  0  0  0  0  0  0  0  0  0  0
    7.1986    6.5700    5.3412 C   0  0  0  0  0  0  0  0  0  0  0  0
    7.4030    6.5217    7.9143 C   0  0  1  0  0  0  0  0  0  0  0  0
    7.4248    5.0029    8.0871 C   0  0  0  0  0  0  0  0  0  0  0  0
    8.7328    7.0483    7.9199 O   0  0  0  0  0  0  0  0  0  0  0  0
    7.2931   11.5433    7.4898 H   0  0  0  0  0  0  0  0  0  0  0  0
    6.7130   11.6013    5.8133 H   0  0  0  0  0  0  0  0  0  0  0  0
    5.5497   11.5459    7.1526 H   0  0  0  0  0  0  0  0  0  0  0  0
    4.5000    7.0138    6.0065 H   0  0  0  0  0  0  0  0  0  0  0  0
    5.0588    5.4417    6.6188 H   0  0  0  0  0  0  0  0  0  0  0  0
    4.6816    6.7662    7.7531 H   0  0  0  0  0  0  0  0  0  0  0  0
    8.2264    6.9408    5.2302 H   0  0  0  0  0  0  0  0  0  0  0  0
    7.2024    5.4744    5.2588 H   0  0  0  0  0  0  0  0  0  0  0  0
    6.6189    6.9701    4.5000 H   0  0  0  0  0  0  0  0  0  0  0  0
    6.9343    6.9749    8.8012 H   0  0  0  0  0  0  0  0  0  0  0  0
    7.8845    4.5000    7.2232 H   0  0  0  0  0  0  0  0  0  0  0  0
    8.0185    4.7547    8.9757 H   0  0  0  0  0  0  0  0  0  0  0  0
    6.4195    4.5849    8.2239 H   0  0  0  0  0  0  0  0  0  0  0  0
    9.2359    6.6024    7.2198 H   0  0  0  0  0  0  0  0  0  0  0  0
  1 12  1  0  0  0  0
  1 10  1  0  0  0  0
  2  1  1  0  0  0  0
  3  2  3  0  0  0  0
  4  3  1  0  0  0  0
  4  5  1  0  0  0  0
  4  7  1  0  0  0  0
  5 15  1  0  0  0  0
  6  4  1  0  0  0  0
  7  9  1  0  0  0  0
  7  8  1  0  0  0  0
  7 19  1  1  0  0  0
  8 22  1  0  0  0  0
  8 21  1  0  0  0  0
 11  1  1  0  0  0  0
 13  5  1  0  0  0  0
 14  5  1  0  0  0  0
 16  6  1  0  0  0  0
 17  6  1  0  0  0  0
 18  6  1  0  0  0  0
 20  8  1  0  0  0  0
 23  9  1  0  0  0  0
M  END
