Lattice="13.54679291 0.0 0.0 0.0 15.57169844 0.0 0.0 0.0 11.36312216" Properties=species:S:1:pos:R:3:GW_charged:R:1:dKS_charged:R:1:dKS_neutral:R:1 pbc="T T T"
 OpenBabel12102409393D
Lattice="13.54679291 0.0 0.0 0.0 15.57169844 0.0 0.0 0.0 11.36312216" Properties=species:S:1:pos:R:3:GW_charged:R:1:dKS_charged:R:1:dKS_neutral:R:1 pbc="T T T"
 17 16  0  0  0  0  0  0  0  0999 V2000
    8.0584   10.6053    5.7401 C   0  0  0  0  0  0  0  0  0  0  0  0
    8.0967    9.1037    5.5370 C   0  0  0  0  0  0  0  0  0  0  0  0
    6.7998    8.5737    5.8044 O   0  0  0  0  0  0  0  0  0  0  0  0
    6.7443    7.1678    5.6360 C   0  0  0  0  0  0  0  0  0  0  0  0
    5.3110    6.7092    5.8974 C   0  0  0  0  0  0  0  0  0  0  0  0
    5.2127    5.2097    6.0225 C   0  0  0  0  0  0  0  0  0  0  0  0
    4.5000    4.5000    5.3457 O   0  0  0  0  0  0  0  0  0  0  0  0
    9.0468   11.0406    5.5414 H   0  0  0  0  0  0  0  0  0  0  0  0
    7.3331   11.0717    5.0610 H   0  0  0  0  0  0  0  0  0  0  0  0
    7.7738   10.8521    6.7711 H   0  0  0  0  0  0  0  0  0  0  0  0
    8.3952    8.8542    4.5000 H   0  0  0  0  0  0  0  0  0  0  0  0
    8.8386    8.6338    6.2124 H   0  0  0  0  0  0  0  0  0  0  0  0
    7.0543    6.8882    4.6102 H   0  0  0  0  0  0  0  0  0  0  0  0
    7.4450    6.6689    6.3370 H   0  0  0  0  0  0  0  0  0  0  0  0
    4.9955    7.1423    6.8631 H   0  0  0  0  0  0  0  0  0  0  0  0
    4.6270    7.0625    5.1163 H   0  0  0  0  0  0  0  0  0  0  0  0
    5.8654    4.7606    6.8180 H   0  0  0  0  0  0  0  0  0  0  0  0
  1 10  1  0  0  0  0
  2  1  1  0  0  0  0
  2  3  1  0  0  0  0
  2 12  1  0  0  0  0
  4  3  1  0  0  0  0
  4  5  1  0  0  0  0
  4 14  1  0  0  0  0
  5  6  1  0  0  0  0
  5 15  1  0  0  0  0
  6 17  1  0  0  0  0
  7  6  2  0  0  0  0
  8  1  1  0  0  0  0
  9  1  1  0  0  0  0
 11  2  1  0  0  0  0
 13  4  1  0  0  0  0
 16  5  1  0  0  0  0
M  END
