Lattice="12.787079989999999 0.0 0.0 0.0 12.597632879999999 0.0 0.0 0.0 12.38756269" Properties=species:S:1:pos:R:3:GW_charged:R:1:dKS_charged:R:1:dKS_neutral:R:1 pbc="T T T"
 OpenBabel12102409263D
Lattice="12.787079989999999 0.0 0.0 0.0 12.597632879999999 0.0 0.0 0.0 12.38756269" Properties=species:S:1:pos:R:3:GW_charged:R:1:dKS_charged:R:1:dKS_neutral:R:1 pbc="T T T"
 15 14  0  0  0  0  0  0  0  0999 V2000
    6.4835    7.6899    5.7061 C   0  0  0  0  0  0  0  0  0  0  0  0
    6.4954    6.1549    5.7253 C   0  0  0  0  0  0  0  0  0  0  0  0
    7.2534    5.6289    6.9522 C   0  0  0  0  0  0  0  0  0  0  0  0
    5.0723    5.5972    5.6821 C   0  0  0  0  0  0  0  0  0  0  0  0
    7.1210    5.6584    4.5174 O   0  0  0  0  0  0  0  0  0  0  0  0
    7.5089    8.0898    5.7064 H   0  0  0  0  0  0  0  0  0  0  0  0
    5.9731    8.0554    4.8057 H   0  0  0  0  0  0  0  0  0  0  0  0
    5.9689    8.0976    6.5876 H   0  0  0  0  0  0  0  0  0  0  0  0
    6.7721    5.9476    7.8876 H   0  0  0  0  0  0  0  0  0  0  0  0
    7.2893    4.5319    6.9361 H   0  0  0  0  0  0  0  0  0  0  0  0
    8.2871    6.0065    6.9659 H   0  0  0  0  0  0  0  0  0  0  0  0
    4.5523    5.9494    4.7819 H   0  0  0  0  0  0  0  0  0  0  0  0
    5.0937    4.5000    5.6581 H   0  0  0  0  0  0  0  0  0  0  0  0
    4.5000    5.9160    6.5630 H   0  0  0  0  0  0  0  0  0  0  0  0
    8.0335    5.9886    4.5000 H   0  0  0  0  0  0  0  0  0  0  0  0
  1  6  1  0  0  0  0
  1  2  1  0  0  0  0
  1  8  1  0  0  0  0
  2  3  1  0  0  0  0
  3 11  1  0  0  0  0
  3  9  1  0  0  0  0
  4  2  1  0  0  0  0
  4 14  1  0  0  0  0
  5  2  1  0  0  0  0
  7  1  1  0  0  0  0
 10  3  1  0  0  0  0
 12  4  1  0  0  0  0
 13  4  1  0  0  0  0
 15  5  1  0  0  0  0
M  END
