Lattice="14.30632275 0.0 0.0 0.0 14.288531899999999 0.0 0.0 0.0 14.010879679999999" Properties=species:S:1:pos:R:3:GW_charged:R:1:dKS_charged:R:1:dKS_neutral:R:1 pbc="T T T"
 OpenBabel12102410113D
Lattice="14.30632275 0.0 0.0 0.0 14.288531899999999 0.0 0.0 0.0 14.010879679999999" Properties=species:S:1:pos:R:3:GW_charged:R:1:dKS_charged:R:1:dKS_neutral:R:1 pbc="T T T"
 19 19  0  0  1  0  0  0  0  0999 V2000
    6.2124    5.5578    5.1317 C   0  0  0  0  0  0  0  0  0  0  0  0
    6.2837    6.7544    5.2989 C   0  0  0  0  0  0  0  0  0  0  0  0
    6.3704    8.1981    5.5020 C   0  0  1  0  0  0  0  0  0  0  0  0
    5.5523    8.6475    6.7374 C   0  0  0  0  0  0  0  0  0  0  0  0
    5.9561    8.0917    8.0705 C   0  0  0  0  0  0  0  0  0  0  0  0
    7.1800    7.7070    8.4876 C   0  0  0  0  0  0  0  0  0  0  0  0
    8.4577    7.7276    7.7894 C   0  0  0  0  0  0  0  0  0  0  0  0
    8.7578    8.1374    6.5396 C   0  0  0  0  0  0  0  0  0  0  0  0
    7.8400    8.6858    5.4879 C   0  0  0  0  0  0  0  0  0  0  0  0
    6.1518    4.5000    4.9887 H   0  0  0  0  0  0  0  0  0  0  0  0
    5.8866    8.6725    4.6307 H   0  0  0  0  0  0  0  0  0  0  0  0
    5.5720    9.7507    6.7791 H   0  0  0  0  0  0  0  0  0  0  0  0
    4.5000    8.3820    6.5550 H   0  0  0  0  0  0  0  0  0  0  0  0
    5.1399    7.9916    8.7903 H   0  0  0  0  0  0  0  0  0  0  0  0
    7.2370    7.3274    9.5109 H   0  0  0  0  0  0  0  0  0  0  0  0
    9.2973    7.3602    8.3847 H   0  0  0  0  0  0  0  0  0  0  0  0
    9.8063    8.0673    6.2400 H   0  0  0  0  0  0  0  0  0  0  0  0
    8.2614    8.4459    4.5000 H   0  0  0  0  0  0  0  0  0  0  0  0
    7.8360    9.7885    5.5436 H   0  0  0  0  0  0  0  0  0  0  0  0
  1  2  3  0  0  0  0
  2  3  1  0  0  0  0
  3 11  1  6  0  0  0
  3  4  1  0  0  0  0
  4 12  1  0  0  0  0
  4  5  1  0  0  0  0
  5  6  2  0  0  0  0
  5 14  1  0  0  0  0
  6 15  1  0  0  0  0
  7 16  1  0  0  0  0
  7  6  1  0  0  0  0
  8  7  2  0  0  0  0
  9  3  1  0  0  0  0
  9 19  1  0  0  0  0
  9  8  1  0  0  0  0
 10  1  1  0  0  0  0
 13  4  1  0  0  0  0
 17  8  1  0  0  0  0
 18  9  1  0  0  0  0
M  END
