Lattice="13.28057207 0.0 0.0 0.0 13.83936511 0.0 0.0 0.0 14.01369103" Properties=species:S:1:pos:R:3:GW_charged:R:1:dKS_charged:R:1:dKS_neutral:R:1 pbc="T T T"
 OpenBabel12102411043D
Lattice="13.28057207 0.0 0.0 0.0 13.83936511 0.0 0.0 0.0 14.01369103" Properties=species:S:1:pos:R:3:GW_charged:R:1:dKS_charged:R:1:dKS_neutral:R:1 pbc="T T T"
 21 24  0  0  1  0  0  0  0  0999 V2000
    5.5137    7.6994    7.0312 C   0  0  0  0  0  0  0  0  0  0  0  0
    6.9265    8.2506    7.0206 C   0  0  1  0  0  0  0  0  0  0  0  0
    8.0124    7.4992    7.7634 C   0  0  1  0  0  0  0  0  0  0  0  0
    7.6518    6.2199    8.4937 C   0  0  0  0  0  0  0  0  0  0  0  0
    6.5804    5.4316    7.7651 C   0  0  1  0  0  0  0  0  0  0  0  0
    5.4946    6.1830    7.0224 C   0  0  2  0  0  0  0  0  0  0  0  0
    6.5659    5.4404    6.2502 C   0  0  1  0  0  0  0  0  0  0  0  0
    7.6232    6.2372    5.5104 C   0  0  0  0  0  0  0  0  0  0  0  0
    7.9978    7.5080    6.2484 C   0  0  1  0  0  0  0  0  0  0  0  0
    4.9775    8.0715    7.9212 H   0  0  0  0  0  0  0  0  0  0  0  0
    4.9600    8.0821    6.1565 H   0  0  0  0  0  0  0  0  0  0  0  0
    6.9966    9.3394    7.0262 H   0  0  0  0  0  0  0  0  0  0  0  0
    8.7806    8.1049    8.2465 H   0  0  0  0  0  0  0  0  0  0  0  0
    8.5537    5.5953    8.6146 H   0  0  0  0  0  0  0  0  0  0  0  0
    7.3056    6.4605    9.5137 H   0  0  0  0  0  0  0  0  0  0  0  0
    6.2840    4.5000    8.2495 H   0  0  0  0  0  0  0  0  0  0  0  0
    4.5000    5.7345    7.0292 H   0  0  0  0  0  0  0  0  0  0  0  0
    6.2600    4.5146    5.7607 H   0  0  0  0  0  0  0  0  0  0  0  0
    8.5226    5.6142    5.3652 H   0  0  0  0  0  0  0  0  0  0  0  0
    7.2578    6.4894    4.5000 H   0  0  0  0  0  0  0  0  0  0  0  0
    8.7566    8.1194    5.7577 H   0  0  0  0  0  0  0  0  0  0  0  0
  1 10  1  0  0  0  0
  2 12  1  1  0  0  0
  2  1  1  0  0  0  0
  2  3  1  0  0  0  0
  3 13  1  1  0  0  0
  3  4  1  0  0  0  0
  4 14  1  0  0  0  0
  4 15  1  0  0  0  0
  5 16  1  1  0  0  0
  5  4  1  0  0  0  0
  6 17  1  1  0  0  0
  6  1  1  0  0  0  0
  6  5  1  0  0  0  0
  7 18  1  6  0  0  0
  7  6  1  0  0  0  0
  7  5  1  0  0  0  0
  8  9  1  0  0  0  0
  8  7  1  0  0  0  0
  9 21  1  6  0  0  0
  9  2  1  0  0  0  0
  9  3  1  0  0  0  0
 11  1  1  0  0  0  0
 19  8  1  0  0  0  0
 20  8  1  0  0  0  0
M  END
