Lattice="12.43225256 0.0 0.0 0.0 14.51014246 0.0 0.0 0.0 12.60260226" Properties=species:S:1:pos:R:3:GW_charged:R:1:dKS_charged:R:1:dKS_neutral:R:1 pbc="T T T"
 OpenBabel12102409383D
Lattice="12.43225256 0.0 0.0 0.0 14.51014246 0.0 0.0 0.0 12.60260226" Properties=species:S:1:pos:R:3:GW_charged:R:1:dKS_charged:R:1:dKS_neutral:R:1 pbc="T T T"
 17 17  0  0  0  0  0  0  0  0999 V2000
    5.8053    9.5682    7.2881 C   0  0  0  0  0  0  0  0  0  0  0  0
    5.8467    8.1531    7.3405 O   0  0  0  0  0  0  0  0  0  0  0  0
    6.6663    7.5976    6.3227 C   0  0  0  0  0  0  0  0  0  0  0  0
    6.6092    6.0883    6.4234 C   0  0  0  0  0  0  0  0  0  0  0  0
    5.3078    5.4268    5.9251 C   0  0  0  0  0  0  0  0  0  0  0  0
    5.9863    4.8521    4.7709 O   0  0  0  0  0  0  0  0  0  0  0  0
    7.2703    5.3311    5.2528 C   0  0  0  0  0  0  0  0  0  0  0  0
    6.8097   10.0101    7.4256 H   0  0  0  0  0  0  0  0  0  0  0  0
    5.3949    9.9277    6.3264 H   0  0  0  0  0  0  0  0  0  0  0  0
    5.1535    9.9041    8.1026 H   0  0  0  0  0  0  0  0  0  0  0  0
    6.3143    7.9279    5.3233 H   0  0  0  0  0  0  0  0  0  0  0  0
    7.7124    7.9505    6.4349 H   0  0  0  0  0  0  0  0  0  0  0  0
    6.9309    5.7725    7.4237 H   0  0  0  0  0  0  0  0  0  0  0  0
    4.8964    4.6445    6.5825 H   0  0  0  0  0  0  0  0  0  0  0  0
    4.5000    6.1141    5.6293 H   0  0  0  0  0  0  0  0  0  0  0  0
    7.7852    5.9512    4.5000 H   0  0  0  0  0  0  0  0  0  0  0  0
    7.9323    4.5000    5.5458 H   0  0  0  0  0  0  0  0  0  0  0  0
  1  2  1  0  0  0  0
  1  8  1  0  0  0  0
  1 10  1  0  0  0  0
  3  4  1  0  0  0  0
  3 12  1  0  0  0  0
  3  2  1  0  0  0  0
  4 13  1  0  0  0  0
  5  4  1  0  0  0  0
  5 14  1  0  0  0  0
  6  7  1  0  0  0  0
  6  5  1  0  0  0  0
  7 17  1  0  0  0  0
  7  4  1  0  0  0  0
  9  1  1  0  0  0  0
 11  3  1  0  0  0  0
 15  5  1  0  0  0  0
 16  7  1  0  0  0  0
M  END
