Lattice="13.19426622 0.0 0.0 0.0 14.70622231 0.0 0.0 0.0 13.325321500000001" Properties=species:S:1:pos:R:3:GW_charged:R:1:dKS_charged:R:1:dKS_neutral:R:1 pbc="T T T"
 OpenBabel12102409263D
Lattice="13.19426622 0.0 0.0 0.0 14.70622231 0.0 0.0 0.0 13.325321500000001" Properties=species:S:1:pos:R:3:GW_charged:R:1:dKS_charged:R:1:dKS_neutral:R:1 pbc="T T T"
 21 20  0  0  0  0  0  0  0  0999 V2000
    7.7129    9.7127    6.6725 C   0  0  0  0  0  0  0  0  0  0  0  0
    7.8798    8.2035    6.6628 C   0  0  0  0  0  0  0  0  0  0  0  0
    6.5780    7.6274    6.6722 O   0  0  0  0  0  0  0  0  0  0  0  0
    6.4767    6.1813    6.6654 C   0  0  0  0  0  0  0  0  0  0  0  0
    7.1227    5.5765    7.9218 C   0  0  0  0  0  0  0  0  0  0  0  0
    4.9657    5.9376    6.6786 C   0  0  0  0  0  0  0  0  0  0  0  0
    7.0985    5.5901    5.3905 C   0  0  0  0  0  0  0  0  0  0  0  0
    8.6943   10.2062    6.6658 H   0  0  0  0  0  0  0  0  0  0  0  0
    7.1508   10.0466    5.7906 H   0  0  0  0  0  0  0  0  0  0  0  0
    7.1679   10.0370    7.5687 H   0  0  0  0  0  0  0  0  0  0  0  0
    8.4447    7.8914    5.7652 H   0  0  0  0  0  0  0  0  0  0  0  0
    8.4618    7.8818    7.5459 H   0  0  0  0  0  0  0  0  0  0  0  0
    6.7194    6.0531    8.8253 H   0  0  0  0  0  0  0  0  0  0  0  0
    6.9119    4.5000    7.9780 H   0  0  0  0  0  0  0  0  0  0  0  0
    8.2145    5.6954    7.9236 H   0  0  0  0  0  0  0  0  0  0  0  0
    4.5000    6.3961    5.7966 H   0  0  0  0  0  0  0  0  0  0  0  0
    4.7407    4.8630    6.6750 H   0  0  0  0  0  0  0  0  0  0  0  0
    4.5170    6.3866    7.5741 H   0  0  0  0  0  0  0  0  0  0  0  0
    8.1900    5.7091    5.3690 H   0  0  0  0  0  0  0  0  0  0  0  0
    6.8865    4.5142    5.3268 H   0  0  0  0  0  0  0  0  0  0  0  0
    6.6780    6.0762    4.5000 H   0  0  0  0  0  0  0  0  0  0  0  0
  1 10  1  0  0  0  0
  2  3  1  0  0  0  0
  2  1  1  0  0  0  0
  2 12  1  0  0  0  0
  4  3  1  0  0  0  0
  4  6  1  0  0  0  0
  4  5  1  0  0  0  0
  5 15  1  0  0  0  0
  5 14  1  0  0  0  0
  5 13  1  0  0  0  0
  6 18  1  0  0  0  0
  7  4  1  0  0  0  0
  8  1  1  0  0  0  0
  9  1  1  0  0  0  0
 11  2  1  0  0  0  0
 16  6  1  0  0  0  0
 17  6  1  0  0  0  0
 19  7  1  0  0  0  0
 20  7  1  0  0  0  0
 21  7  1  0  0  0  0
M  END
