Lattice="13.259222059999999 0.0 0.0 0.0 17.66150006 0.0 0.0 0.0 12.486844770000001" Properties=species:S:1:pos:R:3:GW_charged:R:1:dKS_charged:R:1:dKS_neutral:R:1 pbc="T T T"
 OpenBabel12102410123D
Lattice="13.259222059999999 0.0 0.0 0.0 17.66150006 0.0 0.0 0.0 12.486844770000001" Properties=species:S:1:pos:R:3:GW_charged:R:1:dKS_charged:R:1:dKS_neutral:R:1 pbc="T T T"
 23 23  0  0  0  0  0  0  0  0999 V2000
    5.0026    5.5674    5.2478 C   0  0  0  0  0  0  0  0  0  0  0  0
    5.0123    6.7763    5.3162 C   0  0  0  0  0  0  0  0  0  0  0  0
    5.0656    8.2288    5.3999 C   0  0  0  0  0  0  0  0  0  0  0  0
    6.5064    8.7770    5.4599 C   0  0  0  0  0  0  0  0  0  0  0  0
    6.5775   10.3034    5.5006 C   0  0  0  0  0  0  0  0  0  0  0  0
    5.9608   10.9552    6.7620 C   0  0  0  0  0  0  0  0  0  0  0  0
    6.7288   12.2882    6.9835 C   0  0  0  0  0  0  0  0  0  0  0  0
    7.8299   12.3290    5.8964 C   0  0  0  0  0  0  0  0  0  0  0  0
    8.0090   10.8651    5.4772 C   0  0  0  0  0  0  0  0  0  0  0  0
    4.9843    4.5000    5.1878 H   0  0  0  0  0  0  0  0  0  0  0  0
    4.5439    8.6608    4.5292 H   0  0  0  0  0  0  0  0  0  0  0  0
    4.5000    8.5571    6.2868 H   0  0  0  0  0  0  0  0  0  0  0  0
    7.0093    8.3607    6.3479 H   0  0  0  0  0  0  0  0  0  0  0  0
    7.0598    8.4006    4.5861 H   0  0  0  0  0  0  0  0  0  0  0  0
    6.0507   10.6982    4.6118 H   0  0  0  0  0  0  0  0  0  0  0  0
    4.8788   11.1116    6.6607 H   0  0  0  0  0  0  0  0  0  0  0  0
    6.1023   10.2852    7.6247 H   0  0  0  0  0  0  0  0  0  0  0  0
    6.0669   13.1615    6.9201 H   0  0  0  0  0  0  0  0  0  0  0  0
    7.1755   12.3081    7.9868 H   0  0  0  0  0  0  0  0  0  0  0  0
    7.4886   12.9193    5.0320 H   0  0  0  0  0  0  0  0  0  0  0  0
    8.7592   12.7932    6.2518 H   0  0  0  0  0  0  0  0  0  0  0  0
    8.6258   10.3277    6.2179 H   0  0  0  0  0  0  0  0  0  0  0  0
    8.4977   10.7476    4.5000 H   0  0  0  0  0  0  0  0  0  0  0  0
  1  2  3  0  0  0  0
  2  3  1  0  0  0  0
  3  4  1  0  0  0  0
  3 12  1  0  0  0  0
  4  5  1  0  0  0  0
  4 13  1  0  0  0  0
  5  6  1  0  0  0  0
  6  7  1  0  0  0  0
  6 17  1  0  0  0  0
  7 19  1  0  0  0  0
  8 21  1  0  0  0  0
  8  7  1  0  0  0  0
  9  5  1  0  0  0  0
  9  8  1  0  0  0  0
  9 22  1  0  0  0  0
 10  1  1  0  0  0  0
 11  3  1  0  0  0  0
 14  4  1  0  0  0  0
 15  5  1  0  0  0  0
 16  6  1  0  0  0  0
 18  7  1  0  0  0  0
 20  8  1  0  0  0  0
 23  9  1  0  0  0  0
M  END
