Lattice="13.1979761 0.0 0.0 0.0 13.602663589999999 0.0 0.0 0.0 14.76781241" Properties=species:S:1:pos:R:3:GW_charged:R:1:dKS_charged:R:1:dKS_neutral:R:1 pbc="T T T"
 OpenBabel12102411083D
Lattice="13.1979761 0.0 0.0 0.0 13.602663589999999 0.0 0.0 0.0 14.76781241" Properties=species:S:1:pos:R:3:GW_charged:R:1:dKS_charged:R:1:dKS_neutral:R:1 pbc="T T T"
 25 25  0  0  1  0  0  0  0  0999 V2000
    6.5243    8.6811    8.0459 C   0  0  0  0  0  0  0  0  0  0  0  0
    6.5403    7.1424    8.1367 C   0  0  0  0  0  0  0  0  0  0  0  0
    7.3534    6.7538    9.3875 C   0  0  0  0  0  0  0  0  0  0  0  0
    5.0932    6.6338    8.2739 C   0  0  0  0  0  0  0  0  0  0  0  0
    7.2032    6.5244    6.8641 C   0  0  1  0  0  0  0  0  0  0  0  0
    7.3666    5.0089    6.9151 C   0  0  0  0  0  0  0  0  0  0  0  0
    6.6865    7.0347    5.4880 C   0  0  0  0  0  0  0  0  0  0  0  0
    8.0932    7.6218    5.3117 C   0  0  0  0  0  0  0  0  0  0  0  0
    8.5225    7.1420    6.6116 O   0  0  0  0  0  0  0  0  0  0  0  0
    7.5393    9.0779    7.9204 H   0  0  0  0  0  0  0  0  0  0  0  0
    5.9044    9.0472    7.2161 H   0  0  0  0  0  0  0  0  0  0  0  0
    6.1063    9.1027    8.9704 H   0  0  0  0  0  0  0  0  0  0  0  0
    6.9677    7.2867   10.2678 H   0  0  0  0  0  0  0  0  0  0  0  0
    7.2953    5.6793    9.6045 H   0  0  0  0  0  0  0  0  0  0  0  0
    8.4111    7.0246    9.2662 H   0  0  0  0  0  0  0  0  0  0  0  0
    4.5000    6.8446    7.3720 H   0  0  0  0  0  0  0  0  0  0  0  0
    5.0497    5.5529    8.4622 H   0  0  0  0  0  0  0  0  0  0  0  0
    4.5964    7.1334    9.1175 H   0  0  0  0  0  0  0  0  0  0  0  0
    6.3975    4.5000    7.0085 H   0  0  0  0  0  0  0  0  0  0  0  0
    7.8445    4.6600    5.9906 H   0  0  0  0  0  0  0  0  0  0  0  0
    8.0033    4.7036    7.7542 H   0  0  0  0  0  0  0  0  0  0  0  0
    6.4145    6.2372    4.7875 H   0  0  0  0  0  0  0  0  0  0  0  0
    5.8734    7.7669    5.5212 H   0  0  0  0  0  0  0  0  0  0  0  0
    8.6980    7.1870    4.5000 H   0  0  0  0  0  0  0  0  0  0  0  0
    8.1475    8.7207    5.2486 H   0  0  0  0  0  0  0  0  0  0  0  0
  1  2  1  0  0  0  0
  1 12  1  0  0  0  0
  2  4  1  0  0  0  0
  2  3  1  0  0  0  0
  3 14  1  0  0  0  0
  3 13  1  0  0  0  0
  4 17  1  0  0  0  0
  4 18  1  0  0  0  0
  5  6  1  1  0  0  0
  5  2  1  0  0  0  0
  6 19  1  0  0  0  0
  6 21  1  0  0  0  0
  7 23  1  0  0  0  0
  7  5  1  0  0  0  0
  8  7  1  0  0  0  0
  8  9  1  0  0  0  0
  9  5  1  0  0  0  0
 10  1  1  0  0  0  0
 11  1  1  0  0  0  0
 15  3  1  0  0  0  0
 16  4  1  0  0  0  0
 20  6  1  0  0  0  0
 22  7  1  0  0  0  0
 24  8  1  0  0  0  0
 25  8  1  0  0  0  0
M  END
