Lattice="13.63743724 0.0 0.0 0.0 13.609669839999999 0.0 0.0 0.0 13.44254915" Properties=species:S:1:pos:R:3:GW_charged:R:1:dKS_charged:R:1:dKS_neutral:R:1 pbc="T T T"
 OpenBabel12102409383D
Lattice="13.63743724 0.0 0.0 0.0 13.609669839999999 0.0 0.0 0.0 13.44254915" Properties=species:S:1:pos:R:3:GW_charged:R:1:dKS_charged:R:1:dKS_neutral:R:1 pbc="T T T"
 17 18  0  0  1  0  0  0  0  0999 V2000
    8.2310    8.7326    6.7726 O   0  0  0  0  0  0  0  0  0  0  0  0
    8.3169    7.3289    6.8546 C   0  0  1  0  0  0  0  0  0  0  0  0
    7.8921    6.6174    8.1213 C   0  0  0  0  0  0  0  0  0  0  0  0
    7.0267    6.5703    6.8884 C   0  0  0  0  0  0  0  0  0  0  0  0
    5.6475    7.1980    6.6542 C   0  0  0  0  0  0  0  0  0  0  0  0
    5.4619    6.2095    5.4655 C   0  0  0  0  0  0  0  0  0  0  0  0
    6.6757    5.3839    5.9835 C   0  0  0  0  0  0  0  0  0  0  0  0
    8.9197    9.1097    7.3417 H   0  0  0  0  0  0  0  0  0  0  0  0
    9.1374    6.8883    6.2763 H   0  0  0  0  0  0  0  0  0  0  0  0
    8.4341    5.7198    8.4219 H   0  0  0  0  0  0  0  0  0  0  0  0
    7.5419    7.2441    8.9425 H   0  0  0  0  0  0  0  0  0  0  0  0
    4.9527    6.9989    7.4824 H   0  0  0  0  0  0  0  0  0  0  0  0
    5.6333    8.2708    6.4275 H   0  0  0  0  0  0  0  0  0  0  0  0
    4.5000    5.6873    5.3971 H   0  0  0  0  0  0  0  0  0  0  0  0
    5.6707    6.6869    4.5000 H   0  0  0  0  0  0  0  0  0  0  0  0
    7.4306    5.0759    5.2471 H   0  0  0  0  0  0  0  0  0  0  0  0
    6.3667    4.5000    6.5602 H   0  0  0  0  0  0  0  0  0  0  0  0
  1  2  1  0  0  0  0
  1  8  1  0  0  0  0
  2  9  1  6  0  0  0
  2  4  1  0  0  0  0
  2  3  1  0  0  0  0
  3 10  1  0  0  0  0
  3 11  1  0  0  0  0
  4  3  1  0  0  0  0
  5  4  1  0  0  0  0
  5 12  1  0  0  0  0
  6  7  1  0  0  0  0
  6  5  1  0  0  0  0
  7 17  1  0  0  0  0
  7  4  1  0  0  0  0
 13  5  1  0  0  0  0
 14  6  1  0  0  0  0
 15  6  1  0  0  0  0
 16  7  1  0  0  0  0
M  END
