Lattice="14.45968751 0.0 0.0 0.0 14.99091278 0.0 0.0 0.0 11.60263072" Properties=species:S:1:pos:R:3:GW_charged:R:1:dKS_charged:R:1:dKS_neutral:R:1 pbc="T T T"
 OpenBabel12102409423D
Lattice="14.45968751 0.0 0.0 0.0 14.99091278 0.0 0.0 0.0 11.60263072" Properties=species:S:1:pos:R:3:GW_charged:R:1:dKS_charged:R:1:dKS_neutral:R:1 pbc="T T T"
 19 20  0  0  0  0  0  0  0  0999 V2000
    8.5275   10.0098    6.0959 C   0  0  0  0  0  0  0  0  0  0  0  0
    8.3581    8.5365    6.1144 C   0  0  0  0  0  0  0  0  0  0  0  0
    7.2843    7.6957    6.0815 C   0  0  0  0  0  0  0  0  0  0  0  0
    5.7849    7.7046    6.0229 C   0  0  0  0  0  0  0  0  0  0  0  0
    5.4680    6.2397    5.5977 C   0  0  0  0  0  0  0  0  0  0  0  0
    6.6589    5.3651    6.0922 C   0  0  0  0  0  0  0  0  0  0  0  0
    7.7857    6.3558    6.1205 C   0  0  0  0  0  0  0  0  0  0  0  0
    9.1416    6.4480    6.1756 C   0  0  0  0  0  0  0  0  0  0  0  0
    9.5112    7.7765    6.1716 O   0  0  0  0  0  0  0  0  0  0  0  0
    9.1518   10.3373    5.2514 H   0  0  0  0  0  0  0  0  0  0  0  0
    7.5467   10.4909    6.0023 H   0  0  0  0  0  0  0  0  0  0  0  0
    9.0008   10.3795    7.0181 H   0  0  0  0  0  0  0  0  0  0  0  0
    5.3534    7.9272    7.0132 H   0  0  0  0  0  0  0  0  0  0  0  0
    5.3672    8.4388    5.3207 H   0  0  0  0  0  0  0  0  0  0  0  0
    4.5000    5.8889    5.9783 H   0  0  0  0  0  0  0  0  0  0  0  0
    5.4238    6.1908    4.5000 H   0  0  0  0  0  0  0  0  0  0  0  0
    6.4618    4.9702    7.1026 H   0  0  0  0  0  0  0  0  0  0  0  0
    6.8377    4.5000    5.4403 H   0  0  0  0  0  0  0  0  0  0  0  0
    9.9597    5.7395    6.2115 H   0  0  0  0  0  0  0  0  0  0  0  0
  1  2  1  0  0  0  0
  1 12  1  0  0  0  0
  2  9  1  0  0  0  0
  3  2  2  0  0  0  0
  3  7  1  0  0  0  0
  4  3  1  0  0  0  0
  4 13  1  0  0  0  0
  5 15  1  0  0  0  0
  5  4  1  0  0  0  0
  5  6  1  0  0  0  0
  6  7  1  0  0  0  0
  6 17  1  0  0  0  0
  7  8  2  0  0  0  0
  8 19  1  0  0  0  0
  9  8  1  0  0  0  0
 10  1  1  0  0  0  0
 11  1  1  0  0  0  0
 14  4  1  0  0  0  0
 16  5  1  0  0  0  0
 18  6  1  0  0  0  0
M  END
