Lattice="14.02667766 0.0 0.0 0.0 15.61413323 0.0 0.0 0.0 13.64718419" Properties=species:S:1:pos:R:3:GW_charged:R:1:dKS_charged:R:1:dKS_neutral:R:1 pbc="T T T"
 OpenBabel12102409463D
Lattice="14.02667766 0.0 0.0 0.0 15.61413323 0.0 0.0 0.0 13.64718419" Properties=species:S:1:pos:R:3:GW_charged:R:1:dKS_charged:R:1:dKS_neutral:R:1 pbc="T T T"
 19 20  0  0  1  0  0  0  0  0999 V2000
    5.2366    5.5683    7.0420 C   0  0  0  0  0  0  0  0  0  0  0  0
    5.2588    6.7808    7.0692 C   0  0  0  0  0  0  0  0  0  0  0  0
    5.3118    8.2087    7.0924 C   0  0  1  0  0  0  0  0  0  0  0  0
    5.8424    8.9419    8.3193 C   0  0  0  0  0  0  0  0  0  0  0  0
    6.6570    8.9521    7.0648 C   0  0  1  0  0  0  0  0  0  0  0  0
    7.9640    8.1639    6.9245 C   0  0  0  0  0  0  0  0  0  0  0  0
    8.6179    8.8072    5.7304 C   0  0  0  0  0  0  0  0  0  0  0  0
    7.9739    9.9092    5.3290 C   0  0  0  0  0  0  0  0  0  0  0  0
    6.7731   10.2073    6.1880 C   0  0  0  0  0  0  0  0  0  0  0  0
    5.2022    4.5000    7.0224 H   0  0  0  0  0  0  0  0  0  0  0  0
    4.5000    8.7041    6.5554 H   0  0  0  0  0  0  0  0  0  0  0  0
    5.3237    9.8545    8.6131 H   0  0  0  0  0  0  0  0  0  0  0  0
    6.1824    8.3209    9.1472 H   0  0  0  0  0  0  0  0  0  0  0  0
    8.5977    8.2610    7.8239 H   0  0  0  0  0  0  0  0  0  0  0  0
    7.7835    7.0863    6.7867 H   0  0  0  0  0  0  0  0  0  0  0  0
    9.5267    8.4141    5.2752 H   0  0  0  0  0  0  0  0  0  0  0  0
    8.2788   10.5472    4.5000 H   0  0  0  0  0  0  0  0  0  0  0  0
    5.8612   10.3947    5.5991 H   0  0  0  0  0  0  0  0  0  0  0  0
    6.9391   11.1141    6.7977 H   0  0  0  0  0  0  0  0  0  0  0  0
  1  2  3  0  0  0  0
  2  3  1  0  0  0  0
  3 11  1  6  0  0  0
  3  4  1  0  0  0  0
  4 12  1  0  0  0  0
  4 13  1  0  0  0  0
  5  9  1  6  0  0  0
  5  3  1  0  0  0  0
  5  4  1  0  0  0  0
  6  5  1  0  0  0  0
  6 14  1  0  0  0  0
  7  6  1  0  0  0  0
  8  7  2  0  0  0  0
  8  9  1  0  0  0  0
  9 19  1  0  0  0  0
 10  1  1  0  0  0  0
 15  6  1  0  0  0  0
 16  7  1  0  0  0  0
 17  8  1  0  0  0  0
 18  9  1  0  0  0  0
M  END
