Lattice="14.13461377 0.0 0.0 0.0 15.23078508 0.0 0.0 0.0 13.45690275" Properties=species:S:1:pos:R:3:GW_charged:R:1:dKS_charged:R:1:dKS_neutral:R:1 pbc="T T T"
 OpenBabel12102410123D
Lattice="14.13461377 0.0 0.0 0.0 15.23078508 0.0 0.0 0.0 13.45690275" Properties=species:S:1:pos:R:3:GW_charged:R:1:dKS_charged:R:1:dKS_neutral:R:1 pbc="T T T"
 21 23  0  0  1  0  0  0  0  0999 V2000
    6.4741    7.7449    6.8429 C   0  0  0  0  0  0  0  0  0  0  0  0
    6.5089    6.2327    6.7518 C   0  0  0  0  0  0  0  0  0  0  0  0
    6.6486    5.3960    8.0006 C   0  0  0  0  0  0  0  0  0  0  0  0
    5.3458    5.4044    7.2356 C   0  0  0  0  0  0  0  0  0  0  0  0
    7.8695    8.3432    6.9555 C   0  0  1  0  0  0  0  0  0  0  0  0
    8.8565    8.4392    5.7539 C   0  0  1  0  0  0  0  0  0  0  0  0
    8.0336    9.5933    5.1375 C   0  0  0  0  0  0  0  0  0  0  0  0
    8.1931    9.8348    6.6566 C   0  0  2  0  0  0  0  0  0  0  0  0
    9.6346    9.4546    6.5293 O   0  0  0  0  0  0  0  0  0  0  0  0
    5.9278    8.1515    5.9780 H   0  0  0  0  0  0  0  0  0  0  0  0
    5.8948    8.0414    7.7335 H   0  0  0  0  0  0  0  0  0  0  0  0
    7.0265    5.8492    5.8692 H   0  0  0  0  0  0  0  0  0  0  0  0
    7.2658    4.5000    7.9630 H   0  0  0  0  0  0  0  0  0  0  0  0
    6.6793    5.9184    8.9569 H   0  0  0  0  0  0  0  0  0  0  0  0
    4.5000    5.9307    7.6780 H   0  0  0  0  0  0  0  0  0  0  0  0
    5.0713    4.5139    6.6724 H   0  0  0  0  0  0  0  0  0  0  0  0
    8.3865    7.9946    7.8607 H   0  0  0  0  0  0  0  0  0  0  0  0
    9.4298    7.6478    5.2554 H   0  0  0  0  0  0  0  0  0  0  0  0
    8.6045   10.2765    4.5000 H   0  0  0  0  0  0  0  0  0  0  0  0
    7.0345    9.3751    4.7401 H   0  0  0  0  0  0  0  0  0  0  0  0
    7.9642   10.7308    7.2474 H   0  0  0  0  0  0  0  0  0  0  0  0
  1  5  1  0  0  0  0
  1 11  1  0  0  0  0
  2  1  1  0  0  0  0
  2  4  1  0  0  0  0
  2  3  1  0  0  0  0
  3 14  1  0  0  0  0
  4 15  1  0  0  0  0
  4  3  1  0  0  0  0
  5 17  1  1  0  0  0
  6 18  1  6  0  0  0
  6  9  1  0  0  0  0
  6  5  1  0  0  0  0
  7  6  1  0  0  0  0
  7  8  1  0  0  0  0
  8  5  1  0  0  0  0
  8 21  1  1  0  0  0
  9  8  1  0  0  0  0
 10  1  1  0  0  0  0
 12  2  1  0  0  0  0
 13  3  1  0  0  0  0
 16  4  1  0  0  0  0
 19  7  1  0  0  0  0
 20  7  1  0  0  0  0
M  END
