Lattice="12.84402617 0.0 0.0 0.0 13.08405201 0.0 0.0 0.0 15.038968239999999" Properties=species:S:1:pos:R:3:GW_charged:R:1:dKS_charged:R:1:dKS_neutral:R:1 pbc="T T T"
 OpenBabel12102411053D
Lattice="12.84402617 0.0 0.0 0.0 13.08405201 0.0 0.0 0.0 15.038968239999999" Properties=species:S:1:pos:R:3:GW_charged:R:1:dKS_charged:R:1:dKS_neutral:R:1 pbc="T T T"
 21 23  0  0  1  0  0  0  0  0999 V2000
    5.5111    7.3315    8.6877 C   0  0  0  0  0  0  0  0  0  0  0  0
    7.0642    7.2816    8.5958 C   0  0  1  0  0  0  0  0  0  0  0  0
    6.9599    6.0074    9.4864 C   0  0  0  0  0  0  0  0  0  0  0  0
    5.6564    5.7848    8.6639 C   0  0  2  0  0  0  0  0  0  0  0  0
    6.2432    5.5120    7.2524 C   0  0  1  0  0  0  0  0  0  0  0  0
    5.3617    5.7897    6.0691 C   0  0  0  0  0  0  0  0  0  0  0  0
    5.7446    6.8758    5.3851 C   0  0  0  0  0  0  0  0  0  0  0  0
    6.9684    7.5344    5.9712 C   0  0  0  0  0  0  0  0  0  0  0  0
    7.3190    6.6655    7.2045 C   0  0  1  0  0  0  0  0  0  0  0  0
    5.1723    7.6953    9.6655 H   0  0  0  0  0  0  0  0  0  0  0  0
    4.9419    7.8195    7.8856 H   0  0  0  0  0  0  0  0  0  0  0  0
    7.6859    8.1391    8.8810 H   0  0  0  0  0  0  0  0  0  0  0  0
    7.7570    5.2531    9.4088 H   0  0  0  0  0  0  0  0  0  0  0  0
    6.7592    6.2440   10.5390 H   0  0  0  0  0  0  0  0  0  0  0  0
    4.8549    5.1211    9.0092 H   0  0  0  0  0  0  0  0  0  0  0  0
    6.6776    4.5000    7.2129 H   0  0  0  0  0  0  0  0  0  0  0  0
    4.5000    5.1705    5.8164 H   0  0  0  0  0  0  0  0  0  0  0  0
    5.2377    7.2633    4.5000 H   0  0  0  0  0  0  0  0  0  0  0  0
    7.7942    7.5699    5.2428 H   0  0  0  0  0  0  0  0  0  0  0  0
    6.7686    8.5841    6.2492 H   0  0  0  0  0  0  0  0  0  0  0  0
    8.3440    6.2775    7.1359 H   0  0  0  0  0  0  0  0  0  0  0  0
  1 10  1  0  0  0  0
  2  1  1  0  0  0  0
  2 12  1  1  0  0  0
  2  3  1  0  0  0  0
  3 14  1  0  0  0  0
  4  1  1  0  0  0  0
  4 15  1  1  0  0  0
  4  3  1  0  0  0  0
  5 16  1  6  0  0  0
  5  4  1  0  0  0  0
  6  5  1  0  0  0  0
  7  8  1  0  0  0  0
  7  6  2  0  0  0  0
  8 20  1  0  0  0  0
  8  9  1  0  0  0  0
  9 21  1  6  0  0  0
  9  5  1  0  0  0  0
  9  2  1  0  0  0  0
 11  1  1  0  0  0  0
 13  3  1  0  0  0  0
 17  6  1  0  0  0  0
 18  7  1  0  0  0  0
 19  8  1  0  0  0  0
M  END
