Lattice="12.56959021 0.0 0.0 0.0 15.691659959999999 0.0 0.0 0.0 13.423255359999999" Properties=species:S:1:pos:R:3:GW_charged:R:1:dKS_charged:R:1:dKS_neutral:R:1 pbc="T T T"
 OpenBabel12102409393D
Lattice="12.56959021 0.0 0.0 0.0 15.691659959999999 0.0 0.0 0.0 13.423255359999999" Properties=species:S:1:pos:R:3:GW_charged:R:1:dKS_charged:R:1:dKS_neutral:R:1 pbc="T T T"
 19 19  0  0  1  0  0  0  0  0999 V2000
    5.2330   10.6481    7.9207 C   0  0  0  0  0  0  0  0  0  0  0  0
    5.4652    9.1400    8.0235 C   0  0  0  0  0  0  0  0  0  0  0  0
    6.1634    8.5502    6.7951 C   0  0  0  0  0  0  0  0  0  0  0  0
    6.3972    7.0384    6.8947 C   0  0  0  0  0  0  0  0  0  0  0  0
    7.0810    6.4681    5.6791 C   0  0  1  0  0  0  0  0  0  0  0  0
    6.7964    5.1211    5.1647 C   0  0  0  0  0  0  0  0  0  0  0  0
    6.2679    6.2815    4.5000 O   0  0  0  0  0  0  0  0  0  0  0  0
    6.1825   11.1917    7.8086 H   0  0  0  0  0  0  0  0  0  0  0  0
    4.6076   10.8967    7.0510 H   0  0  0  0  0  0  0  0  0  0  0  0
    4.7297   11.0412    8.8145 H   0  0  0  0  0  0  0  0  0  0  0  0
    6.0634    8.9188    8.9233 H   0  0  0  0  0  0  0  0  0  0  0  0
    4.5000    8.6278    8.1710 H   0  0  0  0  0  0  0  0  0  0  0  0
    5.5649    8.7601    5.8939 H   0  0  0  0  0  0  0  0  0  0  0  0
    7.1305    9.0603    6.6449 H   0  0  0  0  0  0  0  0  0  0  0  0
    7.0167    6.8126    7.7800 H   0  0  0  0  0  0  0  0  0  0  0  0
    5.4370    6.5179    7.0395 H   0  0  0  0  0  0  0  0  0  0  0  0
    8.0696    6.8893    5.4541 H   0  0  0  0  0  0  0  0  0  0  0  0
    7.5635    4.5739    4.6086 H   0  0  0  0  0  0  0  0  0  0  0  0
    6.0540    4.5000    5.6758 H   0  0  0  0  0  0  0  0  0  0  0  0
  1  2  1  0  0  0  0
  1 10  1  0  0  0  0
  2 12  1  0  0  0  0
  2 11  1  0  0  0  0
  3  4  1  0  0  0  0
  3  2  1  0  0  0  0
  4 16  1  0  0  0  0
  4 15  1  0  0  0  0
  5 17  1  6  0  0  0
  5  4  1  0  0  0  0
  6 19  1  0  0  0  0
  6  5  1  0  0  0  0
  7  6  1  0  0  0  0
  7  5  1  0  0  0  0
  8  1  1  0  0  0  0
  9  1  1  0  0  0  0
 13  3  1  0  0  0  0
 14  3  1  0  0  0  0
 18  6  1  0  0  0  0
M  END
