Lattice="13.03823764 0.0 0.0 0.0 13.091717899999999 0.0 0.0 0.0 14.86759452" Properties=species:S:1:pos:R:3:GW_charged:R:1:dKS_charged:R:1:dKS_neutral:R:1 pbc="T T T"
 OpenBabel12102409383D
Lattice="13.03823764 0.0 0.0 0.0 13.091717899999999 0.0 0.0 0.0 14.86759452" Properties=species:S:1:pos:R:3:GW_charged:R:1:dKS_charged:R:1:dKS_neutral:R:1 pbc="T T T"
 17 17  0  0  1  0  0  0  0  0999 V2000
    5.4238    8.0952    5.5685 C   0  0  0  0  0  0  0  0  0  0  0  0
    5.3691    6.5954    5.7523 C   0  0  1  0  0  0  0  0  0  0  0  0
    6.6262    5.7547    5.7461 C   0  0  0  0  0  0  0  0  0  0  0  0
    5.8245    5.8962    7.0167 C   0  0  1  0  0  0  0  0  0  0  0  0
    6.3782    6.6596    8.2123 C   0  0  0  0  0  0  0  0  0  0  0  0
    7.2260    5.8310    9.0621 C   0  0  0  0  0  0  0  0  0  0  0  0
    7.9215    5.1212    9.7536 C   0  0  0  0  0  0  0  0  0  0  0  0
    6.3384    8.5353    5.9878 H   0  0  0  0  0  0  0  0  0  0  0  0
    5.4057    8.3530    4.5000 H   0  0  0  0  0  0  0  0  0  0  0  0
    4.5661    8.5917    6.0455 H   0  0  0  0  0  0  0  0  0  0  0  0
    4.5000    6.1316    5.2806 H   0  0  0  0  0  0  0  0  0  0  0  0
    6.6265    4.7965    5.2291 H   0  0  0  0  0  0  0  0  0  0  0  0
    7.5784    6.2854    5.7000 H   0  0  0  0  0  0  0  0  0  0  0  0
    5.2383    5.0228    7.3066 H   0  0  0  0  0  0  0  0  0  0  0  0
    6.9585    7.5336    7.8779 H   0  0  0  0  0  0  0  0  0  0  0  0
    5.5468    7.0617    8.8157 H   0  0  0  0  0  0  0  0  0  0  0  0
    8.5382    4.5000   10.3676 H   0  0  0  0  0  0  0  0  0  0  0  0
  1  2  1  0  0  0  0
  1  8  1  0  0  0  0
  1 10  1  0  0  0  0
  2 11  1  6  0  0  0
  2  4  1  0  0  0  0
  3  2  1  0  0  0  0
  3  4  1  0  0  0  0
  4 14  1  1  0  0  0
  4  5  1  0  0  0  0
  5 16  1  0  0  0  0
  5  6  1  0  0  0  0
  6  7  3  0  0  0  0
  7 17  1  0  0  0  0
  9  1  1  0  0  0  0
 12  3  1  0  0  0  0
 13  3  1  0  0  0  0
 15  5  1  0  0  0  0
M  END
