Lattice="13.3580999 0.0 0.0 0.0 15.642497 0.0 0.0 0.0 14.793769659999999" Properties=species:S:1:pos:R:3:GW_charged:R:1:dKS_charged:R:1:dKS_neutral:R:1 pbc="T T T"
 OpenBabel12102411083D
Lattice="13.3580999 0.0 0.0 0.0 15.642497 0.0 0.0 0.0 14.793769659999999" Properties=species:S:1:pos:R:3:GW_charged:R:1:dKS_charged:R:1:dKS_neutral:R:1 pbc="T T T"
 25 25  0  0  0  0  0  0  0  0999 V2000
    6.3411   10.7223    8.1071 C   0  0  0  0  0  0  0  0  0  0  0  0
    6.2643    9.1889    8.1287 C   0  0  0  0  0  0  0  0  0  0  0  0
    6.7791    8.6490    9.4639 C   0  0  0  0  0  0  0  0  0  0  0  0
    4.8773    8.7765    8.0787 O   0  0  0  0  0  0  0  0  0  0  0  0
    7.0448    8.6155    6.9228 C   0  0  0  0  0  0  0  0  0  0  0  0
    7.0722    7.1017    6.7714 C   0  0  0  0  0  0  0  0  0  0  0  0
    5.8050    6.3196    6.3241 C   0  0  0  0  0  0  0  0  0  0  0  0
    6.7222    5.3912    5.4875 C   0  0  0  0  0  0  0  0  0  0  0  0
    7.8094    6.4965    5.5433 C   0  0  0  0  0  0  0  0  0  0  0  0
    7.3753   11.0755    8.2245 H   0  0  0  0  0  0  0  0  0  0  0  0
    5.9607   11.1201    7.1539 H   0  0  0  0  0  0  0  0  0  0  0  0
    5.7359   11.1425    8.9209 H   0  0  0  0  0  0  0  0  0  0  0  0
    6.2404    9.1244   10.2938 H   0  0  0  0  0  0  0  0  0  0  0  0
    6.6179    7.5666    9.5354 H   0  0  0  0  0  0  0  0  0  0  0  0
    7.8515    8.8524    9.5824 H   0  0  0  0  0  0  0  0  0  0  0  0
    4.5000    9.1094    7.2488 H   0  0  0  0  0  0  0  0  0  0  0  0
    6.6217    9.0587    6.0021 H   0  0  0  0  0  0  0  0  0  0  0  0
    8.0830    8.9863    6.9785 H   0  0  0  0  0  0  0  0  0  0  0  0
    7.4754    6.6378    7.6851 H   0  0  0  0  0  0  0  0  0  0  0  0
    5.1710    5.8801    7.1027 H   0  0  0  0  0  0  0  0  0  0  0  0
    5.1705    6.9414    5.6749 H   0  0  0  0  0  0  0  0  0  0  0  0
    7.0231    4.5000    6.0550 H   0  0  0  0  0  0  0  0  0  0  0  0
    6.3682    5.0695    4.5000 H   0  0  0  0  0  0  0  0  0  0  0  0
    7.7406    7.1680    4.6741 H   0  0  0  0  0  0  0  0  0  0  0  0
    8.8581    6.1957    5.6679 H   0  0  0  0  0  0  0  0  0  0  0  0
  1  2  1  0  0  0  0
  1 10  1  0  0  0  0
  1 12  1  0  0  0  0
  2  3  1  0  0  0  0
  3 14  1  0  0  0  0
  3 15  1  0  0  0  0
  3 13  1  0  0  0  0
  4  2  1  0  0  0  0
  5 18  1  0  0  0  0
  5  2  1  0  0  0  0
  6  5  1  0  0  0  0
  6 19  1  0  0  0  0
  7  6  1  0  0  0  0
  7 20  1  0  0  0  0
  8  9  1  0  0  0  0
  8 22  1  0  0  0  0
  8  7  1  0  0  0  0
  9 25  1  0  0  0  0
  9  6  1  0  0  0  0
 11  1  1  0  0  0  0
 16  4  1  0  0  0  0
 17  5  1  0  0  0  0
 21  7  1  0  0  0  0
 23  8  1  0  0  0  0
 24  9  1  0  0  0  0
M  END
