Lattice="13.32426542 0.0 0.0 0.0 16.0030709 0.0 0.0 0.0 13.31686695" Properties=species:S:1:pos:R:3:GW_charged:R:1:dKS_charged:R:1:dKS_neutral:R:1 pbc="T T T"
 OpenBabel12102409403D
Lattice="13.32426542 0.0 0.0 0.0 16.0030709 0.0 0.0 0.0 13.31686695" Properties=species:S:1:pos:R:3:GW_charged:R:1:dKS_charged:R:1:dKS_neutral:R:1 pbc="T T T"
 20 19  0  0  0  0  0  0  0  0999 V2000
    7.7513   11.0328    6.7713 C   0  0  0  0  0  0  0  0  0  0  0  0
    7.6444    9.6178    6.7545 O   0  0  0  0  0  0  0  0  0  0  0  0
    6.3009    9.0681    6.6684 C   0  0  0  0  0  0  0  0  0  0  0  0
    5.4535    9.4682    7.8934 C   0  0  0  0  0  0  0  0  0  0  0  0
    5.6084    9.4871    5.3555 C   0  0  0  0  0  0  0  0  0  0  0  0
    6.4967    7.6133    6.6695 C   0  0  0  0  0  0  0  0  0  0  0  0
    6.6187    6.4075    6.6679 C   0  0  0  0  0  0  0  0  0  0  0  0
    6.7872    4.9639    6.6674 C   0  0  0  0  0  0  0  0  0  0  0  0
    8.8243   11.2476    6.8389 H   0  0  0  0  0  0  0  0  0  0  0  0
    7.3616   11.5031    5.8523 H   0  0  0  0  0  0  0  0  0  0  0  0
    7.2515   11.4902    7.6424 H   0  0  0  0  0  0  0  0  0  0  0  0
    5.2310   10.5436    7.8917 H   0  0  0  0  0  0  0  0  0  0  0  0
    4.5000    8.9262    7.8804 H   0  0  0  0  0  0  0  0  0  0  0  0
    5.9866    9.2121    8.8169 H   0  0  0  0  0  0  0  0  0  0  0  0
    6.2501    9.2444    4.5000 H   0  0  0  0  0  0  0  0  0  0  0  0
    4.6609    8.9458    5.2443 H   0  0  0  0  0  0  0  0  0  0  0  0
    5.3862   10.5626    5.3462 H   0  0  0  0  0  0  0  0  0  0  0  0
    6.2705    4.5000    7.5200 H   0  0  0  0  0  0  0  0  0  0  0  0
    6.3877    4.5143    5.7470 H   0  0  0  0  0  0  0  0  0  0  0  0
    7.8510    4.6942    6.7356 H   0  0  0  0  0  0  0  0  0  0  0  0
  1  9  1  0  0  0  0
  1 11  1  0  0  0  0
  2  1  1  0  0  0  0
  3  6  1  0  0  0  0
  3  2  1  0  0  0  0
  3  4  1  0  0  0  0
  4 14  1  0  0  0  0
  5  3  1  0  0  0  0
  7  6  3  0  0  0  0
  8  7  1  0  0  0  0
  8 20  1  0  0  0  0
  8 18  1  0  0  0  0
 10  1  1  0  0  0  0
 12  4  1  0  0  0  0
 13  4  1  0  0  0  0
 15  5  1  0  0  0  0
 16  5  1  0  0  0  0
 17  5  1  0  0  0  0
 19  8  1  0  0  0  0
M  END
