Lattice="14.219183829999999 0.0 0.0 0.0 14.21275369 0.0 0.0 0.0 12.90076402" Properties=species:S:1:pos:R:3:GW_charged:R:1:dKS_charged:R:1:dKS_neutral:R:1 pbc="T T T"
 OpenBabel12102411073D
Lattice="14.219183829999999 0.0 0.0 0.0 14.21275369 0.0 0.0 0.0 12.90076402" Properties=species:S:1:pos:R:3:GW_charged:R:1:dKS_charged:R:1:dKS_neutral:R:1 pbc="T T T"
 23 23  0  0  0  0  0  0  0  0999 V2000
    5.5010    7.9297    6.4716 C   0  0  0  0  0  0  0  0  0  0  0  0
    6.8637    8.6371    6.5873 C   0  0  0  0  0  0  0  0  0  0  0  0
    7.7723    8.1323    7.7291 C   0  0  0  0  0  0  0  0  0  0  0  0
    9.0870    7.5067    7.2451 C   0  0  0  0  0  0  0  0  0  0  0  0
    8.9509    6.5203    6.2153 O   0  0  0  0  0  0  0  0  0  0  0  0
    8.3167    5.3118    6.6040 C   0  0  0  0  0  0  0  0  0  0  0  0
    7.4037    4.8766    5.6349 O   0  0  0  0  0  0  0  0  0  0  0  0
    6.4095    5.8357    5.2254 C   0  0  0  0  0  0  0  0  0  0  0  0
    5.5310    6.3950    6.3619 C   0  0  0  0  0  0  0  0  0  0  0  0
    4.8804    8.1986    7.3421 H   0  0  0  0  0  0  0  0  0  0  0  0
    4.9753    8.3423    5.5949 H   0  0  0  0  0  0  0  0  0  0  0  0
    7.4058    8.5393    5.6350 H   0  0  0  0  0  0  0  0  0  0  0  0
    6.6731    9.7128    6.7109 H   0  0  0  0  0  0  0  0  0  0  0  0
    8.0489    8.9593    8.4008 H   0  0  0  0  0  0  0  0  0  0  0  0
    7.2262    7.4190    8.3652 H   0  0  0  0  0  0  0  0  0  0  0  0
    9.7192    8.2812    6.7880 H   0  0  0  0  0  0  0  0  0  0  0  0
    9.6489    7.0927    8.1026 H   0  0  0  0  0  0  0  0  0  0  0  0
    9.0586    4.5000    6.6706 H   0  0  0  0  0  0  0  0  0  0  0  0
    7.8375    5.4471    7.5933 H   0  0  0  0  0  0  0  0  0  0  0  0
    6.9091    6.6529    4.6834 H   0  0  0  0  0  0  0  0  0  0  0  0
    5.8048    5.2791    4.5000 H   0  0  0  0  0  0  0  0  0  0  0  0
    5.8675    5.9582    7.3138 H   0  0  0  0  0  0  0  0  0  0  0  0
    4.5000    6.0339    6.2391 H   0  0  0  0  0  0  0  0  0  0  0  0
  1  2  1  0  0  0  0
  1 10  1  0  0  0  0
  2 13  1  0  0  0  0
  2  3  1  0  0  0  0
  3 15  1  0  0  0  0
  3 14  1  0  0  0  0
  4  3  1  0  0  0  0
  4 17  1  0  0  0  0
  5  6  1  0  0  0  0
  5  4  1  0  0  0  0
  6 18  1  0  0  0  0
  6 19  1  0  0  0  0
  7  6  1  0  0  0  0
  8  7  1  0  0  0  0
  8  9  1  0  0  0  0
  9  1  1  0  0  0  0
  9 22  1  0  0  0  0
 11  1  1  0  0  0  0
 12  2  1  0  0  0  0
 16  4  1  0  0  0  0
 20  8  1  0  0  0  0
 21  8  1  0  0  0  0
 23  9  1  0  0  0  0
M  END
