Lattice="13.796849609999999 0.0 0.0 0.0 15.309758669999999 0.0 0.0 0.0 12.56875444" Properties=species:S:1:pos:R:3:GW_charged:R:1:dKS_charged:R:1:dKS_neutral:R:1 pbc="T T T"
 OpenBabel12102409463D
Lattice="13.796849609999999 0.0 0.0 0.0 15.309758669999999 0.0 0.0 0.0 12.56875444" Properties=species:S:1:pos:R:3:GW_charged:R:1:dKS_charged:R:1:dKS_neutral:R:1 pbc="T T T"
 19 20  0  0  1  0  0  0  0  0999 V2000
    5.9077    5.5645    5.2024 C   0  0  0  0  0  0  0  0  0  0  0  0
    5.9597    6.7709    5.2996 C   0  0  0  0  0  0  0  0  0  0  0  0
    6.0279    8.2158    5.4260 C   0  0  1  0  0  0  0  0  0  0  0  0
    5.4160    8.7889    6.7611 C   0  0  0  0  0  0  0  0  0  0  0  0
    6.5622    9.6719    7.2839 C   0  0  2  0  0  0  0  0  0  0  0  0
    7.1937   10.2222    5.9999 C   0  0  0  0  0  0  0  0  0  0  0  0
    7.4745    8.8086    5.4557 C   0  0  1  0  0  0  0  0  0  0  0  0
    8.2271    8.2057    6.6468 C   0  0  0  0  0  0  0  0  0  0  0  0
    7.5953    8.8097    7.8091 O   0  0  0  0  0  0  0  0  0  0  0  0
    5.8560    4.5000    5.1149 H   0  0  0  0  0  0  0  0  0  0  0  0
    5.4993    8.6559    4.5653 H   0  0  0  0  0  0  0  0  0  0  0  0
    4.5000    9.3628    6.5655 H   0  0  0  0  0  0  0  0  0  0  0  0
    5.1809    7.9935    7.4768 H   0  0  0  0  0  0  0  0  0  0  0  0
    6.2893   10.3858    8.0688 H   0  0  0  0  0  0  0  0  0  0  0  0
    6.5001   10.8005    5.3751 H   0  0  0  0  0  0  0  0  0  0  0  0
    8.1002   10.8098    6.1911 H   0  0  0  0  0  0  0  0  0  0  0  0
    8.0042    8.7303    4.5000 H   0  0  0  0  0  0  0  0  0  0  0  0
    8.1316    7.1112    6.7014 H   0  0  0  0  0  0  0  0  0  0  0  0
    9.2968    8.4711    6.6398 H   0  0  0  0  0  0  0  0  0  0  0  0
  1  2  3  0  0  0  0
  2  3  1  0  0  0  0
  3 11  1  6  0  0  0
  3  7  1  0  0  0  0
  3  4  1  0  0  0  0
  4  5  1  0  0  0  0
  4 13  1  0  0  0  0
  5  9  1  0  0  0  0
  5 14  1  1  0  0  0
  6 16  1  0  0  0  0
  6  5  1  0  0  0  0
  7 17  1  6  0  0  0
  7  6  1  0  0  0  0
  7  8  1  0  0  0  0
  8 18  1  0  0  0  0
  8  9  1  0  0  0  0
 10  1  1  0  0  0  0
 12  4  1  0  0  0  0
 15  6  1  0  0  0  0
 19  8  1  0  0  0  0
M  END
