Lattice="13.12807942 0.0 0.0 0.0 13.5022601 0.0 0.0 0.0 13.3901548" Properties=species:S:1:pos:R:3:GW_charged:R:1:dKS_charged:R:1:dKS_neutral:R:1 pbc="T T T"
 OpenBabel12102411043D
Lattice="13.12807942 0.0 0.0 0.0 13.5022601 0.0 0.0 0.0 13.3901548" Properties=species:S:1:pos:R:3:GW_charged:R:1:dKS_charged:R:1:dKS_neutral:R:1 pbc="T T T"
 21 23  0  0  1  0  0  0  0  0999 V2000
    5.6331    8.3831    5.4971 C   0  0  0  0  0  0  0  0  0  0  0  0
    6.9511    7.6716    5.6652 C   0  0  2  0  0  0  0  0  0  0  0  0
    5.6600    6.8864    5.6729 C   0  0  1  0  0  0  0  0  0  0  0  0
    5.4537    6.2069    7.0400 C   0  0  1  0  0  0  0  0  0  0  0  0
    6.6572    5.2221    7.1912 C   0  0  0  0  0  0  0  0  0  0  0  0
    7.9833    6.0286    7.1833 C   0  0  0  0  0  0  0  0  0  0  0  0
    7.6612    7.5494    7.0269 C   0  0  2  0  0  0  0  0  0  0  0  0
    6.7202    7.9124    8.1434 C   0  0  0  0  0  0  0  0  0  0  0  0
    5.5739    7.2153    8.1502 C   0  0  0  0  0  0  0  0  0  0  0  0
    5.2614    9.0023    6.3122 H   0  0  0  0  0  0  0  0  0  0  0  0
    5.4013    8.7545    4.5000 H   0  0  0  0  0  0  0  0  0  0  0  0
    7.6086    7.6037    4.7972 H   0  0  0  0  0  0  0  0  0  0  0  0
    5.4103    6.2668    4.8103 H   0  0  0  0  0  0  0  0  0  0  0  0
    4.5000    5.6651    7.0748 H   0  0  0  0  0  0  0  0  0  0  0  0
    6.5503    4.6491    8.1217 H   0  0  0  0  0  0  0  0  0  0  0  0
    6.6337    4.5000    6.3620 H   0  0  0  0  0  0  0  0  0  0  0  0
    8.5493    5.8648    8.1099 H   0  0  0  0  0  0  0  0  0  0  0  0
    8.6281    5.7128    6.3502 H   0  0  0  0  0  0  0  0  0  0  0  0
    8.5813    8.1471    7.0505 H   0  0  0  0  0  0  0  0  0  0  0  0
    6.9689    8.6792    8.8771 H   0  0  0  0  0  0  0  0  0  0  0  0
    4.7851    7.3511    8.8902 H   0  0  0  0  0  0  0  0  0  0  0  0
  1  2  1  0  0  0  0
  1  3  1  0  0  0  0
  1 10  1  0  0  0  0
  2 12  1  6  0  0  0
  2  3  1  0  0  0  0
  2  7  1  0  0  0  0
  3 13  1  6  0  0  0
  3  4  1  0  0  0  0
  4 14  1  1  0  0  0
  4  5  1  0  0  0  0
  4  9  1  0  0  0  0
  5 15  1  0  0  0  0
  6  5  1  0  0  0  0
  6 17  1  0  0  0  0
  7 19  1  1  0  0  0
  7  6  1  0  0  0  0
  7  8  1  0  0  0  0
  8  9  2  0  0  0  0
  8 20  1  0  0  0  0
  9 21  1  0  0  0  0
 11  1  1  0  0  0  0
 16  5  1  0  0  0  0
 18  6  1  0  0  0  0
M  END
