Lattice="12.994060430000001 0.0 0.0 0.0 15.01081921 0.0 0.0 0.0 13.241260669999999" Properties=species:S:1:pos:R:3:GW_charged:R:1:dKS_charged:R:1:dKS_neutral:R:1 pbc="T T T"
 OpenBabel12102409393D
Lattice="12.994060430000001 0.0 0.0 0.0 15.01081921 0.0 0.0 0.0 13.241260669999999" Properties=species:S:1:pos:R:3:GW_charged:R:1:dKS_charged:R:1:dKS_neutral:R:1 pbc="T T T"
 17 17  0  0  0  0  0  0  0  0999 V2000
    5.6055    5.4895    4.8663 C   0  0  0  0  0  0  0  0  0  0  0  0
    5.7975    6.6134    5.2757 C   0  0  0  0  0  0  0  0  0  0  0  0
    6.0453    7.9501    5.7889 C   0  0  0  0  0  0  0  0  0  0  0  0
    5.5917    8.1720    7.2515 C   0  0  0  0  0  0  0  0  0  0  0  0
    6.3071    9.4702    7.6759 C   0  0  0  0  0  0  0  0  0  0  0  0
    7.5634    9.5882    6.7629 C   0  0  0  0  0  0  0  0  0  0  0  0
    7.5383    8.3527    5.8413 C   0  0  0  0  0  0  0  0  0  0  0  0
    5.4322    4.5000    4.5000 H   0  0  0  0  0  0  0  0  0  0  0  0
    5.5125    8.6741    5.1460 H   0  0  0  0  0  0  0  0  0  0  0  0
    4.5000    8.2243    7.3473 H   0  0  0  0  0  0  0  0  0  0  0  0
    5.9324    7.3180    7.8551 H   0  0  0  0  0  0  0  0  0  0  0  0
    5.6480   10.3368    7.5298 H   0  0  0  0  0  0  0  0  0  0  0  0
    6.5691    9.4523    8.7413 H   0  0  0  0  0  0  0  0  0  0  0  0
    7.5161   10.5108    6.1684 H   0  0  0  0  0  0  0  0  0  0  0  0
    8.4941    9.6364    7.3422 H   0  0  0  0  0  0  0  0  0  0  0  0
    8.1082    7.5207    6.2805 H   0  0  0  0  0  0  0  0  0  0  0  0
    7.9552    8.5434    4.8445 H   0  0  0  0  0  0  0  0  0  0  0  0
  1  2  3  0  0  0  0
  2  3  1  0  0  0  0
  3  7  1  0  0  0  0
  3  4  1  0  0  0  0
  4 10  1  0  0  0  0
  4  5  1  0  0  0  0
  4 11  1  0  0  0  0
  5 13  1  0  0  0  0
  6 15  1  0  0  0  0
  6  5  1  0  0  0  0
  7 16  1  0  0  0  0
  7  6  1  0  0  0  0
  8  1  1  0  0  0  0
  9  3  1  0  0  0  0
 12  5  1  0  0  0  0
 14  6  1  0  0  0  0
 17  7  1  0  0  0  0
M  END
