Lattice="12.049283240000001 0.0 0.0 0.0 14.66237091 0.0 0.0 0.0 13.23089789" Properties=species:S:1:pos:R:3:GW_charged:R:1:dKS_charged:R:1:dKS_neutral:R:1 pbc="T T T"
 OpenBabel12102409263D
Lattice="12.049283240000001 0.0 0.0 0.0 14.66237091 0.0 0.0 0.0 13.23089789" Properties=species:S:1:pos:R:3:GW_charged:R:1:dKS_charged:R:1:dKS_neutral:R:1 pbc="T T T"
 18 18  0  0  0  0  0  0  0  0999 V2000
    5.4957    9.6865    7.8672 C   0  0  0  0  0  0  0  0  0  0  0  0
    5.5025    8.1621    7.7458 C   0  0  0  0  0  0  0  0  0  0  0  0
    6.5240    7.6387    6.7293 C   0  0  0  0  0  0  0  0  0  0  0  0
    6.5267    6.1312    6.6014 C   0  0  0  0  0  0  0  0  0  0  0  0
    5.5208    5.4425    5.7104 C   0  0  0  0  0  0  0  0  0  0  0  0
    6.9827    5.4649    5.3278 C   0  0  0  0  0  0  0  0  0  0  0  0
    6.4787   10.0674    8.1812 H   0  0  0  0  0  0  0  0  0  0  0  0
    5.2517   10.1624    6.9059 H   0  0  0  0  0  0  0  0  0  0  0  0
    4.7567   10.0306    8.6036 H   0  0  0  0  0  0  0  0  0  0  0  0
    5.7121    7.7136    8.7309 H   0  0  0  0  0  0  0  0  0  0  0  0
    4.5000    7.8051    7.4601 H   0  0  0  0  0  0  0  0  0  0  0  0
    6.3162    8.0848    5.7410 H   0  0  0  0  0  0  0  0  0  0  0  0
    7.5333    7.9865    7.0100 H   0  0  0  0  0  0  0  0  0  0  0  0
    6.7756    5.6009    7.5242 H   0  0  0  0  0  0  0  0  0  0  0  0
    5.0863    4.5000    6.0399 H   0  0  0  0  0  0  0  0  0  0  0  0
    4.8379    6.0736    5.1412 H   0  0  0  0  0  0  0  0  0  0  0  0
    7.2812    6.1082    4.5000 H   0  0  0  0  0  0  0  0  0  0  0  0
    7.5493    4.5377    5.3981 H   0  0  0  0  0  0  0  0  0  0  0  0
  1  7  1  0  0  0  0
  1  9  1  0  0  0  0
  2  1  1  0  0  0  0
  2 10  1  0  0  0  0
  3 13  1  0  0  0  0
  3  2  1  0  0  0  0
  4  3  1  0  0  0  0
  4 14  1  0  0  0  0
  5 15  1  0  0  0  0
  5  4  1  0  0  0  0
  6 18  1  0  0  0  0
  6  5  1  0  0  0  0
  6  4  1  0  0  0  0
  8  1  1  0  0  0  0
 11  2  1  0  0  0  0
 12  3  1  0  0  0  0
 16  5  1  0  0  0  0
 17  6  1  0  0  0  0
M  END
