Lattice="13.533321690000001 0.0 0.0 0.0 13.77898838 0.0 0.0 0.0 13.54277046" Properties=species:S:1:pos:R:3:GW_charged:R:1:dKS_charged:R:1:dKS_neutral:R:1 pbc="T T T"
 OpenBabel12102409393D
Lattice="13.533321690000001 0.0 0.0 0.0 13.77898838 0.0 0.0 0.0 13.54277046" Properties=species:S:1:pos:R:3:GW_charged:R:1:dKS_charged:R:1:dKS_neutral:R:1 pbc="T T T"
 19 20  0  0  1  0  0  0  0  0999 V2000
    5.5553    8.8296    6.2228 C   0  0  0  0  0  0  0  0  0  0  0  0
    5.5381    7.3125    6.2996 C   0  0  1  0  0  0  0  0  0  0  0  0
    6.4447    6.4798    5.3413 C   0  0  0  0  0  0  0  0  0  0  0  0
    6.8456    5.5471    6.5217 C   0  0  1  0  0  0  0  0  0  0  0  0
    8.2246    5.8491    7.1460 C   0  0  0  0  0  0  0  0  0  0  0  0
    7.5897    7.0152    7.9605 C   0  0  0  0  0  0  0  0  0  0  0  0
    6.1659    6.5680    7.5087 C   0  0  1  0  0  0  0  0  0  0  0  0
    6.5753    9.2313    6.3109 H   0  0  0  0  0  0  0  0  0  0  0  0
    5.1496    9.1792    5.2622 H   0  0  0  0  0  0  0  0  0  0  0  0
    4.9499    9.2790    7.0237 H   0  0  0  0  0  0  0  0  0  0  0  0
    4.5000    6.9589    6.1958 H   0  0  0  0  0  0  0  0  0  0  0  0
    5.9283    6.0007    4.5000 H   0  0  0  0  0  0  0  0  0  0  0  0
    7.2971    7.0458    4.9351 H   0  0  0  0  0  0  0  0  0  0  0  0
    6.5318    4.5000    6.4336 H   0  0  0  0  0  0  0  0  0  0  0  0
    8.5782    5.0366    7.7951 H   0  0  0  0  0  0  0  0  0  0  0  0
    9.0333    6.1045    6.4459 H   0  0  0  0  0  0  0  0  0  0  0  0
    7.7592    6.9640    9.0428 H   0  0  0  0  0  0  0  0  0  0  0  0
    7.8799    8.0215    7.6293 H   0  0  0  0  0  0  0  0  0  0  0  0
    5.4887    6.2662    8.3177 H   0  0  0  0  0  0  0  0  0  0  0  0
  1  2  1  0  0  0  0
  1  8  1  0  0  0  0
  1 10  1  0  0  0  0
  2 11  1  6  0  0  0
  2  7  1  0  0  0  0
  3  2  1  0  0  0  0
  3  4  1  0  0  0  0
  4 14  1  6  0  0  0
  4  5  1  0  0  0  0
  4  7  1  0  0  0  0
  5 15  1  0  0  0  0
  5  6  1  0  0  0  0
  6 17  1  0  0  0  0
  7  6  1  0  0  0  0
  7 19  1  1  0  0  0
  9  1  1  0  0  0  0
 12  3  1  0  0  0  0
 13  3  1  0  0  0  0
 16  5  1  0  0  0  0
 18  6  1  0  0  0  0
M  END
