Lattice="14.63923295 0.0 0.0 0.0 12.86781624 0.0 0.0 0.0 14.85187221" Properties=species:S:1:pos:R:3:GW_charged:R:1:dKS_charged:R:1:dKS_neutral:R:1 pbc="T T T"
 OpenBabel12102409403D
Lattice="14.63923295 0.0 0.0 0.0 12.86781624 0.0 0.0 0.0 14.85187221" Properties=species:S:1:pos:R:3:GW_charged:R:1:dKS_charged:R:1:dKS_neutral:R:1 pbc="T T T"
 22 21  0  0  0  0  0  0  0  0999 V2000
    6.2468    7.8158    8.1654 C   0  0  0  0  0  0  0  0  0  0  0  0
    6.4607    6.2923    8.1826 C   0  0  0  0  0  0  0  0  0  0  0  0
    7.2344    5.8904    9.4508 C   0  0  0  0  0  0  0  0  0  0  0  0
    5.0884    5.5938    8.1870 C   0  0  0  0  0  0  0  0  0  0  0  0
    7.2121    5.8265    6.9080 C   0  0  0  0  0  0  0  0  0  0  0  0
    8.6439    6.3612    6.7202 C   0  0  0  0  0  0  0  0  0  0  0  0
    9.1711    5.9893    5.3590 C   0  0  0  0  0  0  0  0  0  0  0  0
   10.1392    5.2891    5.1495 O   0  0  0  0  0  0  0  0  0  0  0  0
    7.1962    8.3678    8.2076 H   0  0  0  0  0  0  0  0  0  0  0  0
    5.7107    8.1337    7.2591 H   0  0  0  0  0  0  0  0  0  0  0  0
    5.6507    8.1320    9.0332 H   0  0  0  0  0  0  0  0  0  0  0  0
    6.6552    6.1375   10.3519 H   0  0  0  0  0  0  0  0  0  0  0  0
    7.4358    4.8094    9.4693 H   0  0  0  0  0  0  0  0  0  0  0  0
    8.1976    6.4133    9.5277 H   0  0  0  0  0  0  0  0  0  0  0  0
    4.5050    5.8550    7.2920 H   0  0  0  0  0  0  0  0  0  0  0  0
    5.1988    4.5000    8.2083 H   0  0  0  0  0  0  0  0  0  0  0  0
    4.5000    5.8881    9.0677 H   0  0  0  0  0  0  0  0  0  0  0  0
    7.2508    4.7252    6.9084 H   0  0  0  0  0  0  0  0  0  0  0  0
    6.6055    6.1104    6.0309 H   0  0  0  0  0  0  0  0  0  0  0  0
    8.6393    7.4637    6.7757 H   0  0  0  0  0  0  0  0  0  0  0  0
    9.3337    5.9769    7.4819 H   0  0  0  0  0  0  0  0  0  0  0  0
    8.5765    6.4027    4.5000 H   0  0  0  0  0  0  0  0  0  0  0  0
  1  2  1  0  0  0  0
  1  9  1  0  0  0  0
  1 11  1  0  0  0  0
  2  4  1  0  0  0  0
  2  3  1  0  0  0  0
  3 13  1  0  0  0  0
  3 14  1  0  0  0  0
  3 12  1  0  0  0  0
  4 16  1  0  0  0  0
  4 17  1  0  0  0  0
  5 18  1  0  0  0  0
  5  2  1  0  0  0  0
  6 20  1  0  0  0  0
  6  5  1  0  0  0  0
  6 21  1  0  0  0  0
  7  6  1  0  0  0  0
  8  7  2  0  0  0  0
 10  1  1  0  0  0  0
 15  4  1  0  0  0  0
 19  5  1  0  0  0  0
 22  7  1  0  0  0  0
M  END
