Lattice="12.95583089 0.0 0.0 0.0 14.85061911 0.0 0.0 0.0 14.09156608" Properties=species:S:1:pos:R:3:GW_charged:R:1:dKS_charged:R:1:dKS_neutral:R:1 pbc="T T T"
 OpenBabel12102410113D
Lattice="12.95583089 0.0 0.0 0.0 14.85061911 0.0 0.0 0.0 14.09156608" Properties=species:S:1:pos:R:3:GW_charged:R:1:dKS_charged:R:1:dKS_neutral:R:1 pbc="T T T"
 19 20  0  0  1  0  0  0  0  0999 V2000
    6.1159    5.5537    5.9353 C   0  0  0  0  0  0  0  0  0  0  0  0
    6.1182    6.7476    5.7326 C   0  0  0  0  0  0  0  0  0  0  0  0
    6.0984    8.1840    5.4789 C   0  0  1  0  0  0  0  0  0  0  0  0
    5.3304    8.9877    6.5741 C   0  0  0  0  0  0  0  0  0  0  0  0
    6.3770    9.3995    7.6147 C   0  0  1  0  0  0  0  0  0  0  0  0
    6.9219    8.3058    8.5560 C   0  0  0  0  0  0  0  0  0  0  0  0
    8.1656    8.2052    7.8069 O   0  0  0  0  0  0  0  0  0  0  0  0
    7.7607    9.2846    6.9172 C   0  0  1  0  0  0  0  0  0  0  0  0
    7.5134    8.8345    5.4816 C   0  0  0  0  0  0  0  0  0  0  0  0
    6.1275    4.5000    6.1158 H   0  0  0  0  0  0  0  0  0  0  0  0
    5.6182    8.3358    4.5000 H   0  0  0  0  0  0  0  0  0  0  0  0
    4.9019    9.8886    6.1106 H   0  0  0  0  0  0  0  0  0  0  0  0
    4.5000    8.4100    6.9994 H   0  0  0  0  0  0  0  0  0  0  0  0
    6.1376   10.3506    8.1030 H   0  0  0  0  0  0  0  0  0  0  0  0
    7.1055    8.6350    9.5916 H   0  0  0  0  0  0  0  0  0  0  0  0
    6.3733    7.3514    8.5642 H   0  0  0  0  0  0  0  0  0  0  0  0
    8.4558   10.1361    6.9893 H   0  0  0  0  0  0  0  0  0  0  0  0
    8.2958    8.1543    5.1240 H   0  0  0  0  0  0  0  0  0  0  0  0
    7.5037    9.7191    4.8258 H   0  0  0  0  0  0  0  0  0  0  0  0
  1 10  1  0  0  0  0
  2  1  3  0  0  0  0
  3 11  1  6  0  0  0
  3  9  1  0  0  0  0
  3  2  1  0  0  0  0
  3  4  1  0  0  0  0
  4 13  1  0  0  0  0
  4  5  1  0  0  0  0
  5 14  1  1  0  0  0
  5  6  1  0  0  0  0
  6 16  1  0  0  0  0
  6 15  1  0  0  0  0
  7  6  1  0  0  0  0
  8 17  1  1  0  0  0
  8  5  1  0  0  0  0
  8  7  1  0  0  0  0
  9  8  1  0  0  0  0
 12  4  1  0  0  0  0
 18  9  1  0  0  0  0
 19  9  1  0  0  0  0
M  END
