Lattice="12.98561833 0.0 0.0 0.0 12.956250709999999 0.0 0.0 0.0 14.50657234" Properties=species:S:1:pos:R:3:GW_charged:R:1:dKS_charged:R:1:dKS_neutral:R:1 pbc="T T T"
 OpenBabel12102409383D
Lattice="12.98561833 0.0 0.0 0.0 12.956250709999999 0.0 0.0 0.0 14.50657234" Properties=species:S:1:pos:R:3:GW_charged:R:1:dKS_charged:R:1:dKS_neutral:R:1 pbc="T T T"
 17 17  0  0  1  0  0  0  0  0999 V2000
    5.5914    7.8870    5.5666 C   0  0  0  0  0  0  0  0  0  0  0  0
    5.4558    6.4019    5.8087 C   0  0  1  0  0  0  0  0  0  0  0  0
    6.6352    5.4708    5.6685 C   0  0  0  0  0  0  0  0  0  0  0  0
    6.0232    5.7106    7.0342 C   0  0  1  0  0  0  0  0  0  0  0  0
    6.7774    6.4540    8.1219 C   0  0  0  0  0  0  0  0  0  0  0  0
    7.7624    5.5404    8.8130 C   0  0  0  0  0  0  0  0  0  0  0  0
    7.7961    5.3259   10.0066 O   0  0  0  0  0  0  0  0  0  0  0  0
    6.5800    8.2693    5.8542 H   0  0  0  0  0  0  0  0  0  0  0  0
    5.4578    8.1166    4.5000 H   0  0  0  0  0  0  0  0  0  0  0  0
    4.8371    8.4563    6.1288 H   0  0  0  0  0  0  0  0  0  0  0  0
    4.5000    5.9902    5.4784 H   0  0  0  0  0  0  0  0  0  0  0  0
    6.4973    4.5000    5.1953 H   0  0  0  0  0  0  0  0  0  0  0  0
    7.6052    5.9285    5.4689 H   0  0  0  0  0  0  0  0  0  0  0  0
    5.4107    4.8935    7.4207 H   0  0  0  0  0  0  0  0  0  0  0  0
    7.3599    7.2818    7.6825 H   0  0  0  0  0  0  0  0  0  0  0  0
    6.0985    6.8809    8.8731 H   0  0  0  0  0  0  0  0  0  0  0  0
    8.4856    5.0317    8.1230 H   0  0  0  0  0  0  0  0  0  0  0  0
  1  2  1  0  0  0  0
  1  8  1  0  0  0  0
  1 10  1  0  0  0  0
  2 11  1  6  0  0  0
  2  4  1  0  0  0  0
  3  2  1  0  0  0  0
  3  4  1  0  0  0  0
  4 14  1  1  0  0  0
  4  5  1  0  0  0  0
  5  6  1  0  0  0  0
  5 16  1  0  0  0  0
  6  7  2  0  0  0  0
  9  1  1  0  0  0  0
 12  3  1  0  0  0  0
 13  3  1  0  0  0  0
 15  5  1  0  0  0  0
 17  6  1  0  0  0  0
M  END
