Lattice="14.17510841 0.0 0.0 0.0 16.511390640000002 0.0 0.0 0.0 12.42787966" Properties=species:S:1:pos:R:3:GW_charged:R:1:dKS_charged:R:1:dKS_neutral:R:1 pbc="T T T"
 OpenBabel12102410123D
Lattice="14.17510841 0.0 0.0 0.0 16.511390640000002 0.0 0.0 0.0 12.42787966" Properties=species:S:1:pos:R:3:GW_charged:R:1:dKS_charged:R:1:dKS_neutral:R:1 pbc="T T T"
 23 23  0  0  0  0  0  0  0  0999 V2000
    4.9810    5.5687    6.8231 C   0  0  0  0  0  0  0  0  0  0  0  0
    5.0055    6.7795    6.8302 C   0  0  0  0  0  0  0  0  0  0  0  0
    5.0722    8.2338    6.8453 C   0  0  0  0  0  0  0  0  0  0  0  0
    6.5115    8.7957    6.7999 C   0  0  0  0  0  0  0  0  0  0  0  0
    7.2446    8.4032    5.5092 C   0  0  0  0  0  0  0  0  0  0  0  0
    8.6593    8.9913    5.4528 C   0  0  0  0  0  0  0  0  0  0  0  0
    8.6474   10.5135    5.6360 C   0  0  0  0  0  0  0  0  0  0  0  0
    7.9142   10.9156    6.9213 C   0  0  0  0  0  0  0  0  0  0  0  0
    6.5015   10.3215    6.9764 C   0  0  0  0  0  0  0  0  0  0  0  0
    4.9473    4.5000    6.8166 H   0  0  0  0  0  0  0  0  0  0  0  0
    4.5000    8.6322    5.9894 H   0  0  0  0  0  0  0  0  0  0  0  0
    4.5650    8.6060    7.7509 H   0  0  0  0  0  0  0  0  0  0  0  0
    7.0615    8.3552    7.6509 H   0  0  0  0  0  0  0  0  0  0  0  0
    7.2777    7.3078    5.4184 H   0  0  0  0  0  0  0  0  0  0  0  0
    6.6614    8.7700    4.6449 H   0  0  0  0  0  0  0  0  0  0  0  0
    9.2739    8.5340    6.2473 H   0  0  0  0  0  0  0  0  0  0  0  0
    9.1402    8.7241    4.5000 H   0  0  0  0  0  0  0  0  0  0  0  0
    9.6751   10.9067    5.6449 H   0  0  0  0  0  0  0  0  0  0  0  0
    8.1445   10.9791    4.7707 H   0  0  0  0  0  0  0  0  0  0  0  0
    8.4899   10.5614    7.7937 H   0  0  0  0  0  0  0  0  0  0  0  0
    7.8657   12.0114    7.0085 H   0  0  0  0  0  0  0  0  0  0  0  0
    5.8853   10.7701    6.1763 H   0  0  0  0  0  0  0  0  0  0  0  0
    6.0138   10.5867    7.9279 H   0  0  0  0  0  0  0  0  0  0  0  0
  1  2  3  0  0  0  0
  2  3  1  0  0  0  0
  3 12  1  0  0  0  0
  4  3  1  0  0  0  0
  4  9  1  0  0  0  0
  4 13  1  0  0  0  0
  5  4  1  0  0  0  0
  6  5  1  0  0  0  0
  6  7  1  0  0  0  0
  6 16  1  0  0  0  0
  7 18  1  0  0  0  0
  7  8  1  0  0  0  0
  8  9  1  0  0  0  0
  8 21  1  0  0  0  0
  8 20  1  0  0  0  0
  9 23  1  0  0  0  0
 10  1  1  0  0  0  0
 11  3  1  0  0  0  0
 14  5  1  0  0  0  0
 15  5  1  0  0  0  0
 17  6  1  0  0  0  0
 19  7  1  0  0  0  0
 22  9  1  0  0  0  0
M  END
