Lattice="13.91696417 0.0 0.0 0.0 13.04306345 0.0 0.0 0.0 12.73282324" Properties=species:S:1:pos:R:3:GW_charged:R:1:dKS_charged:R:1:dKS_neutral:R:1 pbc="T T T"
 OpenBabel12102409263D
Lattice="13.91696417 0.0 0.0 0.0 13.04306345 0.0 0.0 0.0 12.73282324" Properties=species:S:1:pos:R:3:GW_charged:R:1:dKS_charged:R:1:dKS_neutral:R:1 pbc="T T T"
 15 15  0  0  0  0  0  0  0  0999 V2000
    6.3742    8.0406    5.9364 C   0  0  0  0  0  0  0  0  0  0  0  0
    6.5590    6.5314    5.8694 C   0  0  0  0  0  0  0  0  0  0  0  0
    5.2927    5.7796    5.4853 C   0  0  0  0  0  0  0  0  0  0  0  0
    7.6980    6.1599    5.0006 O   0  0  0  0  0  0  0  0  0  0  0  0
    8.4618    5.5780    6.0869 C   0  0  0  0  0  0  0  0  0  0  0  0
    7.3353    5.9232    7.0565 C   0  0  0  0  0  0  0  0  0  0  0  0
    7.1274    5.7879    8.2328 O   0  0  0  0  0  0  0  0  0  0  0  0
    7.3121    8.5431    6.2040 H   0  0  0  0  0  0  0  0  0  0  0  0
    6.0441    8.4198    4.9594 H   0  0  0  0  0  0  0  0  0  0  0  0
    5.6141    8.2978    6.6862 H   0  0  0  0  0  0  0  0  0  0  0  0
    4.9428    6.1172    4.5000 H   0  0  0  0  0  0  0  0  0  0  0  0
    5.4732    4.6984    5.4369 H   0  0  0  0  0  0  0  0  0  0  0  0
    4.5000    5.9685    6.2215 H   0  0  0  0  0  0  0  0  0  0  0  0
    8.6530    4.5000    5.9534 H   0  0  0  0  0  0  0  0  0  0  0  0
    9.4170    6.0973    6.2720 H   0  0  0  0  0  0  0  0  0  0  0  0
  1  8  1  0  0  0  0
  1 10  1  0  0  0  0
  2  1  1  0  0  0  0
  2  6  1  0  0  0  0
  3  2  1  0  0  0  0
  3 13  1  0  0  0  0
  4  2  1  0  0  0  0
  4  5  1  0  0  0  0
  5 15  1  0  0  0  0
  5  6  1  0  0  0  0
  6  7  2  0  0  0  0
  9  1  1  0  0  0  0
 11  3  1  0  0  0  0
 12  3  1  0  0  0  0
 14  5  1  0  0  0  0
M  END
