Lattice="14.43878695 0.0 0.0 0.0 14.46220271 0.0 0.0 0.0 14.39566911" Properties=species:S:1:pos:R:3:GW_charged:R:1:dKS_charged:R:1:dKS_neutral:R:1 pbc="T T T"
 OpenBabel12102409453D
Lattice="14.43878695 0.0 0.0 0.0 14.46220271 0.0 0.0 0.0 14.39566911" Properties=species:S:1:pos:R:3:GW_charged:R:1:dKS_charged:R:1:dKS_neutral:R:1 pbc="T T T"
 19 20  0  0  0  0  0  0  0  0999 V2000
    7.6251    5.5693    7.6522 C   0  0  0  0  0  0  0  0  0  0  0  0
    7.6524    6.7803    7.6488 C   0  0  0  0  0  0  0  0  0  0  0  0
    7.6946    8.2295    7.6541 C   0  0  0  0  0  0  0  0  0  0  0  0
    7.6847    8.9041    9.0631 C   0  0  0  0  0  0  0  0  0  0  0  0
    8.8889    9.6531    8.7637 O   0  0  0  0  0  0  0  0  0  0  0  0
    9.1180    8.8677    7.5673 C   0  0  0  0  0  0  0  0  0  0  0  0
    6.7057    8.8718    6.6909 C   0  0  0  0  0  0  0  0  0  0  0  0
    6.3857    8.2588    5.3526 C   0  0  0  0  0  0  0  0  0  0  0  0
    5.3404    8.2853    6.4435 C   0  0  0  0  0  0  0  0  0  0  0  0
    7.6073    4.5000    7.6616 H   0  0  0  0  0  0  0  0  0  0  0  0
    6.8252    9.5590    9.2693 H   0  0  0  0  0  0  0  0  0  0  0  0
    7.8343    8.1988    9.8957 H   0  0  0  0  0  0  0  0  0  0  0  0
    9.9388    8.1453    7.6992 H   0  0  0  0  0  0  0  0  0  0  0  0
    9.3028    9.4961    6.6834 H   0  0  0  0  0  0  0  0  0  0  0  0
    6.7615    9.9622    6.7179 H   0  0  0  0  0  0  0  0  0  0  0  0
    6.2685    8.9254    4.5000 H   0  0  0  0  0  0  0  0  0  0  0  0
    6.8336    7.2936    5.1199 H   0  0  0  0  0  0  0  0  0  0  0  0
    5.1038    7.3375    6.9252 H   0  0  0  0  0  0  0  0  0  0  0  0
    4.5000    8.9703    6.3457 H   0  0  0  0  0  0  0  0  0  0  0  0
  1 10  1  0  0  0  0
  2  1  3  0  0  0  0
  2  3  1  0  0  0  0
  3  4  1  0  0  0  0
  4 11  1  0  0  0  0
  4 12  1  0  0  0  0
  5  4  1  0  0  0  0
  6  3  1  0  0  0  0
  6 13  1  0  0  0  0
  6  5  1  0  0  0  0
  7 15  1  0  0  0  0
  7  3  1  0  0  0  0
  8  9  1  0  0  0  0
  8  7  1  0  0  0  0
  9  7  1  0  0  0  0
  9 18  1  0  0  0  0
 14  6  1  0  0  0  0
 16  8  1  0  0  0  0
 17  8  1  0  0  0  0
 19  9  1  0  0  0  0
M  END
