Lattice="13.38751916 0.0 0.0 0.0 12.84205896 0.0 0.0 0.0 12.43837673" Properties=species:S:1:pos:R:3:GW_charged:R:1:dKS_charged:R:1:dKS_neutral:R:1 pbc="T T T"
 OpenBabel12102409383D
Lattice="13.38751916 0.0 0.0 0.0 12.84205896 0.0 0.0 0.0 12.43837673" Properties=species:S:1:pos:R:3:GW_charged:R:1:dKS_charged:R:1:dKS_neutral:R:1 pbc="T T T"
 17 18  0  0  1  0  0  0  0  0999 V2000
    5.3539    7.8226    5.5404 C   0  0  0  0  0  0  0  0  0  0  0  0
    5.4780    6.3177    5.6297 C   0  0  1  0  0  0  0  0  0  0  0  0
    6.7282    5.5067    5.3217 C   0  0  1  0  0  0  0  0  0  0  0  0
    7.9900    6.2129    5.8273 C   0  0  0  0  0  0  0  0  0  0  0  0
    7.3997    6.2187    7.2739 C   0  0  0  0  0  0  0  0  0  0  0  0
    6.1358    5.5387    6.7351 C   0  0  1  0  0  0  0  0  0  0  0  0
    5.4893    4.5000    7.4118 O   0  0  0  0  0  0  0  0  0  0  0  0
    6.2479    8.3421    5.9094 H   0  0  0  0  0  0  0  0  0  0  0  0
    5.1964    8.1412    4.5000 H   0  0  0  0  0  0  0  0  0  0  0  0
    4.5000    8.1834    6.1319 H   0  0  0  0  0  0  0  0  0  0  0  0
    4.5938    5.7807    5.2728 H   0  0  0  0  0  0  0  0  0  0  0  0
    6.7026    4.7027    4.5876 H   0  0  0  0  0  0  0  0  0  0  0  0
    8.8875    5.5887    5.7468 H   0  0  0  0  0  0  0  0  0  0  0  0
    8.2104    7.1940    5.3824 H   0  0  0  0  0  0  0  0  0  0  0  0
    7.9521    5.5437    7.9384 H   0  0  0  0  0  0  0  0  0  0  0  0
    7.2737    7.1885    7.7791 H   0  0  0  0  0  0  0  0  0  0  0  0
    4.6929    4.8596    7.8330 H   0  0  0  0  0  0  0  0  0  0  0  0
  1  2  1  0  0  0  0
  1  8  1  0  0  0  0
  1 10  1  0  0  0  0
  2 11  1  6  0  0  0
  2  6  1  0  0  0  0
  3 12  1  6  0  0  0
  3  2  1  0  0  0  0
  3  4  1  0  0  0  0
  3  6  1  0  0  0  0
  4  5  1  0  0  0  0
  5 16  1  0  0  0  0
  5 15  1  0  0  0  0
  6  5  1  0  0  0  0
  6  7  1  1  0  0  0
  7 17  1  0  0  0  0
  9  1  1  0  0  0  0
 13  4  1  0  0  0  0
 14  4  1  0  0  0  0
M  END
