Lattice="14.95373826 0.0 0.0 0.0 16.73589831 0.0 0.0 0.0 12.36614643" Properties=species:S:1:pos:R:3:GW_charged:R:1:dKS_charged:R:1:dKS_neutral:R:1 pbc="T T T"
 OpenBabel12102410123D
Lattice="14.95373826 0.0 0.0 0.0 16.73589831 0.0 0.0 0.0 12.36614643" Properties=species:S:1:pos:R:3:GW_charged:R:1:dKS_charged:R:1:dKS_neutral:R:1 pbc="T T T"
 23 24  0  0  0  0  0  0  0  0999 V2000
    7.1228    9.2928    6.5839 C   0  0  0  0  0  0  0  0  0  0  0  0
    7.3997    7.9114    6.8097 O   0  0  0  0  0  0  0  0  0  0  0  0
    6.2612    7.0947    6.6518 C   0  0  0  0  0  0  0  0  0  0  0  0
    5.7404    6.7674    5.2211 C   0  0  0  0  0  0  0  0  0  0  0  0
    5.5242    5.3091    5.7088 C   0  0  0  0  0  0  0  0  0  0  0  0
    6.5101    5.5932    6.8751 C   0  0  0  0  0  0  0  0  0  0  0  0
    8.3645   10.0976    6.8346 C   0  0  0  0  0  0  0  0  0  0  0  0
    9.4056   10.2263    5.7516 C   0  0  0  0  0  0  0  0  0  0  0  0
    8.5486   11.4128    6.1157 C   0  0  0  0  0  0  0  0  0  0  0  0
    6.7751    9.4499    5.5433 H   0  0  0  0  0  0  0  0  0  0  0  0
    6.3028    9.6203    7.2548 H   0  0  0  0  0  0  0  0  0  0  0  0
    5.4347    7.4678    7.2891 H   0  0  0  0  0  0  0  0  0  0  0  0
    4.8779    7.3242    4.8342 H   0  0  0  0  0  0  0  0  0  0  0  0
    6.5674    6.8304    4.5000 H   0  0  0  0  0  0  0  0  0  0  0  0
    4.5000    5.1469    6.0689 H   0  0  0  0  0  0  0  0  0  0  0  0
    5.7800    4.5000    5.0151 H   0  0  0  0  0  0  0  0  0  0  0  0
    7.5435    5.3477    6.5955 H   0  0  0  0  0  0  0  0  0  0  0  0
    6.2963    5.1751    7.8661 H   0  0  0  0  0  0  0  0  0  0  0  0
    8.7338   10.0470    7.8601 H   0  0  0  0  0  0  0  0  0  0  0  0
   10.4537   10.2341    6.0448 H   0  0  0  0  0  0  0  0  0  0  0  0
    9.2082    9.7237    4.8052 H   0  0  0  0  0  0  0  0  0  0  0  0
    7.7763   11.7203    5.4108 H   0  0  0  0  0  0  0  0  0  0  0  0
    9.0042   12.2359    6.6633 H   0  0  0  0  0  0  0  0  0  0  0  0
  1  2  1  0  0  0  0
  1  7  1  0  0  0  0
  1 11  1  0  0  0  0
  3  2  1  0  0  0  0
  3  6  1  0  0  0  0
  3 12  1  0  0  0  0
  4  5  1  0  0  0  0
  4  3  1  0  0  0  0
  5 15  1  0  0  0  0
  5  6  1  0  0  0  0
  6 18  1  0  0  0  0
  7 19  1  0  0  0  0
  8 20  1  0  0  0  0
  8  9  1  0  0  0  0
  8  7  1  0  0  0  0
  9 23  1  0  0  0  0
  9  7  1  0  0  0  0
 10  1  1  0  0  0  0
 13  4  1  0  0  0  0
 14  4  1  0  0  0  0
 16  5  1  0  0  0  0
 17  6  1  0  0  0  0
 21  8  1  0  0  0  0
 22  9  1  0  0  0  0
M  END
