Lattice="12.79540916 0.0 0.0 0.0 15.14564185 0.0 0.0 0.0 13.369870729999999" Properties=species:S:1:pos:R:3:GW_charged:R:1:dKS_charged:R:1:dKS_neutral:R:1 pbc="T T T"
 OpenBabel12102409263D
Lattice="12.79540916 0.0 0.0 0.0 15.14564185 0.0 0.0 0.0 13.369870729999999" Properties=species:S:1:pos:R:3:GW_charged:R:1:dKS_charged:R:1:dKS_neutral:R:1 pbc="T T T"
 17 16  0  0  0  0  0  0  0  0999 V2000
    5.5552   10.1691    7.9319 C   0  0  0  0  0  0  0  0  0  0  0  0
    5.6288    8.7549    7.8260 O   0  0  0  0  0  0  0  0  0  0  0  0
    6.2965    8.2281    6.6510 C   0  0  0  0  0  0  0  0  0  0  0  0
    5.5621    8.6287    5.3554 C   0  0  0  0  0  0  0  0  0  0  0  0
    7.7787    8.6517    6.6047 C   0  0  0  0  0  0  0  0  0  0  0  0
    6.2210    6.7695    6.8119 C   0  0  0  0  0  0  0  0  0  0  0  0
    6.1814    5.5643    6.9044 C   0  0  0  0  0  0  0  0  0  0  0  0
    6.5486   10.6456    7.9888 H   0  0  0  0  0  0  0  0  0  0  0  0
    4.9862   10.6304    7.1070 H   0  0  0  0  0  0  0  0  0  0  0  0
    5.0239   10.3668    8.8699 H   0  0  0  0  0  0  0  0  0  0  0  0
    5.6561    9.7058    5.1644 H   0  0  0  0  0  0  0  0  0  0  0  0
    5.9936    8.0949    4.5000 H   0  0  0  0  0  0  0  0  0  0  0  0
    4.5000    8.3666    5.4298 H   0  0  0  0  0  0  0  0  0  0  0  0
    8.2690    8.4060    7.5541 H   0  0  0  0  0  0  0  0  0  0  0  0
    8.2954    8.1186    5.7974 H   0  0  0  0  0  0  0  0  0  0  0  0
    7.8765    9.7288    6.4155 H   0  0  0  0  0  0  0  0  0  0  0  0
    6.1389    4.5000    6.9996 H   0  0  0  0  0  0  0  0  0  0  0  0
  1  8  1  0  0  0  0
  1 10  1  0  0  0  0
  2  1  1  0  0  0  0
  3  6  1  0  0  0  0
  3  2  1  0  0  0  0
  4 13  1  0  0  0  0
  4  3  1  0  0  0  0
  5  3  1  0  0  0  0
  5 14  1  0  0  0  0
  6  7  3  0  0  0  0
  7 17  1  0  0  0  0
  9  1  1  0  0  0  0
 11  4  1  0  0  0  0
 12  4  1  0  0  0  0
 15  5  1  0  0  0  0
 16  5  1  0  0  0  0
M  END
