Lattice="12.53519871 0.0 0.0 0.0 14.6419719 0.0 0.0 0.0 13.80210682" Properties=species:S:1:pos:R:3:GW_charged:R:1:dKS_charged:R:1:dKS_neutral:R:1 pbc="T T T"
 OpenBabel12102411063D
Lattice="12.53519871 0.0 0.0 0.0 14.6419719 0.0 0.0 0.0 13.80210682" Properties=species:S:1:pos:R:3:GW_charged:R:1:dKS_charged:R:1:dKS_neutral:R:1 pbc="T T T"
 23 24  0  0  0  0  0  0  0  0999 V2000
    5.8739    9.6455    6.9438 C   0  0  0  0  0  0  0  0  0  0  0  0
    7.2275    8.9739    6.9551 C   0  0  0  0  0  0  0  0  0  0  0  0
    5.9666    8.1366    6.9492 C   0  0  0  0  0  0  0  0  0  0  0  0
    5.5704    7.4064    8.2270 C   0  0  0  0  0  0  0  0  0  0  0  0
    6.4960    6.2525    8.6651 C   0  0  0  0  0  0  0  0  0  0  0  0
    7.1576    5.4643    7.5279 C   0  0  0  0  0  0  0  0  0  0  0  0
    6.2910    5.1591    6.4346 O   0  0  0  0  0  0  0  0  0  0  0  0
    6.3472    6.1228    5.3852 C   0  0  0  0  0  0  0  0  0  0  0  0
    5.5789    7.4160    5.6642 C   0  0  0  0  0  0  0  0  0  0  0  0
    5.5404   10.1420    7.8547 H   0  0  0  0  0  0  0  0  0  0  0  0
    5.5547   10.1368    6.0249 H   0  0  0  0  0  0  0  0  0  0  0  0
    7.8274    9.0106    6.0458 H   0  0  0  0  0  0  0  0  0  0  0  0
    7.8127    9.0154    7.8735 H   0  0  0  0  0  0  0  0  0  0  0  0
    5.4986    8.1265    9.0559 H   0  0  0  0  0  0  0  0  0  0  0  0
    4.5522    7.0142    8.0808 H   0  0  0  0  0  0  0  0  0  0  0  0
    7.3113    6.6436    9.2956 H   0  0  0  0  0  0  0  0  0  0  0  0
    5.9193    5.5657    9.3021 H   0  0  0  0  0  0  0  0  0  0  0  0
    8.0352    6.0172    7.1469 H   0  0  0  0  0  0  0  0  0  0  0  0
    7.5213    4.5000    7.9141 H   0  0  0  0  0  0  0  0  0  0  0  0
    7.4071    6.3572    5.1645 H   0  0  0  0  0  0  0  0  0  0  0  0
    5.9250    5.6253    4.5000 H   0  0  0  0  0  0  0  0  0  0  0  0
    4.5000    7.1920    5.7020 H   0  0  0  0  0  0  0  0  0  0  0  0
    5.7308    8.0831    4.7991 H   0  0  0  0  0  0  0  0  0  0  0  0
  1  3  1  0  0  0  0
  1  2  1  0  0  0  0
  1 10  1  0  0  0  0
  2 13  1  0  0  0  0
  3  2  1  0  0  0  0
  3  4  1  0  0  0  0
  4  5  1  0  0  0  0
  4 14  1  0  0  0  0
  5 16  1  0  0  0  0
  5 17  1  0  0  0  0
  6 19  1  0  0  0  0
  6  5  1  0  0  0  0
  7  6  1  0  0  0  0
  8  9  1  0  0  0  0
  8  7  1  0  0  0  0
  9 22  1  0  0  0  0
  9  3  1  0  0  0  0
 11  1  1  0  0  0  0
 12  2  1  0  0  0  0
 15  4  1  0  0  0  0
 18  6  1  0  0  0  0
 20  8  1  0  0  0  0
 21  8  1  0  0  0  0
 23  9  1  0  0  0  0
M  END
