Lattice="12.1578848 0.0 0.0 0.0 13.68156241 0.0 0.0 0.0 13.19373102" Properties=species:S:1:pos:R:3:GW_charged:R:1:dKS_charged:R:1:dKS_neutral:R:1 pbc="T T T"
 OpenBabel12102409263D
Lattice="12.1578848 0.0 0.0 0.0 13.68156241 0.0 0.0 0.0 13.19373102" Properties=species:S:1:pos:R:3:GW_charged:R:1:dKS_charged:R:1:dKS_neutral:R:1 pbc="T T T"
 18 18  0  0  1  0  0  0  0  0999 V2000
    5.3410    8.6681    5.5464 C   0  0  0  0  0  0  0  0  0  0  0  0
    5.4518    7.1655    5.6644 C   0  0  1  0  0  0  0  0  0  0  0  0
    6.7705    6.4484    5.4605 C   0  0  0  0  0  0  0  0  0  0  0  0
    6.1200    6.4548    6.8288 C   0  0  0  0  0  0  0  0  0  0  0  0
    6.7698    7.2549    7.9409 C   0  0  0  0  0  0  0  0  0  0  0  0
    5.4790    5.1649    7.3038 C   0  0  0  0  0  0  0  0  0  0  0  0
    6.2501    9.1816    5.8859 H   0  0  0  0  0  0  0  0  0  0  0  0
    5.1756    8.9632    4.5000 H   0  0  0  0  0  0  0  0  0  0  0  0
    4.5000    9.0576    6.1388 H   0  0  0  0  0  0  0  0  0  0  0  0
    4.5801    6.6356    5.2710 H   0  0  0  0  0  0  0  0  0  0  0  0
    6.7826    5.5186    4.8914 H   0  0  0  0  0  0  0  0  0  0  0  0
    7.6579    7.0674    5.3202 H   0  0  0  0  0  0  0  0  0  0  0  0
    7.2678    8.1611    7.5746 H   0  0  0  0  0  0  0  0  0  0  0  0
    6.0278    7.5627    8.6937 H   0  0  0  0  0  0  0  0  0  0  0  0
    7.5313    6.6489    8.4549 H   0  0  0  0  0  0  0  0  0  0  0  0
    6.2230    4.5000    7.7693 H   0  0  0  0  0  0  0  0  0  0  0  0
    4.6959    5.3636    8.0517 H   0  0  0  0  0  0  0  0  0  0  0  0
    5.0148    4.6150    6.4735 H   0  0  0  0  0  0  0  0  0  0  0  0
  1  2  1  0  0  0  0
  1  7  1  0  0  0  0
  1  9  1  0  0  0  0
  2 10  1  6  0  0  0
  2  4  1  0  0  0  0
  3  2  1  0  0  0  0
  3  4  1  0  0  0  0
  4  6  1  0  0  0  0
  4  5  1  0  0  0  0
  5 15  1  0  0  0  0
  5 14  1  0  0  0  0
  6 16  1  0  0  0  0
  6 17  1  0  0  0  0
  8  1  1  0  0  0  0
 11  3  1  0  0  0  0
 12  3  1  0  0  0  0
 13  5  1  0  0  0  0
 18  6  1  0  0  0  0
M  END
