Lattice="13.11757218 0.0 0.0 0.0 13.50693895 0.0 0.0 0.0 13.99537539" Properties=species:S:1:pos:R:3:GW_charged:R:1:dKS_charged:R:1:dKS_neutral:R:1 pbc="T T T"
 OpenBabel12102410123D
Lattice="13.11757218 0.0 0.0 0.0 13.50693895 0.0 0.0 0.0 13.99537539" Properties=species:S:1:pos:R:3:GW_charged:R:1:dKS_charged:R:1:dKS_neutral:R:1 pbc="T T T"
 21 23  0  0  1  0  0  0  0  0999 V2000
    5.4469    7.6348    6.6535 C   0  0  0  0  0  0  0  0  0  0  0  0
    6.9544    7.9640    6.6395 C   0  0  1  0  0  0  0  0  0  0  0  0
    7.5408    7.6328    8.0304 C   0  0  0  0  0  0  0  0  0  0  0  0
    7.3201    6.1526    8.4159 C   0  0  0  0  0  0  0  0  0  0  0  0
    5.9277    5.6003    8.0355 C   0  0  0  0  0  0  0  0  0  0  0  0
    5.4686    6.0919    6.6441 C   0  0  2  0  0  0  0  0  0  0  0  0
    6.5701    5.8013    5.6304 C   0  0  1  0  0  0  0  0  0  0  0  0
    6.6195    6.6988    4.5000 O   0  0  0  0  0  0  0  0  0  0  0  0
    7.4851    6.9542    5.6275 C   0  0  1  0  0  0  0  0  0  0  0  0
    4.9412    8.0384    7.5410 H   0  0  0  0  0  0  0  0  0  0  0  0
    4.9481    8.0285    5.7613 H   0  0  0  0  0  0  0  0  0  0  0  0
    7.1647    9.0069    6.3625 H   0  0  0  0  0  0  0  0  0  0  0  0
    8.6176    7.8608    8.0648 H   0  0  0  0  0  0  0  0  0  0  0  0
    7.0614    8.2952    8.7682 H   0  0  0  0  0  0  0  0  0  0  0  0
    8.0898    5.5404    7.9235 H   0  0  0  0  0  0  0  0  0  0  0  0
    7.4854    6.0240    9.4954 H   0  0  0  0  0  0  0  0  0  0  0  0
    5.9502    4.5000    8.0731 H   0  0  0  0  0  0  0  0  0  0  0  0
    5.1755    5.9191    8.7741 H   0  0  0  0  0  0  0  0  0  0  0  0
    4.5000    5.6495    6.3709 H   0  0  0  0  0  0  0  0  0  0  0  0
    6.9033    4.7794    5.4328 H   0  0  0  0  0  0  0  0  0  0  0  0
    8.5555    6.8611    5.4276 H   0  0  0  0  0  0  0  0  0  0  0  0
  1 10  1  0  0  0  0
  2 12  1  6  0  0  0
  2  1  1  0  0  0  0
  2  3  1  0  0  0  0
  3 13  1  0  0  0  0
  3  4  1  0  0  0  0
  3 14  1  0  0  0  0
  4 16  1  0  0  0  0
  5 17  1  0  0  0  0
  5  4  1  0  0  0  0
  5 18  1  0  0  0  0
  6 19  1  6  0  0  0
  6  1  1  0  0  0  0
  6  5  1  0  0  0  0
  7 20  1  6  0  0  0
  7  6  1  0  0  0  0
  8  9  1  0  0  0  0
  8  7  1  0  0  0  0
  9 21  1  6  0  0  0
  9  7  1  0  0  0  0
  9  2  1  0  0  0  0
 11  1  1  0  0  0  0
 15  4  1  0  0  0  0
M  END
