Lattice="13.10554039 0.0 0.0 0.0 13.05949912 0.0 0.0 0.0 14.38567272" Properties=species:S:1:pos:R:3:GW_charged:R:1:dKS_charged:R:1:dKS_neutral:R:1 pbc="T T T"
 OpenBabel12102411053D
Lattice="13.10554039 0.0 0.0 0.0 13.05949912 0.0 0.0 0.0 14.38567272" Properties=species:S:1:pos:R:3:GW_charged:R:1:dKS_charged:R:1:dKS_neutral:R:1 pbc="T T T"
 21 23  0  0  1  0  0  0  0  0999 V2000
    5.8569    7.3585    8.0859 C   0  0  0  0  0  0  0  0  0  0  0  0
    7.4009    7.1869    7.9832 C   0  0  1  0  0  0  0  0  0  0  0  0
    7.1967    5.8933    8.8264 C   0  0  0  0  0  0  0  0  0  0  0  0
    5.8844    5.8047    7.9920 C   0  0  2  0  0  0  0  0  0  0  0  0
    6.4463    5.5347    6.5793 C   0  0  1  0  0  0  0  0  0  0  0  0
    5.5797    5.9325    5.3787 C   0  0  0  0  0  0  0  0  0  0  0  0
    5.8984    7.2937    5.0615 O   0  0  0  0  0  0  0  0  0  0  0  0
    7.2853    7.4870    5.3688 C   0  0  0  0  0  0  0  0  0  0  0  0
    7.6088    6.5943    6.5726 C   0  0  1  0  0  0  0  0  0  0  0  0
    5.5577    7.6931    9.0873 H   0  0  0  0  0  0  0  0  0  0  0  0
    5.3294    7.9323    7.3156 H   0  0  0  0  0  0  0  0  0  0  0  0
    8.0929    7.9794    8.2926 H   0  0  0  0  0  0  0  0  0  0  0  0
    7.9342    5.0835    8.7250 H   0  0  0  0  0  0  0  0  0  0  0  0
    7.0071    6.1080    9.8857 H   0  0  0  0  0  0  0  0  0  0  0  0
    5.0333    5.1907    8.3104 H   0  0  0  0  0  0  0  0  0  0  0  0
    6.8027    4.5000    6.4850 H   0  0  0  0  0  0  0  0  0  0  0  0
    5.7948    5.2779    4.5123 H   0  0  0  0  0  0  0  0  0  0  0  0
    4.5000    5.8921    5.5814 H   0  0  0  0  0  0  0  0  0  0  0  0
    7.9117    7.2073    4.5000 H   0  0  0  0  0  0  0  0  0  0  0  0
    7.4266    8.5595    5.5644 H   0  0  0  0  0  0  0  0  0  0  0  0
    8.6055    6.1432    6.4746 H   0  0  0  0  0  0  0  0  0  0  0  0
  1 10  1  0  0  0  0
  2  1  1  0  0  0  0
  2 12  1  1  0  0  0
  2  3  1  0  0  0  0
  3 14  1  0  0  0  0
  4  1  1  0  0  0  0
  4 15  1  1  0  0  0
  4  3  1  0  0  0  0
  5 16  1  6  0  0  0
  5  4  1  0  0  0  0
  6 18  1  0  0  0  0
  6  5  1  0  0  0  0
  7  8  1  0  0  0  0
  7  6  1  0  0  0  0
  8 20  1  0  0  0  0
  8  9  1  0  0  0  0
  9 21  1  6  0  0  0
  9  5  1  0  0  0  0
  9  2  1  0  0  0  0
 11  1  1  0  0  0  0
 13  3  1  0  0  0  0
 17  6  1  0  0  0  0
 19  8  1  0  0  0  0
M  END
