Lattice="13.929374880000001 0.0 0.0 0.0 15.77730712 0.0 0.0 0.0 12.42778167" Properties=species:S:1:pos:R:3:GW_charged:R:1:dKS_charged:R:1:dKS_neutral:R:1 pbc="T T T"
 OpenBabel12102409273D
Lattice="13.929374880000001 0.0 0.0 0.0 15.77730712 0.0 0.0 0.0 12.42778167" Properties=species:S:1:pos:R:3:GW_charged:R:1:dKS_charged:R:1:dKS_neutral:R:1 pbc="T T T"
 23 22  0  0  1  0  0  0  0  0999 V2000
    8.4275   10.8276    5.5939 C   0  0  0  0  0  0  0  0  0  0  0  0
    8.4966    9.3037    5.7107 C   0  0  0  0  0  0  0  0  0  0  0  0
    7.1134    8.6462    5.7548 C   0  0  0  0  0  0  0  0  0  0  0  0
    7.1051    7.1066    5.7640 C   0  0  1  0  0  0  0  0  0  0  0  0
    7.7638    6.5345    7.0260 C   0  0  0  0  0  0  0  0  0  0  0  0
    5.6668    6.5863    5.5780 C   0  0  0  0  0  0  0  0  0  0  0  0
    5.5416    5.0771    5.3578 C   0  0  0  0  0  0  0  0  0  0  0  0
    9.4294   11.2773    5.5634 H   0  0  0  0  0  0  0  0  0  0  0  0
    7.8973   11.1349    4.6805 H   0  0  0  0  0  0  0  0  0  0  0  0
    7.8921   11.2688    6.4475 H   0  0  0  0  0  0  0  0  0  0  0  0
    9.0638    8.8939    4.8581 H   0  0  0  0  0  0  0  0  0  0  0  0
    9.0710    9.0374    6.6115 H   0  0  0  0  0  0  0  0  0  0  0  0
    6.5636    9.0134    6.6404 H   0  0  0  0  0  0  0  0  0  0  0  0
    6.5347    8.9910    4.8806 H   0  0  0  0  0  0  0  0  0  0  0  0
    7.6931    6.7672    4.8900 H   0  0  0  0  0  0  0  0  0  0  0  0
    7.7806    5.4368    7.0160 H   0  0  0  0  0  0  0  0  0  0  0  0
    8.8035    6.8704    7.1323 H   0  0  0  0  0  0  0  0  0  0  0  0
    7.2169    6.8518    7.9278 H   0  0  0  0  0  0  0  0  0  0  0  0
    5.0650    6.8830    6.4547 H   0  0  0  0  0  0  0  0  0  0  0  0
    5.2202    7.1104    4.7174 H   0  0  0  0  0  0  0  0  0  0  0  0
    5.8687    4.5000    6.2333 H   0  0  0  0  0  0  0  0  0  0  0  0
    4.5000    4.7937    5.1539 H   0  0  0  0  0  0  0  0  0  0  0  0
    6.1473    4.7489    4.5000 H   0  0  0  0  0  0  0  0  0  0  0  0
  1  2  1  0  0  0  0
  1 10  1  0  0  0  0
  2  3  1  0  0  0  0
  2 12  1  0  0  0  0
  3  4  1  0  0  0  0
  3 13  1  0  0  0  0
  4 15  1  6  0  0  0
  4  5  1  0  0  0  0
  5 17  1  0  0  0  0
  5 18  1  0  0  0  0
  6  4  1  0  0  0  0
  6 19  1  0  0  0  0
  7  6  1  0  0  0  0
  7 21  1  0  0  0  0
  8  1  1  0  0  0  0
  9  1  1  0  0  0  0
 11  2  1  0  0  0  0
 14  3  1  0  0  0  0
 16  5  1  0  0  0  0
 20  6  1  0  0  0  0
 22  7  1  0  0  0  0
 23  7  1  0  0  0  0
M  END
