Lattice="13.49502255 0.0 0.0 0.0 15.614999730000001 0.0 0.0 0.0 12.988459429999999" Properties=species:S:1:pos:R:3:GW_charged:R:1:dKS_charged:R:1:dKS_neutral:R:1 pbc="T T T"
 OpenBabel12102409453D
Lattice="13.49502255 0.0 0.0 0.0 15.614999730000001 0.0 0.0 0.0 12.988459429999999" Properties=species:S:1:pos:R:3:GW_charged:R:1:dKS_charged:R:1:dKS_neutral:R:1 pbc="T T T"
 19 20  0  0  1  0  0  0  0  0999 V2000
    6.6224    5.5686    6.6519 C   0  0  0  0  0  0  0  0  0  0  0  0
    6.6123    6.7803    6.6156 C   0  0  0  0  0  0  0  0  0  0  0  0
    6.5810    8.2159    6.5802 C   0  0  2  0  0  0  0  0  0  0  0  0
    7.0839    8.8876    5.3124 C   0  0  0  0  0  0  0  0  0  0  0  0
    7.9267    8.9512    6.5571 C   0  0  1  0  0  0  0  0  0  0  0  0
    8.0565   10.2508    7.3469 C   0  0  0  0  0  0  0  0  0  0  0  0
    7.0307   10.4596    8.3156 O   0  0  0  0  0  0  0  0  0  0  0  0
    5.7387   10.3172    7.7367 C   0  0  0  0  0  0  0  0  0  0  0  0
    5.4510    8.8568    7.3859 C   0  0  0  0  0  0  0  0  0  0  0  0
    6.6357    4.5000    6.6833 H   0  0  0  0  0  0  0  0  0  0  0  0
    7.4008    8.2374    4.5000 H   0  0  0  0  0  0  0  0  0  0  0  0
    6.5759    9.8003    4.9967 H   0  0  0  0  0  0  0  0  0  0  0  0
    8.8036    8.3059    6.5788 H   0  0  0  0  0  0  0  0  0  0  0  0
    8.9950   10.2473    7.9141 H   0  0  0  0  0  0  0  0  0  0  0  0
    8.0823   11.1150    6.6531 H   0  0  0  0  0  0  0  0  0  0  0  0
    5.0224   10.6727    8.4885 H   0  0  0  0  0  0  0  0  0  0  0  0
    5.6446   10.9762    6.8496 H   0  0  0  0  0  0  0  0  0  0  0  0
    4.5000    8.7747    6.8372 H   0  0  0  0  0  0  0  0  0  0  0  0
    5.3401    8.2907    8.3212 H   0  0  0  0  0  0  0  0  0  0  0  0
  1 10  1  0  0  0  0
  2  1  3  0  0  0  0
  3  2  1  1  0  0  0
  3  9  1  0  0  0  0
  4  5  1  0  0  0  0
  4  3  1  0  0  0  0
  5 13  1  1  0  0  0
  5  3  1  0  0  0  0
  5  6  1  0  0  0  0
  6 14  1  0  0  0  0
  6  7  1  0  0  0  0
  8  7  1  0  0  0  0
  8 16  1  0  0  0  0
  9  8  1  0  0  0  0
  9 19  1  0  0  0  0
 11  4  1  0  0  0  0
 12  4  1  0  0  0  0
 15  6  1  0  0  0  0
 17  8  1  0  0  0  0
 18  9  1  0  0  0  0
M  END
