Lattice="15.01537355 0.0 0.0 0.0 13.12395325 0.0 0.0 0.0 13.11185077" Properties=species:S:1:pos:R:3:GW_charged:R:1:dKS_charged:R:1:dKS_neutral:R:1 pbc="T T T"
 OpenBabel12102409403D
Lattice="15.01537355 0.0 0.0 0.0 13.12395325 0.0 0.0 0.0 13.11185077" Properties=species:S:1:pos:R:3:GW_charged:R:1:dKS_charged:R:1:dKS_neutral:R:1 pbc="T T T"
 18 18  0  0  0  0  0  0  0  0999 V2000
    8.7123    8.2186    6.4313 C   0  0  0  0  0  0  0  0  0  0  0  0
    8.7399    6.6792    6.4507 C   0  0  0  0  0  0  0  0  0  0  0  0
    9.4883    6.1448    7.6857 C   0  0  0  0  0  0  0  0  0  0  0  0
    7.3666    6.0985    6.3402 C   0  0  0  0  0  0  0  0  0  0  0  0
    6.7530    5.3062    5.4090 C   0  0  0  0  0  0  0  0  0  0  0  0
    5.4142    5.0828    5.8681 C   0  0  0  0  0  0  0  0  0  0  0  0
    5.3023    5.7543    7.0484 C   0  0  0  0  0  0  0  0  0  0  0  0
    6.4806    6.3798    7.3541 O   0  0  0  0  0  0  0  0  0  0  0  0
    9.7334    8.6240    6.4501 H   0  0  0  0  0  0  0  0  0  0  0  0
    8.2090    8.5944    5.5310 H   0  0  0  0  0  0  0  0  0  0  0  0
    8.1769    8.6110    7.3066 H   0  0  0  0  0  0  0  0  0  0  0  0
    9.2735    6.3344    5.5505 H   0  0  0  0  0  0  0  0  0  0  0  0
    8.9844    6.4531    8.6119 H   0  0  0  0  0  0  0  0  0  0  0  0
    9.5361    5.0481    7.6761 H   0  0  0  0  0  0  0  0  0  0  0  0
   10.5154    6.5343    7.7140 H   0  0  0  0  0  0  0  0  0  0  0  0
    7.2069    4.9266    4.5000 H   0  0  0  0  0  0  0  0  0  0  0  0
    4.6387    4.5000    5.3838 H   0  0  0  0  0  0  0  0  0  0  0  0
    4.5000    5.8864    7.7637 H   0  0  0  0  0  0  0  0  0  0  0  0
  1  9  1  0  0  0  0
  1  2  1  0  0  0  0
  1 11  1  0  0  0  0
  2  3  1  0  0  0  0
  3 15  1  0  0  0  0
  3 13  1  0  0  0  0
  4  2  1  0  0  0  0
  4  8  1  0  0  0  0
  5  6  1  0  0  0  0
  5  4  2  0  0  0  0
  6  7  2  0  0  0  0
  7  8  1  0  0  0  0
  7 18  1  0  0  0  0
 10  1  1  0  0  0  0
 12  2  1  0  0  0  0
 14  3  1  0  0  0  0
 16  5  1  0  0  0  0
 17  6  1  0  0  0  0
M  END
