Lattice="14.2468632 0.0 0.0 0.0 14.32339084 0.0 0.0 0.0 13.66162493" Properties=species:S:1:pos:R:3:GW_charged:R:1:dKS_charged:R:1:dKS_neutral:R:1 pbc="T T T"
 OpenBabel12102411073D
Lattice="14.2468632 0.0 0.0 0.0 14.32339084 0.0 0.0 0.0 13.66162493" Properties=species:S:1:pos:R:3:GW_charged:R:1:dKS_charged:R:1:dKS_neutral:R:1 pbc="T T T"
 23 25  0  0  1  0  0  0  0  0999 V2000
    5.5421    8.8198    8.1363 C   0  0  0  0  0  0  0  0  0  0  0  0
    6.7937    9.0820    7.2595 C   0  0  0  0  0  0  0  0  0  0  0  0
    6.6878    7.6274    6.7166 C   0  0  0  0  0  0  0  0  0  0  0  0
    5.2267    7.5869    7.2507 C   0  0  0  0  0  0  0  0  0  0  0  0
    6.9995    7.3095    5.2224 C   0  0  0  0  0  0  0  0  0  0  0  0
    8.0536    6.2036    5.4042 C   0  0  2  0  0  0  0  0  0  0  0  0
    7.4103    5.3339    6.5227 C   0  0  0  0  0  0  0  0  0  0  0  0
    7.6509    6.6141    7.3734 C   0  0  1  0  0  0  0  0  0  0  0  0
    8.9459    6.7990    6.5314 C   0  0  0  0  0  0  0  0  0  0  0  0
    5.8099    8.5332    9.1616 H   0  0  0  0  0  0  0  0  0  0  0  0
    4.7855    9.6126    8.1869 H   0  0  0  0  0  0  0  0  0  0  0  0
    6.5955    9.8234    6.4723 H   0  0  0  0  0  0  0  0  0  0  0  0
    7.7284    9.3586    7.7675 H   0  0  0  0  0  0  0  0  0  0  0  0
    4.9035    6.6634    7.7517 H   0  0  0  0  0  0  0  0  0  0  0  0
    4.5000    7.8241    6.4606 H   0  0  0  0  0  0  0  0  0  0  0  0
    6.1090    6.9582    4.6807 H   0  0  0  0  0  0  0  0  0  0  0  0
    7.3953    8.1855    4.6879 H   0  0  0  0  0  0  0  0  0  0  0  0
    8.4843    5.7575    4.5000 H   0  0  0  0  0  0  0  0  0  0  0  0
    6.3771    4.9850    6.3825 H   0  0  0  0  0  0  0  0  0  0  0  0
    8.0534    4.5000    6.8310 H   0  0  0  0  0  0  0  0  0  0  0  0
    7.6696    6.5880    8.4704 H   0  0  0  0  0  0  0  0  0  0  0  0
    9.7469    6.1156    6.8406 H   0  0  0  0  0  0  0  0  0  0  0  0
    9.3438    7.8154    6.3991 H   0  0  0  0  0  0  0  0  0  0  0  0
  1 11  1  0  0  0  0
  1 10  1  0  0  0  0
  2 13  1  0  0  0  0
  2  1  1  0  0  0  0
  3  4  1  0  0  0  0
  3  2  1  0  0  0  0
  3  8  1  0  0  0  0
  4 14  1  0  0  0  0
  4  1  1  0  0  0  0
  5  6  1  0  0  0  0
  5  3  1  0  0  0  0
  6 18  1  6  0  0  0
  6  7  1  0  0  0  0
  6  9  1  0  0  0  0
  7 20  1  0  0  0  0
  7  8  1  0  0  0  0
  8 21  1  1  0  0  0
  9 22  1  0  0  0  0
  9  8  1  0  0  0  0
 12  2  1  0  0  0  0
 15  4  1  0  0  0  0
 16  5  1  0  0  0  0
 17  5  1  0  0  0  0
 19  7  1  0  0  0  0
 23  9  1  0  0  0  0
M  END
