Lattice="13.89332857 0.0 0.0 0.0 13.808494450000001 0.0 0.0 0.0 13.936728800000001" Properties=species:S:1:pos:R:3:GW_charged:R:1:dKS_charged:R:1:dKS_neutral:R:1 pbc="T T T"
 OpenBabel12102411063D
Lattice="13.89332857 0.0 0.0 0.0 13.808494450000001 0.0 0.0 0.0 13.936728800000001" Properties=species:S:1:pos:R:3:GW_charged:R:1:dKS_charged:R:1:dKS_neutral:R:1 pbc="T T T"
 23 25  0  0  1  0  0  0  0  0999 V2000
    5.8586    8.7696    5.4912 C   0  0  0  0  0  0  0  0  0  0  0  0
    7.2124    8.1668    5.7877 C   0  0  1  0  0  0  0  0  0  0  0  0
    7.8768    8.2938    7.1447 C   0  0  0  0  0  0  0  0  0  0  0  0
    8.6708    7.0314    7.5166 C   0  0  0  0  0  0  0  0  0  0  0  0
    7.8885    5.7383    7.7366 C   0  0  1  0  0  0  0  0  0  0  0  0
    6.8900    5.5325    8.8511 C   0  0  0  0  0  0  0  0  0  0  0  0
    6.4226    5.4930    7.4133 C   0  0  1  0  0  0  0  0  0  0  0  0
    5.4900    6.5787    6.8879 C   0  0  0  0  0  0  0  0  0  0  0  0
    6.0022    7.2721    5.6417 C   0  0  1  0  0  0  0  0  0  0  0  0
    5.3559    9.3085    6.2959 H   0  0  0  0  0  0  0  0  0  0  0  0
    5.6796    9.1838    4.5000 H   0  0  0  0  0  0  0  0  0  0  0  0
    7.9159    8.1508    4.9519 H   0  0  0  0  0  0  0  0  0  0  0  0
    8.5632    9.1554    7.1381 H   0  0  0  0  0  0  0  0  0  0  0  0
    7.1311    8.5236    7.9209 H   0  0  0  0  0  0  0  0  0  0  0  0
    9.3933    6.8448    6.7052 H   0  0  0  0  0  0  0  0  0  0  0  0
    9.2779    7.2326    8.4151 H   0  0  0  0  0  0  0  0  0  0  0  0
    8.5109    4.8597    7.5526 H   0  0  0  0  0  0  0  0  0  0  0  0
    6.9352    4.6149    9.4367 H   0  0  0  0  0  0  0  0  0  0  0  0
    6.5907    6.4110    9.4258 H   0  0  0  0  0  0  0  0  0  0  0  0
    6.2197    4.5000    7.0069 H   0  0  0  0  0  0  0  0  0  0  0  0
    4.5000    6.1371    6.6945 H   0  0  0  0  0  0  0  0  0  0  0  0
    5.3194    7.3294    7.6734 H   0  0  0  0  0  0  0  0  0  0  0  0
    5.9469    6.6826    4.7244 H   0  0  0  0  0  0  0  0  0  0  0  0
  1  9  1  0  0  0  0
  1  2  1  0  0  0  0
  1 10  1  0  0  0  0
  2 12  1  6  0  0  0
  2  3  1  0  0  0  0
  3  4  1  0  0  0  0
  3 14  1  0  0  0  0
  4  5  1  0  0  0  0
  4 16  1  0  0  0  0
  5 17  1  6  0  0  0
  5  6  1  0  0  0  0
  6 19  1  0  0  0  0
  6 18  1  0  0  0  0
  7 20  1  6  0  0  0
  7  5  1  0  0  0  0
  7  6  1  0  0  0  0
  8  7  1  0  0  0  0
  8 22  1  0  0  0  0
  9 23  1  6  0  0  0
  9  2  1  0  0  0  0
  9  8  1  0  0  0  0
 11  1  1  0  0  0  0
 13  3  1  0  0  0  0
 15  4  1  0  0  0  0
 21  8  1  0  0  0  0
M  END
