Lattice="13.90706909 0.0 0.0 0.0 16.07719703 0.0 0.0 0.0 13.459098019999999" Properties=species:S:1:pos:R:3:GW_charged:R:1:dKS_charged:R:1:dKS_neutral:R:1 pbc="T T T"
 OpenBabel12102411073D
Lattice="13.90706909 0.0 0.0 0.0 16.07719703 0.0 0.0 0.0 13.459098019999999" Properties=species:S:1:pos:R:3:GW_charged:R:1:dKS_charged:R:1:dKS_neutral:R:1 pbc="T T T"
 25 24  0  0  1  0  0  0  0  0999 V2000
    6.5230   11.1403    8.0614 C   0  0  0  0  0  0  0  0  0  0  0  0
    6.5410    9.6867    8.0095 C   0  0  0  0  0  0  0  0  0  0  0  0
    6.5659    8.4740    7.9713 C   0  0  0  0  0  0  0  0  0  0  0  0
    6.5547    7.0117    7.9138 C   0  0  1  0  0  0  0  0  0  0  0  0
    5.1037    6.4993    8.0256 C   0  0  0  0  0  0  0  0  0  0  0  0
    7.3577    6.4662    6.6730 C   0  0  0  0  0  0  0  0  0  0  0  0
    8.8077    6.9710    6.7742 C   0  0  0  0  0  0  0  0  0  0  0  0
    7.3695    4.9278    6.7015 C   0  0  0  0  0  0  0  0  0  0  0  0
    6.7396    6.9557    5.3532 C   0  0  0  0  0  0  0  0  0  0  0  0
    7.0250   11.5772    7.1858 H   0  0  0  0  0  0  0  0  0  0  0  0
    5.4938   11.5273    8.0809 H   0  0  0  0  0  0  0  0  0  0  0  0
    7.0363   11.5147    8.9591 H   0  0  0  0  0  0  0  0  0  0  0  0
    7.1003    6.6441    8.8027 H   0  0  0  0  0  0  0  0  0  0  0  0
    4.5000    6.8193    7.1668 H   0  0  0  0  0  0  0  0  0  0  0  0
    5.0677    5.4048    8.0903 H   0  0  0  0  0  0  0  0  0  0  0  0
    4.6345    6.9079    8.9289 H   0  0  0  0  0  0  0  0  0  0  0  0
    9.2835    6.6276    7.7049 H   0  0  0  0  0  0  0  0  0  0  0  0
    9.4071    6.5948    5.9330 H   0  0  0  0  0  0  0  0  0  0  0  0
    8.8495    8.0679    6.7607 H   0  0  0  0  0  0  0  0  0  0  0  0
    6.3736    4.5000    6.5261 H   0  0  0  0  0  0  0  0  0  0  0  0
    8.0340    4.5400    5.9166 H   0  0  0  0  0  0  0  0  0  0  0  0
    7.7382    4.5473    7.6660 H   0  0  0  0  0  0  0  0  0  0  0  0
    6.6979    8.0528    5.3197 H   0  0  0  0  0  0  0  0  0  0  0  0
    7.3413    6.6119    4.5000 H   0  0  0  0  0  0  0  0  0  0  0  0
    5.7197    6.5726    5.2108 H   0  0  0  0  0  0  0  0  0  0  0  0
  1 11  1  0  0  0  0
  1 12  1  0  0  0  0
  2  1  1  0  0  0  0
  3  2  3  0  0  0  0
  4  3  1  0  0  0  0
  4  5  1  0  0  0  0
  4 13  1  1  0  0  0
  5 15  1  0  0  0  0
  5 16  1  0  0  0  0
  6  8  1  0  0  0  0
  6  7  1  0  0  0  0
  6  4  1  0  0  0  0
  7 17  1  0  0  0  0
  8 22  1  0  0  0  0
  9  6  1  0  0  0  0
 10  1  1  0  0  0  0
 14  5  1  0  0  0  0
 18  7  1  0  0  0  0
 19  7  1  0  0  0  0
 20  8  1  0  0  0  0
 21  8  1  0  0  0  0
 23  9  1  0  0  0  0
 24  9  1  0  0  0  0
 25  9  1  0  0  0  0
M  END
