Lattice="13.13091889 0.0 0.0 0.0 13.85036165 0.0 0.0 0.0 12.51448594" Properties=species:S:1:pos:R:3:GW_charged:R:1:dKS_charged:R:1:dKS_neutral:R:1 pbc="T T T"
 OpenBabel12102409383D
Lattice="13.13091889 0.0 0.0 0.0 13.85036165 0.0 0.0 0.0 12.51448594" Properties=species:S:1:pos:R:3:GW_charged:R:1:dKS_charged:R:1:dKS_neutral:R:1 pbc="T T T"
 17 18  0  0  1  0  0  0  0  0999 V2000
    5.6196    8.9032    6.6260 C   0  0  0  0  0  0  0  0  0  0  0  0
    5.5574    7.3915    6.5483 C   0  0  1  0  0  0  0  0  0  0  0  0
    6.2557    6.7514    5.3291 C   0  0  0  0  0  0  0  0  0  0  0  0
    6.7744    5.4240    5.8730 C   0  0  1  0  0  0  0  0  0  0  0  0
    8.0316    5.4561    6.7238 C   0  0  0  0  0  0  0  0  0  0  0  0
    6.6755    5.5382    7.3715 C   0  0  1  0  0  0  0  0  0  0  0  0
    6.2243    6.8330    7.7086 O   0  0  0  0  0  0  0  0  0  0  0  0
    6.6633    9.2463    6.6171 H   0  0  0  0  0  0  0  0  0  0  0  0
    5.0973    9.3504    5.7689 H   0  0  0  0  0  0  0  0  0  0  0  0
    5.1429    9.2683    7.5447 H   0  0  0  0  0  0  0  0  0  0  0  0
    4.5000    7.0602    6.5706 H   0  0  0  0  0  0  0  0  0  0  0  0
    5.5516    6.6023    4.5000 H   0  0  0  0  0  0  0  0  0  0  0  0
    7.0709    7.3946    4.9619 H   0  0  0  0  0  0  0  0  0  0  0  0
    6.5147    4.5000    5.3600 H   0  0  0  0  0  0  0  0  0  0  0  0
    8.5951    4.5288    6.8276 H   0  0  0  0  0  0  0  0  0  0  0  0
    8.6309    6.3666    6.7212 H   0  0  0  0  0  0  0  0  0  0  0  0
    6.3014    4.7402    8.0145 H   0  0  0  0  0  0  0  0  0  0  0  0
  1 10  1  0  0  0  0
  2 11  1  1  0  0  0
  2  1  1  0  0  0  0
  2  7  1  0  0  0  0
  3  4  1  0  0  0  0
  3  2  1  0  0  0  0
  4 14  1  6  0  0  0
  4  5  1  0  0  0  0
  4  6  1  0  0  0  0
  5 15  1  0  0  0  0
  5  6  1  0  0  0  0
  6  7  1  0  0  0  0
  6 17  1  1  0  0  0
  8  1  1  0  0  0  0
  9  1  1  0  0  0  0
 12  3  1  0  0  0  0
 13  3  1  0  0  0  0
 16  5  1  0  0  0  0
M  END
