Lattice="14.0241831 0.0 0.0 0.0 13.99372588 0.0 0.0 0.0 13.76027595" Properties=species:S:1:pos:R:3:GW_charged:R:1:dKS_charged:R:1:dKS_neutral:R:1 pbc="T T T"
 OpenBabel12102411073D
Lattice="14.0241831 0.0 0.0 0.0 13.99372588 0.0 0.0 0.0 13.76027595" Properties=species:S:1:pos:R:3:GW_charged:R:1:dKS_charged:R:1:dKS_neutral:R:1 pbc="T T T"
 23 25  0  0  1  0  0  0  0  0999 V2000
    5.7285    8.7243    6.8966 C   0  0  0  0  0  0  0  0  0  0  0  0
    6.8700    8.8193    7.9427 C   0  0  0  0  0  0  0  0  0  0  0  0
    6.7408    7.2925    8.2017 C   0  0  1  0  0  0  0  0  0  0  0  0
    5.3578    7.3206    7.4672 C   0  0  2  0  0  0  0  0  0  0  0  0
    5.2669    6.0962    6.5496 C   0  0  0  0  0  0  0  0  0  0  0  0
    6.7066    5.5967    6.3388 C   0  0  1  0  0  0  0  0  0  0  0  0
    7.5549    6.2189    5.1904 C   0  0  0  0  0  0  0  0  0  0  0  0
    8.5299    6.8277    6.2335 C   0  0  0  0  0  0  0  0  0  0  0  0
    7.6285    6.3106    7.3966 C   0  0  1  0  0  0  0  0  0  0  0  0
    4.9470    9.4937    6.9402 H   0  0  0  0  0  0  0  0  0  0  0  0
    6.0993    8.6796    5.8640 H   0  0  0  0  0  0  0  0  0  0  0  0
    7.8421    9.2031    7.6061 H   0  0  0  0  0  0  0  0  0  0  0  0
    6.5683    9.3963    8.8267 H   0  0  0  0  0  0  0  0  0  0  0  0
    6.7286    7.0009    9.2603 H   0  0  0  0  0  0  0  0  0  0  0  0
    4.5000    7.3894    8.1498 H   0  0  0  0  0  0  0  0  0  0  0  0
    4.6714    5.3137    7.0440 H   0  0  0  0  0  0  0  0  0  0  0  0
    4.7631    6.3205    5.5965 H   0  0  0  0  0  0  0  0  0  0  0  0
    6.7558    4.5000    6.3516 H   0  0  0  0  0  0  0  0  0  0  0  0
    8.0024    5.4927    4.5000 H   0  0  0  0  0  0  0  0  0  0  0  0
    7.0116    6.9595    4.5882 H   0  0  0  0  0  0  0  0  0  0  0  0
    9.5242    6.3636    6.2298 H   0  0  0  0  0  0  0  0  0  0  0  0
    8.6743    7.9141    6.1760 H   0  0  0  0  0  0  0  0  0  0  0  0
    8.1607    5.6412    8.0840 H   0  0  0  0  0  0  0  0  0  0  0  0
  1 10  1  0  0  0  0
  1  4  1  0  0  0  0
  1  2  1  0  0  0  0
  2  3  1  0  0  0  0
  2 13  1  0  0  0  0
  3 14  1  1  0  0  0
  4 15  1  1  0  0  0
  4  3  1  0  0  0  0
  5 16  1  0  0  0  0
  5  4  1  0  0  0  0
  6 18  1  1  0  0  0
  6  5  1  0  0  0  0
  6  9  1  0  0  0  0
  7  8  1  0  0  0  0
  7  6  1  0  0  0  0
  8  9  1  0  0  0  0
  9 23  1  1  0  0  0
  9  3  1  0  0  0  0
 11  1  1  0  0  0  0
 12  2  1  0  0  0  0
 17  5  1  0  0  0  0
 19  7  1  0  0  0  0
 20  7  1  0  0  0  0
 21  8  1  0  0  0  0
 22  8  1  0  0  0  0
M  END
