Lattice="13.61180599 0.0 0.0 0.0 16.780992230000003 0.0 0.0 0.0 11.935733599999999" Properties=species:S:1:pos:R:3:GW_charged:R:1:dKS_charged:R:1:dKS_neutral:R:1 pbc="T T T"
 OpenBabel12102409453D
Lattice="13.61180599 0.0 0.0 0.0 16.780992230000003 0.0 0.0 0.0 11.935733599999999" Properties=species:S:1:pos:R:3:GW_charged:R:1:dKS_charged:R:1:dKS_neutral:R:1 pbc="T T T"
 19 19  0  0  0  0  0  0  0  0999 V2000
    6.9761    5.5644    5.5212 C   0  0  0  0  0  0  0  0  0  0  0  0
    6.8847    6.7726    5.6135 C   0  0  0  0  0  0  0  0  0  0  0  0
    6.8491    8.1931    5.7229 C   0  0  0  0  0  0  0  0  0  0  0  0
    5.6452    8.8132    5.7274 C   0  0  0  0  0  0  0  0  0  0  0  0
    5.3141   10.2755    5.7825 C   0  0  0  0  0  0  0  0  0  0  0  0
    6.4606   11.2615    5.5095 C   0  0  0  0  0  0  0  0  0  0  0  0
    7.5643   11.1672    6.5278 C   0  0  0  0  0  0  0  0  0  0  0  0
    8.3367   10.0842    6.6667 C   0  0  0  0  0  0  0  0  0  0  0  0
    8.2282    8.8484    5.8090 C   0  0  0  0  0  0  0  0  0  0  0  0
    7.0356    4.5000    5.4398 H   0  0  0  0  0  0  0  0  0  0  0  0
    4.7740    8.1547    5.6778 H   0  0  0  0  0  0  0  0  0  0  0  0
    4.5000   10.4580    5.0604 H   0  0  0  0  0  0  0  0  0  0  0  0
    4.8708   10.4975    6.7706 H   0  0  0  0  0  0  0  0  0  0  0  0
    6.8623   11.0662    4.5000 H   0  0  0  0  0  0  0  0  0  0  0  0
    6.0525   12.2810    5.4849 H   0  0  0  0  0  0  0  0  0  0  0  0
    7.7199   12.0181    7.1948 H   0  0  0  0  0  0  0  0  0  0  0  0
    9.1118   10.0783    7.4357 H   0  0  0  0  0  0  0  0  0  0  0  0
    8.9279    8.0871    6.1744 H   0  0  0  0  0  0  0  0  0  0  0  0
    8.5661    9.0761    4.7802 H   0  0  0  0  0  0  0  0  0  0  0  0
  1  2  3  0  0  0  0
  2  3  1  0  0  0  0
  3  4  2  0  0  0  0
  3  9  1  0  0  0  0
  4  5  1  0  0  0  0
  5 13  1  0  0  0  0
  6  5  1  0  0  0  0
  6  7  1  0  0  0  0
  7  8  2  0  0  0  0
  7 16  1  0  0  0  0
  8 17  1  0  0  0  0
  9 18  1  0  0  0  0
  9  8  1  0  0  0  0
 10  1  1  0  0  0  0
 11  4  1  0  0  0  0
 12  5  1  0  0  0  0
 14  6  1  0  0  0  0
 15  6  1  0  0  0  0
 19  9  1  0  0  0  0
M  END
