Lattice="12.65187527 0.0 0.0 0.0 13.61407468 0.0 0.0 0.0 12.62296387" Properties=species:S:1:pos:R:3:GW_charged:R:1:dKS_charged:R:1:dKS_neutral:R:1 pbc="T T T"
 OpenBabel12102409373D
Lattice="12.65187527 0.0 0.0 0.0 13.61407468 0.0 0.0 0.0 12.62296387" Properties=species:S:1:pos:R:3:GW_charged:R:1:dKS_charged:R:1:dKS_neutral:R:1 pbc="T T T"
 17 17  0  0  1  0  0  0  0  0999 V2000
    5.5072    8.6471    5.8999 C   0  0  0  0  0  0  0  0  0  0  0  0
    5.5304    7.1369    6.0469 C   0  0  1  0  0  0  0  0  0  0  0  0
    6.0139    6.5329    4.8254 O   0  0  0  0  0  0  0  0  0  0  0  0
    6.9291    5.4708    5.1327 C   0  0  0  0  0  0  0  0  0  0  0  0
    6.7595    5.1889    6.6273 C   0  0  0  0  0  0  0  0  0  0  0  0
    6.4112    6.5786    7.1761 C   0  0  1  0  0  0  0  0  0  0  0  0
    7.5670    7.4119    7.3265 O   0  0  0  0  0  0  0  0  0  0  0  0
    6.5193    9.0382    5.7486 H   0  0  0  0  0  0  0  0  0  0  0  0
    4.8851    8.9260    5.0403 H   0  0  0  0  0  0  0  0  0  0  0  0
    5.0823    9.1141    6.7994 H   0  0  0  0  0  0  0  0  0  0  0  0
    4.5000    6.7713    6.2256 H   0  0  0  0  0  0  0  0  0  0  0  0
    6.6877    4.6046    4.5000 H   0  0  0  0  0  0  0  0  0  0  0  0
    7.9587    5.7956    4.9031 H   0  0  0  0  0  0  0  0  0  0  0  0
    5.9207    4.5000    6.8063 H   0  0  0  0  0  0  0  0  0  0  0  0
    7.6560    4.7592    7.0948 H   0  0  0  0  0  0  0  0  0  0  0  0
    5.8460    6.5310    8.1230 H   0  0  0  0  0  0  0  0  0  0  0  0
    8.1519    6.9929    7.9754 H   0  0  0  0  0  0  0  0  0  0  0  0
  1  2  1  0  0  0  0
  1 10  1  0  0  0  0
  2 11  1  1  0  0  0
  2  6  1  0  0  0  0
  3  4  1  0  0  0  0
  3  2  1  0  0  0  0
  4  5  1  0  0  0  0
  5 14  1  0  0  0  0
  5 15  1  0  0  0  0
  5  6  1  0  0  0  0
  6  7  1  0  0  0  0
  6 16  1  1  0  0  0
  7 17  1  0  0  0  0
  8  1  1  0  0  0  0
  9  1  1  0  0  0  0
 12  4  1  0  0  0  0
 13  4  1  0  0  0  0
M  END
