Lattice="13.724419099999999 0.0 0.0 0.0 13.326147729999999 0.0 0.0 0.0 12.634169889999999" Properties=species:S:1:pos:R:3:GW_charged:R:1:dKS_charged:R:1:dKS_neutral:R:1 pbc="T T T"
 OpenBabel12102409383D
Lattice="13.724419099999999 0.0 0.0 0.0 13.326147729999999 0.0 0.0 0.0 12.634169889999999" Properties=species:S:1:pos:R:3:GW_charged:R:1:dKS_charged:R:1:dKS_neutral:R:1 pbc="T T T"
 17 18  0  0  0  0  0  0  0  0999 V2000
    5.3170    7.7265    5.5306 C   0  0  0  0  0  0  0  0  0  0  0  0
    6.6330    8.1291    6.2498 C   0  0  0  0  0  0  0  0  0  0  0  0
    6.7122    6.6857    6.7932 C   0  0  0  0  0  0  0  0  0  0  0  0
    5.2015    6.5297    6.5130 C   0  0  0  0  0  0  0  0  0  0  0  0
    7.7247    5.6814    6.1974 C   0  0  0  0  0  0  0  0  0  0  0  0
    8.1964    5.4982    7.6486 C   0  0  0  0  0  0  0  0  0  0  0  0
    7.2158    6.4558    8.1342 O   0  0  0  0  0  0  0  0  0  0  0  0
    4.5000    8.4568    5.5247 H   0  0  0  0  0  0  0  0  0  0  0  0
    5.4979    7.3950    4.5000 H   0  0  0  0  0  0  0  0  0  0  0  0
    7.4766    8.5011    5.6534 H   0  0  0  0  0  0  0  0  0  0  0  0
    6.4424    8.8261    7.0774 H   0  0  0  0  0  0  0  0  0  0  0  0
    4.6288    6.7997    7.4110 H   0  0  0  0  0  0  0  0  0  0  0  0
    4.8455    5.5612    6.1373 H   0  0  0  0  0  0  0  0  0  0  0  0
    7.2785    4.7953    5.7312 H   0  0  0  0  0  0  0  0  0  0  0  0
    8.4621    6.1177    5.5135 H   0  0  0  0  0  0  0  0  0  0  0  0
    8.0369    4.5000    8.0850 H   0  0  0  0  0  0  0  0  0  0  0  0
    9.2244    5.8268    7.8665 H   0  0  0  0  0  0  0  0  0  0  0  0
  1  2  1  0  0  0  0
  1  4  1  0  0  0  0
  2  3  1  0  0  0  0
  2 11  1  0  0  0  0
  3  7  1  0  0  0  0
  4  3  1  0  0  0  0
  4 12  1  0  0  0  0
  5  3  1  0  0  0  0
  5  6  1  0  0  0  0
  6 17  1  0  0  0  0
  6 16  1  0  0  0  0
  6  7  1  0  0  0  0
  8  1  1  0  0  0  0
  9  1  1  0  0  0  0
 10  2  1  0  0  0  0
 13  4  1  0  0  0  0
 14  5  1  0  0  0  0
 15  5  1  0  0  0  0
M  END
