Lattice="14.16447221 0.0 0.0 0.0 16.50662891 0.0 0.0 0.0 12.390237729999999" Properties=species:S:1:pos:R:3:GW_charged:R:1:dKS_charged:R:1:dKS_neutral:R:1 pbc="T T T"
 OpenBabel12102410123D
Lattice="14.16447221 0.0 0.0 0.0 16.50662891 0.0 0.0 0.0 12.390237729999999" Properties=species:S:1:pos:R:3:GW_charged:R:1:dKS_charged:R:1:dKS_neutral:R:1 pbc="T T T"
 21 21  0  0  1  0  0  0  0  0999 V2000
    5.0345    5.5682    5.5812 C   0  0  0  0  0  0  0  0  0  0  0  0
    5.0470    6.7766    5.6433 C   0  0  0  0  0  0  0  0  0  0  0  0
    5.0757    8.2308    5.6947 C   0  0  0  0  0  0  0  0  0  0  0  0
    6.4911    8.8236    5.6558 C   0  0  1  0  0  0  0  0  0  0  0  0
    6.4822   10.3442    5.4691 C   0  0  0  0  0  0  0  0  0  0  0  0
    7.9063   10.9078    5.5559 C   0  0  0  0  0  0  0  0  0  0  0  0
    8.6027   10.4113    6.8283 C   0  0  0  0  0  0  0  0  0  0  0  0
    8.4850    8.8925    6.9350 C   0  0  0  0  0  0  0  0  0  0  0  0
    7.1252    8.4606    6.8832 O   0  0  0  0  0  0  0  0  0  0  0  0
    5.0222    4.5000    5.5372 H   0  0  0  0  0  0  0  0  0  0  0  0
    4.5000    8.6380    4.8482 H   0  0  0  0  0  0  0  0  0  0  0  0
    4.5816    8.5825    6.6149 H   0  0  0  0  0  0  0  0  0  0  0  0
    7.0489    8.3590    4.8159 H   0  0  0  0  0  0  0  0  0  0  0  0
    6.0242   10.5949    4.5000 H   0  0  0  0  0  0  0  0  0  0  0  0
    5.8506   10.7908    6.2549 H   0  0  0  0  0  0  0  0  0  0  0  0
    8.4811   10.5784    4.6736 H   0  0  0  0  0  0  0  0  0  0  0  0
    7.8883   12.0066    5.5229 H   0  0  0  0  0  0  0  0  0  0  0  0
    9.6645   10.7013    6.8345 H   0  0  0  0  0  0  0  0  0  0  0  0
    8.1357   10.8672    7.7158 H   0  0  0  0  0  0  0  0  0  0  0  0
    9.0583    8.4070    6.1189 H   0  0  0  0  0  0  0  0  0  0  0  0
    8.8777    8.5206    7.8902 H   0  0  0  0  0  0  0  0  0  0  0  0
  1  2  3  0  0  0  0
  2  3  1  0  0  0  0
  3 12  1  0  0  0  0
  4 13  1  6  0  0  0
  4  3  1  0  0  0  0
  4  9  1  0  0  0  0
  5  6  1  0  0  0  0
  5  4  1  0  0  0  0
  5 15  1  0  0  0  0
  6  7  1  0  0  0  0
  7 18  1  0  0  0  0
  7  8  1  0  0  0  0
  7 19  1  0  0  0  0
  8 21  1  0  0  0  0
  9  8  1  0  0  0  0
 10  1  1  0  0  0  0
 11  3  1  0  0  0  0
 14  5  1  0  0  0  0
 16  6  1  0  0  0  0
 17  6  1  0  0  0  0
 20  8  1  0  0  0  0
M  END
