Lattice="14.41878276 0.0 0.0 0.0 18.48490401 0.0 0.0 0.0 12.324178459999999" Properties=species:S:1:pos:R:3:GW_charged:R:1:dKS_charged:R:1:dKS_neutral:R:1 pbc="T T T"
 OpenBabel12102410123D
Lattice="14.41878276 0.0 0.0 0.0 18.48490401 0.0 0.0 0.0 12.324178459999999" Properties=species:S:1:pos:R:3:GW_charged:R:1:dKS_charged:R:1:dKS_neutral:R:1 pbc="T T T"
 21 21  0  0  0  0  0  0  0  0999 V2000
    5.0868    5.5659    5.8703 C   0  0  0  0  0  0  0  0  0  0  0  0
    5.1311    6.7728    5.9504 C   0  0  0  0  0  0  0  0  0  0  0  0
    5.2224    8.2222    6.0367 C   0  0  0  0  0  0  0  0  0  0  0  0
    6.6266    8.7350    5.7027 C   0  0  0  0  0  0  0  0  0  0  0  0
    6.6082   10.1469    5.8176 O   0  0  0  0  0  0  0  0  0  0  0  0
    7.8735   10.7321    5.5168 C   0  0  0  0  0  0  0  0  0  0  0  0
    7.7670   12.2259    5.6090 C   0  0  0  0  0  0  0  0  0  0  0  0
    7.8672   12.9055    6.9514 C   0  0  0  0  0  0  0  0  0  0  0  0
    8.9955   13.0316    5.9590 C   0  0  0  0  0  0  0  0  0  0  0  0
    5.0339    4.5000    5.8031 H   0  0  0  0  0  0  0  0  0  0  0  0
    4.5000    8.6880    5.3483 H   0  0  0  0  0  0  0  0  0  0  0  0
    4.9523    8.5580    7.0501 H   0  0  0  0  0  0  0  0  0  0  0  0
    7.3660    8.2925    6.3976 H   0  0  0  0  0  0  0  0  0  0  0  0
    6.9090    8.4261    4.6779 H   0  0  0  0  0  0  0  0  0  0  0  0
    8.6409   10.3591    6.2255 H   0  0  0  0  0  0  0  0  0  0  0  0
    8.1923   10.4268    4.5000 H   0  0  0  0  0  0  0  0  0  0  0  0
    7.0817   12.6733    4.8874 H   0  0  0  0  0  0  0  0  0  0  0  0
    7.2380   13.7745    7.1345 H   0  0  0  0  0  0  0  0  0  0  0  0
    8.0218   12.2719    7.8242 H   0  0  0  0  0  0  0  0  0  0  0  0
    9.9188   12.4901    6.1640 H   0  0  0  0  0  0  0  0  0  0  0  0
    9.1416   13.9849    5.4545 H   0  0  0  0  0  0  0  0  0  0  0  0
  1  2  3  0  0  0  0
  2  3  1  0  0  0  0
  3 12  1  0  0  0  0
  4  5  1  0  0  0  0
  4  3  1  0  0  0  0
  4 13  1  0  0  0  0
  6  7  1  0  0  0  0
  6  5  1  0  0  0  0
  6 15  1  0  0  0  0
  7  9  1  0  0  0  0
  7  8  1  0  0  0  0
  8 18  1  0  0  0  0
  8 19  1  0  0  0  0
  9 20  1  0  0  0  0
  9  8  1  0  0  0  0
 10  1  1  0  0  0  0
 11  3  1  0  0  0  0
 14  4  1  0  0  0  0
 16  6  1  0  0  0  0
 17  7  1  0  0  0  0
 21  9  1  0  0  0  0
M  END
