Lattice="12.17048275 0.0 0.0 0.0 13.69205888 0.0 0.0 0.0 12.26647415" Properties=species:S:1:pos:R:3:GW_charged:R:1:dKS_charged:R:1:dKS_neutral:R:1 pbc="T T T"
 OpenBabel12102409263D
Lattice="12.17048275 0.0 0.0 0.0 13.69205888 0.0 0.0 0.0 12.26647415" Properties=species:S:1:pos:R:3:GW_charged:R:1:dKS_charged:R:1:dKS_neutral:R:1 pbc="T T T"
 13 13  0  0  1  0  0  0  0  0999 V2000
    5.9155    8.6029    5.3847 C   0  0  0  0  0  0  0  0  0  0  0  0
    5.5886    7.1178    5.5662 C   0  0  0  0  0  0  0  0  0  0  0  0
    6.2618    6.5198    6.7755 C   0  0  1  0  0  0  0  0  0  0  0  0
    6.7467    5.1331    6.8128 C   0  0  0  0  0  0  0  0  0  0  0  0
    7.6705    6.2245    6.6584 O   0  0  0  0  0  0  0  0  0  0  0  0
    6.9963    8.7519    5.2605 H   0  0  0  0  0  0  0  0  0  0  0  0
    5.4130    9.0156    4.5000 H   0  0  0  0  0  0  0  0  0  0  0  0
    5.5936    9.1921    6.2555 H   0  0  0  0  0  0  0  0  0  0  0  0
    4.5000    6.9789    5.6744 H   0  0  0  0  0  0  0  0  0  0  0  0
    5.8937    6.5492    4.6745 H   0  0  0  0  0  0  0  0  0  0  0  0
    6.0008    6.9841    7.7357 H   0  0  0  0  0  0  0  0  0  0  0  0
    6.8092    4.6004    7.7665 H   0  0  0  0  0  0  0  0  0  0  0  0
    6.6236    4.5000    5.9284 H   0  0  0  0  0  0  0  0  0  0  0  0
  1  2  1  0  0  0  0
  1  8  1  0  0  0  0
  2  9  1  0  0  0  0
  2  3  1  0  0  0  0
  3  4  1  0  0  0  0
  3 11  1  1  0  0  0
  4 12  1  0  0  0  0
  5  3  1  0  0  0  0
  5  4  1  0  0  0  0
  6  1  1  0  0  0  0
  7  1  1  0  0  0  0
 10  2  1  0  0  0  0
 13  4  1  0  0  0  0
M  END
