Lattice="13.42283739 0.0 0.0 0.0 13.78779984 0.0 0.0 0.0 14.480703519999999" Properties=species:S:1:pos:R:3:GW_charged:R:1:dKS_charged:R:1:dKS_neutral:R:1 pbc="T T T"
 OpenBabel12102411063D
Lattice="13.42283739 0.0 0.0 0.0 13.78779984 0.0 0.0 0.0 14.480703519999999" Properties=species:S:1:pos:R:3:GW_charged:R:1:dKS_charged:R:1:dKS_neutral:R:1 pbc="T T T"
 21 22  0  0  1  0  0  0  0  0999 V2000
    5.9346    8.7213    5.4387 C   0  0  0  0  0  0  0  0  0  0  0  0
    7.2619    8.0158    5.5262 C   0  0  1  0  0  0  0  0  0  0  0  0
    8.2596    8.1256    6.6795 C   0  0  0  0  0  0  0  0  0  0  0  0
    7.7883    8.2865    8.1022 C   0  0  0  0  0  0  0  0  0  0  0  0
    7.4147    7.2796    8.9171 C   0  0  0  0  0  0  0  0  0  0  0  0
    7.1974    5.8992    8.4830 C   0  0  0  0  0  0  0  0  0  0  0  0
    6.3491    5.5555    7.4929 C   0  0  0  0  0  0  0  0  0  0  0  0
    5.4400    6.5356    6.8028 C   0  0  0  0  0  0  0  0  0  0  0  0
    5.9866    7.2088    5.5428 C   0  0  1  0  0  0  0  0  0  0  0  0
    5.5829    9.2444    6.3292 H   0  0  0  0  0  0  0  0  0  0  0  0
    5.6472    9.1934    4.5000 H   0  0  0  0  0  0  0  0  0  0  0  0
    7.7948    7.9535    4.5741 H   0  0  0  0  0  0  0  0  0  0  0  0
    8.8867    7.2200    6.6328 H   0  0  0  0  0  0  0  0  0  0  0  0
    8.9228    8.9737    6.4490 H   0  0  0  0  0  0  0  0  0  0  0  0
    7.8675    9.2878    8.5328 H   0  0  0  0  0  0  0  0  0  0  0  0
    7.2721    7.4980    9.9807 H   0  0  0  0  0  0  0  0  0  0  0  0
    7.7205    5.1076    9.0288 H   0  0  0  0  0  0  0  0  0  0  0  0
    6.2624    4.5000    7.2219 H   0  0  0  0  0  0  0  0  0  0  0  0
    4.5000    6.0314    6.5334 H   0  0  0  0  0  0  0  0  0  0  0  0
    5.1785    7.3197    7.5277 H   0  0  0  0  0  0  0  0  0  0  0  0
    5.7918    6.6539    4.6236 H   0  0  0  0  0  0  0  0  0  0  0  0
  1  2  1  0  0  0  0
  1  9  1  0  0  0  0
  1 10  1  0  0  0  0
  2 12  1  6  0  0  0
  2  9  1  0  0  0  0
  2  3  1  0  0  0  0
  3  4  1  0  0  0  0
  4 15  1  0  0  0  0
  4  5  2  0  0  0  0
  5 16  1  0  0  0  0
  6  5  1  0  0  0  0
  6 17  1  0  0  0  0
  7  6  2  0  0  0  0
  8  7  1  0  0  0  0
  8 20  1  0  0  0  0
  9 21  1  6  0  0  0
  9  8  1  0  0  0  0
 11  1  1  0  0  0  0
 13  3  1  0  0  0  0
 14  3  1  0  0  0  0
 18  7  1  0  0  0  0
 19  8  1  0  0  0  0
M  END
