Lattice="15.788887410000001 0.0 0.0 0.0 14.70796162 0.0 0.0 0.0 13.02789325" Properties=species:S:1:pos:R:3:GW_charged:R:1:dKS_charged:R:1:dKS_neutral:R:1 pbc="T T T"
 OpenBabel12102409403D
Lattice="15.788887410000001 0.0 0.0 0.0 14.70796162 0.0 0.0 0.0 13.02789325" Properties=species:S:1:pos:R:3:GW_charged:R:1:dKS_charged:R:1:dKS_neutral:R:1 pbc="T T T"
 20 19  0  0  0  0  0  0  0  0999 V2000
   10.2725    9.4765    6.8513 C   0  0  0  0  0  0  0  0  0  0  0  0
   10.1398    8.1241    6.1304 C   0  0  0  0  0  0  0  0  0  0  0  0
    8.8086    7.5412    6.2444 C   0  0  0  0  0  0  0  0  0  0  0  0
    7.6859    7.0933    6.3598 C   0  0  0  0  0  0  0  0  0  0  0  0
    6.3346    6.5248    6.4648 C   0  0  0  0  0  0  0  0  0  0  0  0
    6.4194    5.0154    6.7604 C   0  0  0  0  0  0  0  0  0  0  0  0
    5.5199    7.2540    7.5404 C   0  0  0  0  0  0  0  0  0  0  0  0
    5.6085    6.7421    5.2277 O   0  0  0  0  0  0  0  0  0  0  0  0
   11.2889    9.8760    6.7366 H   0  0  0  0  0  0  0  0  0  0  0  0
    9.5649   10.2080    6.4413 H   0  0  0  0  0  0  0  0  0  0  0  0
   10.0628    9.3697    7.9231 H   0  0  0  0  0  0  0  0  0  0  0  0
   10.3868    8.2459    5.0630 H   0  0  0  0  0  0  0  0  0  0  0  0
   10.8814    7.4133    6.5302 H   0  0  0  0  0  0  0  0  0  0  0  0
    6.9283    4.8301    7.7156 H   0  0  0  0  0  0  0  0  0  0  0  0
    5.4063    4.5951    6.8051 H   0  0  0  0  0  0  0  0  0  0  0  0
    6.9816    4.5000    5.9706 H   0  0  0  0  0  0  0  0  0  0  0  0
    5.4695    8.3245    7.3115 H   0  0  0  0  0  0  0  0  0  0  0  0
    4.5000    6.8481    7.5619 H   0  0  0  0  0  0  0  0  0  0  0  0
    5.9782    7.1227    8.5279 H   0  0  0  0  0  0  0  0  0  0  0  0
    6.2058    6.5059    4.5000 H   0  0  0  0  0  0  0  0  0  0  0  0
  1 11  1  0  0  0  0
  2  3  1  0  0  0  0
  2 13  1  0  0  0  0
  2  1  1  0  0  0  0
  3  4  3  0  0  0  0
  4  5  1  0  0  0  0
  5  6  1  0  0  0  0
  5  7  1  0  0  0  0
  6 15  1  0  0  0  0
  6 14  1  0  0  0  0
  7 18  1  0  0  0  0
  7 19  1  0  0  0  0
  8  5  1  0  0  0  0
  9  1  1  0  0  0  0
 10  1  1  0  0  0  0
 12  2  1  0  0  0  0
 16  6  1  0  0  0  0
 17  7  1  0  0  0  0
 20  8  1  0  0  0  0
M  END
