Lattice="12.70781769 0.0 0.0 0.0 14.863848130000001 0.0 0.0 0.0 12.49409421" Properties=species:S:1:pos:R:3:GW_charged:R:1:dKS_charged:R:1:dKS_neutral:R:1 pbc="T T T"
 OpenBabel12102409383D
Lattice="12.70781769 0.0 0.0 0.0 14.863848130000001 0.0 0.0 0.0 12.49409421" Properties=species:S:1:pos:R:3:GW_charged:R:1:dKS_charged:R:1:dKS_neutral:R:1 pbc="T T T"
 17 17  0  0  0  0  0  0  0  0999 V2000
    6.7265    9.7516    6.2361 C   0  0  0  0  0  0  0  0  0  0  0  0
    7.0870    8.3443    6.6718 C   0  0  0  0  0  0  0  0  0  0  0  0
    8.2078    8.0586    7.0614 O   0  0  0  0  0  0  0  0  0  0  0  0
    5.9863    7.3125    6.5553 C   0  0  0  0  0  0  0  0  0  0  0  0
    5.7356    6.7509    5.1101 C   0  0  0  0  0  0  0  0  0  0  0  0
    5.5592    5.3457    5.7409 C   0  0  0  0  0  0  0  0  0  0  0  0
    6.2531    5.8652    7.0272 C   0  0  0  0  0  0  0  0  0  0  0  0
    7.6285   10.3638    6.1392 H   0  0  0  0  0  0  0  0  0  0  0  0
    6.1691    9.7426    5.2886 H   0  0  0  0  0  0  0  0  0  0  0  0
    6.0636   10.2052    6.9891 H   0  0  0  0  0  0  0  0  0  0  0  0
    5.0490    7.7232    6.9616 H   0  0  0  0  0  0  0  0  0  0  0  0
    4.8985    7.1762    4.5434 H   0  0  0  0  0  0  0  0  0  0  0  0
    6.6470    6.8155    4.5000 H   0  0  0  0  0  0  0  0  0  0  0  0
    4.5000    5.1114    5.9113 H   0  0  0  0  0  0  0  0  0  0  0  0
    6.0232    4.5000    5.2188 H   0  0  0  0  0  0  0  0  0  0  0  0
    7.3324    5.6660    7.0359 H   0  0  0  0  0  0  0  0  0  0  0  0
    5.8314    5.5666    7.9941 H   0  0  0  0  0  0  0  0  0  0  0  0
  1  2  1  0  0  0  0
  1 10  1  0  0  0  0
  2  3  2  0  0  0  0
  4  2  1  0  0  0  0
  4 11  1  0  0  0  0
  4  7  1  0  0  0  0
  5  6  1  0  0  0  0
  5  4  1  0  0  0  0
  6 14  1  0  0  0  0
  6  7  1  0  0  0  0
  7 16  1  0  0  0  0
  7 17  1  0  0  0  0
  8  1  1  0  0  0  0
  9  1  1  0  0  0  0
 12  5  1  0  0  0  0
 13  5  1  0  0  0  0
 15  6  1  0  0  0  0
M  END
