Lattice="13.412063719999999 0.0 0.0 0.0 13.50206131 0.0 0.0 0.0 12.04434116" Properties=species:S:1:pos:R:3:GW_charged:R:1:dKS_charged:R:1:dKS_neutral:R:1 pbc="T T T"
 OpenBabel12102409393D
Lattice="13.412063719999999 0.0 0.0 0.0 13.50206131 0.0 0.0 0.0 12.04434116" Properties=species:S:1:pos:R:3:GW_charged:R:1:dKS_charged:R:1:dKS_neutral:R:1 pbc="T T T"
 17 17  0  0  1  0  0  0  0  0999 V2000
    7.9951    8.7616    6.0661 O   0  0  0  0  0  0  0  0  0  0  0  0
    7.9383    7.3434    6.2689 C   0  0  0  0  0  0  0  0  0  0  0  0
    6.5121    6.9820    6.6380 C   0  0  1  0  0  0  0  0  0  0  0  0
    5.5042    7.0605    5.4541 C   0  0  0  0  0  0  0  0  0  0  0  0
    5.6411    5.5265    5.2514 C   0  0  0  0  0  0  0  0  0  0  0  0
    6.2173    5.4428    6.6840 C   0  0  1  0  0  0  0  0  0  0  0  0
    7.2313    4.5029    6.9993 O   0  0  0  0  0  0  0  0  0  0  0  0
    8.9121    9.0021    5.8673 H   0  0  0  0  0  0  0  0  0  0  0  0
    8.2549    6.8144    5.3476 H   0  0  0  0  0  0  0  0  0  0  0  0
    8.6183    7.0344    7.0825 H   0  0  0  0  0  0  0  0  0  0  0  0
    6.2390    7.5402    7.5443 H   0  0  0  0  0  0  0  0  0  0  0  0
    4.5000    7.3478    5.7886 H   0  0  0  0  0  0  0  0  0  0  0  0
    5.7892    7.7085    4.6173 H   0  0  0  0  0  0  0  0  0  0  0  0
    4.7434    4.9382    5.0252 H   0  0  0  0  0  0  0  0  0  0  0  0
    6.4086    5.2861    4.5000 H   0  0  0  0  0  0  0  0  0  0  0  0
    5.4179    5.2511    7.4127 H   0  0  0  0  0  0  0  0  0  0  0  0
    7.8803    4.5000    6.2786 H   0  0  0  0  0  0  0  0  0  0  0  0
  1  2  1  0  0  0  0
  2  3  1  0  0  0  0
  2 10  1  0  0  0  0
  3  6  1  0  0  0  0
  3 11  1  1  0  0  0
  4 12  1  0  0  0  0
  4  3  1  0  0  0  0
  5  4  1  0  0  0  0
  5  6  1  0  0  0  0
  6  7  1  0  0  0  0
  6 16  1  1  0  0  0
  8  1  1  0  0  0  0
  9  2  1  0  0  0  0
 13  4  1  0  0  0  0
 14  5  1  0  0  0  0
 15  5  1  0  0  0  0
 17  7  1  0  0  0  0
M  END
