Lattice="13.145219449999999 0.0 0.0 0.0 13.96958253 0.0 0.0 0.0 13.33393824" Properties=species:S:1:pos:R:3:GW_charged:R:1:dKS_charged:R:1:dKS_neutral:R:1 pbc="T T T"
 OpenBabel12102409393D
Lattice="13.145219449999999 0.0 0.0 0.0 13.96958253 0.0 0.0 0.0 13.33393824" Properties=species:S:1:pos:R:3:GW_charged:R:1:dKS_charged:R:1:dKS_neutral:R:1 pbc="T T T"
 19 20  0  0  1  0  0  0  0  0999 V2000
    5.2812    8.8714    7.8580 C   0  0  0  0  0  0  0  0  0  0  0  0
    5.6112    7.3773    7.9515 C   0  0  0  0  0  0  0  0  0  0  0  0
    6.3069    6.8622    6.7222 C   0  0  2  0  0  0  0  0  0  0  0  0
    5.5683    6.4178    5.4871 C   0  0  0  0  0  0  0  0  0  0  0  0
    6.4709    5.4315    6.1827 C   0  0  1  0  0  0  0  0  0  0  0  0
    7.9301    5.7117    5.8155 C   0  0  0  0  0  0  0  0  0  0  0  0
    7.7679    7.1711    6.3501 C   0  0  0  0  0  0  0  0  0  0  0  0
    6.1924    9.4696    7.7148 H   0  0  0  0  0  0  0  0  0  0  0  0
    4.6163    9.0734    7.0066 H   0  0  0  0  0  0  0  0  0  0  0  0
    4.7856    9.2334    8.7691 H   0  0  0  0  0  0  0  0  0  0  0  0
    6.2469    7.1922    8.8339 H   0  0  0  0  0  0  0  0  0  0  0  0
    4.6868    6.7997    8.1142 H   0  0  0  0  0  0  0  0  0  0  0  0
    4.5000    6.2484    5.6265 H   0  0  0  0  0  0  0  0  0  0  0  0
    5.8352    6.8064    4.5000 H   0  0  0  0  0  0  0  0  0  0  0  0
    6.0835    4.5000    6.5952 H   0  0  0  0  0  0  0  0  0  0  0  0
    8.6452    5.1320    6.4117 H   0  0  0  0  0  0  0  0  0  0  0  0
    8.1894    5.5957    4.7522 H   0  0  0  0  0  0  0  0  0  0  0  0
    7.9228    7.9914    5.6335 H   0  0  0  0  0  0  0  0  0  0  0  0
    8.3951    7.3580    7.2320 H   0  0  0  0  0  0  0  0  0  0  0  0
  1  2  1  0  0  0  0
  1 10  1  0  0  0  0
  2 12  1  0  0  0  0
  2 11  1  0  0  0  0
  3  2  1  1  0  0  0
  4 13  1  0  0  0  0
  4  5  1  0  0  0  0
  4  3  1  0  0  0  0
  5 15  1  1  0  0  0
  5  3  1  0  0  0  0
  6  5  1  0  0  0  0
  6  7  1  0  0  0  0
  6 16  1  0  0  0  0
  7  3  1  0  0  0  0
  7 19  1  0  0  0  0
  8  1  1  0  0  0  0
  9  1  1  0  0  0  0
 14  4  1  0  0  0  0
 17  6  1  0  0  0  0
 18  7  1  0  0  0  0
M  END
