Lattice="14.13404217 0.0 0.0 0.0 12.6919969 0.0 0.0 0.0 12.82683282" Properties=species:S:1:pos:R:3:GW_charged:R:1:dKS_charged:R:1:dKS_neutral:R:1 pbc="T T T"
 OpenBabel12102409323D
Lattice="14.13404217 0.0 0.0 0.0 12.6919969 0.0 0.0 0.0 12.82683282" Properties=species:S:1:pos:R:3:GW_charged:R:1:dKS_charged:R:1:dKS_neutral:R:1 pbc="T T T"
 17 17  0  0  0  0  0  0  0  0999 V2000
    6.8493    7.7688    6.2180 C   0  0  0  0  0  0  0  0  0  0  0  0
    6.8943    6.2474    6.2152 C   0  0  0  0  0  0  0  0  0  0  0  0
    8.0216    5.6355    5.3069 C   0  0  0  0  0  0  0  0  0  0  0  0
    8.9176    5.4474    6.5553 C   0  0  0  0  0  0  0  0  0  0  0  0
    7.6576    5.6208    7.4379 C   0  0  0  0  0  0  0  0  0  0  0  0
    5.5396    5.6283    5.9795 C   0  0  0  0  0  0  0  0  0  0  0  0
    4.5000    6.2287    5.8061 O   0  0  0  0  0  0  0  0  0  0  0  0
    7.8480    8.1920    6.3916 H   0  0  0  0  0  0  0  0  0  0  0  0
    6.4757    8.1507    5.2586 H   0  0  0  0  0  0  0  0  0  0  0  0
    6.1773    8.1387    7.0037 H   0  0  0  0  0  0  0  0  0  0  0  0
    7.7152    4.6745    4.8692 H   0  0  0  0  0  0  0  0  0  0  0  0
    8.3806    6.2865    4.5000 H   0  0  0  0  0  0  0  0  0  0  0  0
    9.4631    4.5000    6.6420 H   0  0  0  0  0  0  0  0  0  0  0  0
    9.6340    6.2685    6.6833 H   0  0  0  0  0  0  0  0  0  0  0  0
    7.7269    6.2601    8.3268 H   0  0  0  0  0  0  0  0  0  0  0  0
    7.2255    4.6548    7.7362 H   0  0  0  0  0  0  0  0  0  0  0  0
    5.5530    4.5036    5.9741 H   0  0  0  0  0  0  0  0  0  0  0  0
  1  8  1  0  0  0  0
  1 10  1  0  0  0  0
  2  1  1  0  0  0  0
  2  5  1  0  0  0  0
  3  2  1  0  0  0  0
  3  4  1  0  0  0  0
  4 13  1  0  0  0  0
  4 14  1  0  0  0  0
  4  5  1  0  0  0  0
  5 16  1  0  0  0  0
  5 15  1  0  0  0  0
  6  2  1  0  0  0  0
  7  6  2  0  0  0  0
  9  1  1  0  0  0  0
 11  3  1  0  0  0  0
 12  3  1  0  0  0  0
 17  6  1  0  0  0  0
M  END
