Lattice="13.99116632 0.0 0.0 0.0 14.72184695 0.0 0.0 0.0 13.468573039999999" Properties=species:S:1:pos:R:3:GW_charged:R:1:dKS_charged:R:1:dKS_neutral:R:1 pbc="T T T"
 OpenBabel12102410123D
Lattice="13.99116632 0.0 0.0 0.0 14.72184695 0.0 0.0 0.0 13.468573039999999" Properties=species:S:1:pos:R:3:GW_charged:R:1:dKS_charged:R:1:dKS_neutral:R:1 pbc="T T T"
 21 22  0  0  1  0  0  0  0  0999 V2000
    7.2591    9.8028    5.4792 C   0  0  0  0  0  0  0  0  0  0  0  0
    8.7078    9.7157    5.9248 C   0  0  0  0  0  0  0  0  0  0  0  0
    7.9755    8.4727    5.5448 C   0  0  0  0  0  0  0  0  0  0  0  0
    7.7096    7.5601    6.5771 O   0  0  0  0  0  0  0  0  0  0  0  0
    6.6516    6.6453    6.2669 C   0  0  1  0  0  0  0  0  0  0  0  0
    6.7162    5.4417    7.2297 C   0  0  0  0  0  0  0  0  0  0  0  0
    5.4496    5.5874    8.0796 C   0  0  0  0  0  0  0  0  0  0  0  0
    4.5000    6.2210    7.2146 O   0  0  0  0  0  0  0  0  0  0  0  0
    5.2346    7.2287    6.5227 C   0  0  0  0  0  0  0  0  0  0  0  0
    6.5216   10.0136    6.2509 H   0  0  0  0  0  0  0  0  0  0  0  0
    7.0311   10.2218    4.5000 H   0  0  0  0  0  0  0  0  0  0  0  0
    9.4912   10.0818    5.2636 H   0  0  0  0  0  0  0  0  0  0  0  0
    8.9039    9.8530    6.9868 H   0  0  0  0  0  0  0  0  0  0  0  0
    8.2317    7.9935    4.5925 H   0  0  0  0  0  0  0  0  0  0  0  0
    6.7632    6.3234    5.2181 H   0  0  0  0  0  0  0  0  0  0  0  0
    6.6979    4.5000    6.6673 H   0  0  0  0  0  0  0  0  0  0  0  0
    7.6436    5.4787    7.8134 H   0  0  0  0  0  0  0  0  0  0  0  0
    5.0147    4.6369    8.4103 H   0  0  0  0  0  0  0  0  0  0  0  0
    5.6384    6.2195    8.9686 H   0  0  0  0  0  0  0  0  0  0  0  0
    5.3410    8.1351    7.1481 H   0  0  0  0  0  0  0  0  0  0  0  0
    4.6797    7.4837    5.6120 H   0  0  0  0  0  0  0  0  0  0  0  0
  1  3  1  0  0  0  0
  1  2  1  0  0  0  0
  1 10  1  0  0  0  0
  2 13  1  0  0  0  0
  3  2  1  0  0  0  0
  3  4  1  0  0  0  0
  5 15  1  6  0  0  0
  5  9  1  0  0  0  0
  5  4  1  0  0  0  0
  5  6  1  0  0  0  0
  6 17  1  0  0  0  0
  6  7  1  0  0  0  0
  7 18  1  0  0  0  0
  7 19  1  0  0  0  0
  8  7  1  0  0  0  0
  9 20  1  0  0  0  0
  9  8  1  0  0  0  0
 11  1  1  0  0  0  0
 12  2  1  0  0  0  0
 14  3  1  0  0  0  0
 16  6  1  0  0  0  0
 21  9  1  0  0  0  0
M  END
