Lattice="13.19087326 0.0 0.0 0.0 13.67472042 0.0 0.0 0.0 13.35951199" Properties=species:S:1:pos:R:3:GW_charged:R:1:dKS_charged:R:1:dKS_neutral:R:1 pbc="T T T"
 OpenBabel12102411043D
Lattice="13.19087326 0.0 0.0 0.0 13.67472042 0.0 0.0 0.0 13.35951199" Properties=species:S:1:pos:R:3:GW_charged:R:1:dKS_charged:R:1:dKS_neutral:R:1 pbc="T T T"
 21 23  0  0  1  0  0  0  0  0999 V2000
    5.3052    7.7747    5.7814 C   0  0  0  0  0  0  0  0  0  0  0  0
    6.7586    8.1902    5.6780 C   0  0  1  0  0  0  0  0  0  0  0  0
    7.7364    7.5138    6.6312 C   0  0  1  0  0  0  0  0  0  0  0  0
    7.3237    6.8704    7.9514 C   0  0  0  0  0  0  0  0  0  0  0  0
    6.6141    5.5142    7.8462 C   0  0  0  0  0  0  0  0  0  0  0  0
    5.2719    5.5369    7.1064 C   0  0  0  0  0  0  0  0  0  0  0  0
    5.3401    6.2254    5.7314 C   0  0  2  0  0  0  0  0  0  0  0  0
    6.5736    5.8841    5.0549 O   0  0  0  0  0  0  0  0  0  0  0  0
    7.4851    6.9463    5.2438 C   0  0  1  0  0  0  0  0  0  0  0  0
    4.8054    8.1341    6.6923 H   0  0  0  0  0  0  0  0  0  0  0  0
    4.7501    8.1748    4.9212 H   0  0  0  0  0  0  0  0  0  0  0  0
    6.9942    9.1747    5.2761 H   0  0  0  0  0  0  0  0  0  0  0  0
    8.6909    8.0418    6.6900 H   0  0  0  0  0  0  0  0  0  0  0  0
    8.2348    6.7287    8.5512 H   0  0  0  0  0  0  0  0  0  0  0  0
    6.6978    7.5775    8.5236 H   0  0  0  0  0  0  0  0  0  0  0  0
    7.2844    4.8071    7.3361 H   0  0  0  0  0  0  0  0  0  0  0  0
    6.4542    5.1154    8.8595 H   0  0  0  0  0  0  0  0  0  0  0  0
    4.9298    4.5000    6.9699 H   0  0  0  0  0  0  0  0  0  0  0  0
    4.5000    6.0416    7.7101 H   0  0  0  0  0  0  0  0  0  0  0  0
    4.5296    5.8388    5.0967 H   0  0  0  0  0  0  0  0  0  0  0  0
    8.2799    6.9266    4.5000 H   0  0  0  0  0  0  0  0  0  0  0  0
  1 10  1  0  0  0  0
  2 12  1  6  0  0  0
  2  1  1  0  0  0  0
  2  3  1  0  0  0  0
  3 13  1  1  0  0  0
  3  4  1  0  0  0  0
  4 15  1  0  0  0  0
  4 14  1  0  0  0  0
  5  4  1  0  0  0  0
  5 17  1  0  0  0  0
  6 19  1  0  0  0  0
  6  5  1  0  0  0  0
  7 20  1  6  0  0  0
  7  1  1  0  0  0  0
  7  6  1  0  0  0  0
  8  9  1  0  0  0  0
  8  7  1  0  0  0  0
  9 21  1  6  0  0  0
  9  2  1  0  0  0  0
  9  3  1  0  0  0  0
 11  1  1  0  0  0  0
 16  5  1  0  0  0  0
 18  6  1  0  0  0  0
M  END
