Lattice="13.663696210000001 0.0 0.0 0.0 14.90379292 0.0 0.0 0.0 12.33070597" Properties=species:S:1:pos:R:3:GW_charged:R:1:dKS_charged:R:1:dKS_neutral:R:1 pbc="T T T"
 OpenBabel12102409313D
Lattice="13.663696210000001 0.0 0.0 0.0 14.90379292 0.0 0.0 0.0 12.33070597" Properties=species:S:1:pos:R:3:GW_charged:R:1:dKS_charged:R:1:dKS_neutral:R:1 pbc="T T T"
 17 16  0  0  1  0  0  0  0  0999 V2000
    8.1267    9.7775    5.5511 C   0  0  0  0  0  0  0  0  0  0  0  0
    7.9466    8.2998    5.8845 C   0  0  0  0  0  0  0  0  0  0  0  0
    6.5312    7.7932    5.7092 C   0  0  0  0  0  0  0  0  0  0  0  0
    5.5728    8.5438    5.5851 O   0  0  0  0  0  0  0  0  0  0  0  0
    6.2825    6.2804    5.6768 C   0  0  1  0  0  0  0  0  0  0  0  0
    6.8257    5.5568    6.9148 C   0  0  0  0  0  0  0  0  0  0  0  0
    4.9020    6.0334    5.5276 O   0  0  0  0  0  0  0  0  0  0  0  0
    9.1637   10.0892    5.7281 H   0  0  0  0  0  0  0  0  0  0  0  0
    7.8832    9.9787    4.5000 H   0  0  0  0  0  0  0  0  0  0  0  0
    7.4679   10.4038    6.1643 H   0  0  0  0  0  0  0  0  0  0  0  0
    8.6223    7.6618    5.2922 H   0  0  0  0  0  0  0  0  0  0  0  0
    8.2236    8.1026    6.9355 H   0  0  0  0  0  0  0  0  0  0  0  0
    6.8263    5.9027    4.7840 H   0  0  0  0  0  0  0  0  0  0  0  0
    6.3949    5.9828    7.8307 H   0  0  0  0  0  0  0  0  0  0  0  0
    6.5379    4.5000    6.8610 H   0  0  0  0  0  0  0  0  0  0  0  0
    7.9210    5.6111    6.9736 H   0  0  0  0  0  0  0  0  0  0  0  0
    4.5000    6.9267    5.4490 H   0  0  0  0  0  0  0  0  0  0  0  0
  1  8  1  0  0  0  0
  1  2  1  0  0  0  0
  1 10  1  0  0  0  0
  2 12  1  0  0  0  0
  3  2  1  0  0  0  0
  4  3  2  0  0  0  0
  5 13  1  6  0  0  0
  5  3  1  0  0  0  0
  5  6  1  0  0  0  0
  6 16  1  0  0  0  0
  6 14  1  0  0  0  0
  7  5  1  0  0  0  0
  9  1  1  0  0  0  0
 11  2  1  0  0  0  0
 15  6  1  0  0  0  0
 17  7  1  0  0  0  0
M  END
