Lattice="13.34549746 0.0 0.0 0.0 15.48069461 0.0 0.0 0.0 13.13964632" Properties=species:S:1:pos:R:3:GW_charged:R:1:dKS_charged:R:1:dKS_neutral:R:1 pbc="T T T"
 OpenBabel12102409453D
Lattice="13.34549746 0.0 0.0 0.0 15.48069461 0.0 0.0 0.0 13.13964632" Properties=species:S:1:pos:R:3:GW_charged:R:1:dKS_charged:R:1:dKS_neutral:R:1 pbc="T T T"
 19 21  0  0  1  0  0  0  0  0999 V2000
    5.8999    5.5674    5.1971 C   0  0  0  0  0  0  0  0  0  0  0  0
    5.9216    6.7772    5.2591 C   0  0  0  0  0  0  0  0  0  0  0  0
    5.9516    8.2285    5.3379 C   0  0  1  0  0  0  0  0  0  0  0  0
    5.4868    8.8098    6.6806 C   0  0  1  0  0  0  0  0  0  0  0  0
    6.7161    8.9400    7.5592 C   0  0  1  0  0  0  0  0  0  0  0  0
    7.9017    8.4328    6.7488 C   0  0  0  0  0  0  0  0  0  0  0  0
    7.3813    8.8624    5.3607 C   0  0  2  0  0  0  0  0  0  0  0  0
    7.0379   10.3500    5.5898 C   0  0  0  0  0  0  0  0  0  0  0  0
    6.1703   10.1563    6.8269 C   0  0  1  0  0  0  0  0  0  0  0  0
    5.8758    4.5000    5.1403 H   0  0  0  0  0  0  0  0  0  0  0  0
    5.3657    8.6449    4.5015 H   0  0  0  0  0  0  0  0  0  0  0  0
    4.5000    8.6034    7.0851 H   0  0  0  0  0  0  0  0  0  0  0  0
    6.6512    8.8446    8.6396 H   0  0  0  0  0  0  0  0  0  0  0  0
    8.8455    8.9332    7.0090 H   0  0  0  0  0  0  0  0  0  0  0  0
    8.0423    7.3463    6.8276 H   0  0  0  0  0  0  0  0  0  0  0  0
    8.0128    8.6240    4.5000 H   0  0  0  0  0  0  0  0  0  0  0  0
    7.9329   10.9590    5.7832 H   0  0  0  0  0  0  0  0  0  0  0  0
    6.4912   10.7942    4.7450 H   0  0  0  0  0  0  0  0  0  0  0  0
    5.6960   10.9807    7.3530 H   0  0  0  0  0  0  0  0  0  0  0  0
  1  2  3  0  0  0  0
  2  3  1  0  0  0  0
  3 11  1  6  0  0  0
  3  7  1  0  0  0  0
  3  4  1  0  0  0  0
  4  9  1  0  0  0  0
  4 12  1  1  0  0  0
  4  5  1  0  0  0  0
  5 13  1  1  0  0  0
  6 15  1  0  0  0  0
  6 14  1  0  0  0  0
  6  5  1  0  0  0  0
  7 16  1  6  0  0  0
  7  8  1  0  0  0  0
  7  6  1  0  0  0  0
  8 17  1  0  0  0  0
  8  9  1  0  0  0  0
  9 19  1  1  0  0  0
  9  5  1  0  0  0  0
 10  1  1  0  0  0  0
 18  8  1  0  0  0  0
M  END
