Lattice="14.31459306 0.0 0.0 0.0 18.2520995 0.0 0.0 0.0 12.19357869" Properties=species:S:1:pos:R:3:GW_charged:R:1:dKS_charged:R:1:dKS_neutral:R:1 pbc="T T T"
 OpenBabel12102411073D
Lattice="14.31459306 0.0 0.0 0.0 18.2520995 0.0 0.0 0.0 12.19357869" Properties=species:S:1:pos:R:3:GW_charged:R:1:dKS_charged:R:1:dKS_neutral:R:1 pbc="T T T"
 25 24  0  0  0  0  0  0  0  0999 V2000
    9.2725   13.3438    5.5227 C   0  0  0  0  0  0  0  0  0  0  0  0
    9.2592   11.8892    5.5339 C   0  0  0  0  0  0  0  0  0  0  0  0
    9.2577   10.6761    5.5430 C   0  0  0  0  0  0  0  0  0  0  0  0
    9.2128    9.2193    5.5549 C   0  0  0  0  0  0  0  0  0  0  0  0
    7.7798    8.6527    5.6002 C   0  0  0  0  0  0  0  0  0  0  0  0
    7.7569    7.1229    5.6188 C   0  0  0  0  0  0  0  0  0  0  0  0
    6.3569    6.4867    5.5475 C   0  0  0  0  0  0  0  0  0  0  0  0
    6.4669    4.9654    5.3881 C   0  0  0  0  0  0  0  0  0  0  0  0
    5.4861    6.8432    6.7592 C   0  0  0  0  0  0  0  0  0  0  0  0
    9.7607   13.7324    4.6171 H   0  0  0  0  0  0  0  0  0  0  0  0
    8.2517   13.7521    5.5507 H   0  0  0  0  0  0  0  0  0  0  0  0
    9.8146   13.7455    6.3912 H   0  0  0  0  0  0  0  0  0  0  0  0
    9.7324    8.8289    4.6632 H   0  0  0  0  0  0  0  0  0  0  0  0
    9.7819    8.8423    6.4219 H   0  0  0  0  0  0  0  0  0  0  0  0
    7.2728    9.0620    6.4861 H   0  0  0  0  0  0  0  0  0  0  0  0
    7.2230    9.0263    4.7262 H   0  0  0  0  0  0  0  0  0  0  0  0
    8.3525    6.7486    4.7684 H   0  0  0  0  0  0  0  0  0  0  0  0
    8.2685    6.7578    6.5277 H   0  0  0  0  0  0  0  0  0  0  0  0
    5.8591    6.8847    4.6446 H   0  0  0  0  0  0  0  0  0  0  0  0
    6.9586    4.5130    6.2632 H   0  0  0  0  0  0  0  0  0  0  0  0
    5.4762    4.5000    5.2887 H   0  0  0  0  0  0  0  0  0  0  0  0
    7.0557    4.6952    4.5000 H   0  0  0  0  0  0  0  0  0  0  0  0
    5.9574    6.5001    7.6936 H   0  0  0  0  0  0  0  0  0  0  0  0
    5.3191    7.9248    6.8477 H   0  0  0  0  0  0  0  0  0  0  0  0
    4.5000    6.3629    6.6904 H   0  0  0  0  0  0  0  0  0  0  0  0
  1  2  1  0  0  0  0
  1 11  1  0  0  0  0
  1 12  1  0  0  0  0
  2  3  3  0  0  0  0
  3  4  1  0  0  0  0
  4  5  1  0  0  0  0
  4 14  1  0  0  0  0
  5  6  1  0  0  0  0
  5 15  1  0  0  0  0
  6 18  1  0  0  0  0
  7  6  1  0  0  0  0
  7  9  1  0  0  0  0
  8  7  1  0  0  0  0
  8 20  1  0  0  0  0
  9 24  1  0  0  0  0
  9 23  1  0  0  0  0
 10  1  1  0  0  0  0
 13  4  1  0  0  0  0
 16  5  1  0  0  0  0
 17  6  1  0  0  0  0
 19  7  1  0  0  0  0
 21  8  1  0  0  0  0
 22  8  1  0  0  0  0
 25  9  1  0  0  0  0
M  END
