Lattice="12.05780624 0.0 0.0 0.0 15.10776935 0.0 0.0 0.0 13.36578193" Properties=species:S:1:pos:R:3:GW_charged:R:1:dKS_charged:R:1:dKS_neutral:R:1 pbc="T T T"
 OpenBabel12102409393D
Lattice="12.05780624 0.0 0.0 0.0 15.10776935 0.0 0.0 0.0 13.36578193" Properties=species:S:1:pos:R:3:GW_charged:R:1:dKS_charged:R:1:dKS_neutral:R:1 pbc="T T T"
 21 21  0  0  1  0  0  0  0  0999 V2000
    5.5807   10.1174    5.5319 C   0  0  0  0  0  0  0  0  0  0  0  0
    5.7385    8.6011    5.3897 C   0  0  0  0  0  0  0  0  0  0  0  0
    6.3759    7.9605    6.6151 C   0  0  1  0  0  0  0  0  0  0  0  0
    5.6007    7.9395    7.9623 C   0  0  0  0  0  0  0  0  0  0  0  0
    6.1956    6.5348    8.2395 C   0  0  0  0  0  0  0  0  0  0  0  0
    6.5401    6.4036    6.7258 C   0  0  1  0  0  0  0  0  0  0  0  0
    5.5413    5.5610    5.9383 C   0  0  0  0  0  0  0  0  0  0  0  0
    6.5545   10.6078    5.6769 H   0  0  0  0  0  0  0  0  0  0  0  0
    5.1137   10.5609    4.6421 H   0  0  0  0  0  0  0  0  0  0  0  0
    4.9524   10.3726    6.3975 H   0  0  0  0  0  0  0  0  0  0  0  0
    4.7509    8.1487    5.2037 H   0  0  0  0  0  0  0  0  0  0  0  0
    6.3495    8.3737    4.5000 H   0  0  0  0  0  0  0  0  0  0  0  0
    7.3643    8.4207    6.7815 H   0  0  0  0  0  0  0  0  0  0  0  0
    5.8106    8.7369    8.6863 H   0  0  0  0  0  0  0  0  0  0  0  0
    4.5132    7.9020    7.8013 H   0  0  0  0  0  0  0  0  0  0  0  0
    7.0963    6.5849    8.8658 H   0  0  0  0  0  0  0  0  0  0  0  0
    5.5239    5.7741    8.6607 H   0  0  0  0  0  0  0  0  0  0  0  0
    7.5578    6.0454    6.5110 H   0  0  0  0  0  0  0  0  0  0  0  0
    4.5000    5.8512    6.1422 H   0  0  0  0  0  0  0  0  0  0  0  0
    5.7026    5.6433    4.8539 H   0  0  0  0  0  0  0  0  0  0  0  0
    5.6423    4.5000    6.2090 H   0  0  0  0  0  0  0  0  0  0  0  0
  1  8  1  0  0  0  0
  1 10  1  0  0  0  0
  2  1  1  0  0  0  0
  2  3  1  0  0  0  0
  3  6  1  0  0  0  0
  3 13  1  1  0  0  0
  3  4  1  0  0  0  0
  4  5  1  0  0  0  0
  4 14  1  0  0  0  0
  5 17  1  0  0  0  0
  5 16  1  0  0  0  0
  6 18  1  6  0  0  0
  6  5  1  0  0  0  0
  7 19  1  0  0  0  0
  7 21  1  0  0  0  0
  7  6  1  0  0  0  0
  9  1  1  0  0  0  0
 11  2  1  0  0  0  0
 12  2  1  0  0  0  0
 15  4  1  0  0  0  0
 20  7  1  0  0  0  0
M  END
