Lattice="13.18114332 0.0 0.0 0.0 13.7112654 0.0 0.0 0.0 12.19615054" Properties=species:S:1:pos:R:3:GW_charged:R:1:dKS_charged:R:1:dKS_neutral:R:1 pbc="T T T"
 OpenBabel12102409263D
Lattice="13.18114332 0.0 0.0 0.0 13.7112654 0.0 0.0 0.0 12.19615054" Properties=species:S:1:pos:R:3:GW_charged:R:1:dKS_charged:R:1:dKS_neutral:R:1 pbc="T T T"
 16 16  0  0  0  0  0  0  0  0999 V2000
    7.6493    8.6781    6.5200 C   0  0  0  0  0  0  0  0  0  0  0  0
    7.6042    7.1640    6.7382 C   0  0  0  0  0  0  0  0  0  0  0  0
    6.1889    6.6033    6.7341 C   0  0  0  0  0  0  0  0  0  0  0  0
    5.4384    6.5279    5.3848 C   0  0  0  0  0  0  0  0  0  0  0  0
    5.1922    5.1041    5.5452 O   0  0  0  0  0  0  0  0  0  0  0  0
    6.0101    5.0702    6.7471 C   0  0  0  0  0  0  0  0  0  0  0  0
    8.6811    9.0536    6.5160 H   0  0  0  0  0  0  0  0  0  0  0  0
    7.1930    8.9581    5.5593 H   0  0  0  0  0  0  0  0  0  0  0  0
    7.1035    9.2113    7.3118 H   0  0  0  0  0  0  0  0  0  0  0  0
    8.1935    6.6563    5.9563 H   0  0  0  0  0  0  0  0  0  0  0  0
    8.0881    6.9117    7.6962 H   0  0  0  0  0  0  0  0  0  0  0  0
    5.5867    7.0960    7.5114 H   0  0  0  0  0  0  0  0  0  0  0  0
    4.5000    7.0965    5.2975 H   0  0  0  0  0  0  0  0  0  0  0  0
    6.0676    6.7329    4.5000 H   0  0  0  0  0  0  0  0  0  0  0  0
    6.9423    4.5000    6.5873 H   0  0  0  0  0  0  0  0  0  0  0  0
    5.4647    4.6368    7.5996 H   0  0  0  0  0  0  0  0  0  0  0  0
  1  2  1  0  0  0  0
  1  9  1  0  0  0  0
  2 11  1  0  0  0  0
  3  2  1  0  0  0  0
  3  6  1  0  0  0  0
  3 12  1  0  0  0  0
  4  5  1  0  0  0  0
  4  3  1  0  0  0  0
  5  6  1  0  0  0  0
  6 16  1  0  0  0  0
  7  1  1  0  0  0  0
  8  1  1  0  0  0  0
 10  2  1  0  0  0  0
 13  4  1  0  0  0  0
 14  4  1  0  0  0  0
 15  6  1  0  0  0  0
M  END
