Lattice="13.341069319999999 0.0 0.0 0.0 13.97386414 0.0 0.0 0.0 9.05514592" Properties=species:S:1:pos:R:3:GW_charged:R:1:dKS_charged:R:1:dKS_neutral:R:1 pbc="T T T"
 OpenBabel12102409263D
Lattice="13.341069319999999 0.0 0.0 0.0 13.97386414 0.0 0.0 0.0 9.05514592" Properties=species:S:1:pos:R:3:GW_charged:R:1:dKS_charged:R:1:dKS_neutral:R:1 pbc="T T T"
 12 12  0  0  0  0  0  0  0  0999 V2000
    5.4515    7.6688    4.5430 C   0  0  0  0  0  0  0  0  0  0  0  0
    6.6516    8.3836    4.5349 C   0  0  0  0  0  0  0  0  0  0  0  0
    7.8706    7.7018    4.5195 C   0  0  0  0  0  0  0  0  0  0  0  0
    7.8896    6.3050    4.5121 C   0  0  0  0  0  0  0  0  0  0  0  0
    6.6895    5.5902    4.5202 C   0  0  0  0  0  0  0  0  0  0  0  0
    5.4705    6.2721    4.5357 C   0  0  0  0  0  0  0  0  0  0  0  0
    4.5000    8.2011    4.5551 H   0  0  0  0  0  0  0  0  0  0  0  0
    6.6368    9.4739    4.5407 H   0  0  0  0  0  0  0  0  0  0  0  0
    8.8073    8.2597    4.5131 H   0  0  0  0  0  0  0  0  0  0  0  0
    8.8411    5.7728    4.5000 H   0  0  0  0  0  0  0  0  0  0  0  0
    6.7043    4.5000    4.5144 H   0  0  0  0  0  0  0  0  0  0  0  0
    4.5337    5.7141    4.5420 H   0  0  0  0  0  0  0  0  0  0  0  0
  1  7  1  0  0  0  0
  2  8  1  0  0  0  0
  2  1  2  0  0  0  0
  3  2  1  0  0  0  0
  4  3  2  0  0  0  0
  4  5  1  0  0  0  0
  5  6  2  0  0  0  0
  6 12  1  0  0  0  0
  6  1  1  0  0  0  0
  9  3  1  0  0  0  0
 10  4  1  0  0  0  0
 11  5  1  0  0  0  0
M  END
