Lattice="12.40270005 0.0 0.0 0.0 17.28527723 0.0 0.0 0.0 12.69388683" Properties=species:S:1:pos:R:3:GW_charged:R:1:dKS_charged:R:1:dKS_neutral:R:1 pbc="T T T"
 OpenBabel12102409443D
Lattice="12.40270005 0.0 0.0 0.0 17.28527723 0.0 0.0 0.0 12.69388683" Properties=species:S:1:pos:R:3:GW_charged:R:1:dKS_charged:R:1:dKS_neutral:R:1 pbc="T T T"
 19 19  0  0  0  0  0  0  0  0999 V2000
    6.4087   12.3011    7.2707 C   0  0  0  0  0  0  0  0  0  0  0  0
    6.2453   10.8939    7.2480 O   0  0  0  0  0  0  0  0  0  0  0  0
    6.8295   10.3145    6.0777 C   0  0  0  0  0  0  0  0  0  0  0  0
    6.7016    8.8405    6.1144 C   0  0  0  0  0  0  0  0  0  0  0  0
    5.8359    7.9610    5.5253 C   0  0  0  0  0  0  0  0  0  0  0  0
    6.2051    6.6436    5.9579 C   0  0  0  0  0  0  0  0  0  0  0  0
    5.5572    5.3484    5.5865 C   0  0  0  0  0  0  0  0  0  0  0  0
    7.2786    6.8287    6.7847 C   0  0  0  0  0  0  0  0  0  0  0  0
    7.5995    8.1522    6.8917 O   0  0  0  0  0  0  0  0  0  0  0  0
    7.4769   12.5887    7.2690 H   0  0  0  0  0  0  0  0  0  0  0  0
    5.9169   12.7853    6.4058 H   0  0  0  0  0  0  0  0  0  0  0  0
    5.9429   12.6639    8.1939 H   0  0  0  0  0  0  0  0  0  0  0  0
    6.3248   10.6953    5.1697 H   0  0  0  0  0  0  0  0  0  0  0  0
    7.8974   10.6010    6.0132 H   0  0  0  0  0  0  0  0  0  0  0  0
    5.0194    8.2239    4.8602 H   0  0  0  0  0  0  0  0  0  0  0  0
    5.5876    5.1815    4.5000 H   0  0  0  0  0  0  0  0  0  0  0  0
    6.0583    4.5000    6.0691 H   0  0  0  0  0  0  0  0  0  0  0  0
    4.5000    5.3284    5.8882 H   0  0  0  0  0  0  0  0  0  0  0  0
    7.9027    6.1445    7.3479 H   0  0  0  0  0  0  0  0  0  0  0  0
  1 12  1  0  0  0  0
  2  1  1  0  0  0  0
  3  4  1  0  0  0  0
  3  2  1  0  0  0  0
  4  9  1  0  0  0  0
  5  6  1  0  0  0  0
  5  4  2  0  0  0  0
  6  8  2  0  0  0  0
  7 18  1  0  0  0  0
  7  6  1  0  0  0  0
  7 17  1  0  0  0  0
  8  9  1  0  0  0  0
  8 19  1  0  0  0  0
 10  1  1  0  0  0  0
 11  1  1  0  0  0  0
 13  3  1  0  0  0  0
 14  3  1  0  0  0  0
 15  5  1  0  0  0  0
 16  7  1  0  0  0  0
M  END
