Lattice="15.24112204 0.0 0.0 0.0 13.20681225 0.0 0.0 0.0 14.55058697" Properties=species:S:1:pos:R:3:GW_charged:R:1:dKS_charged:R:1:dKS_neutral:R:1 pbc="T T T"
 OpenBabel12102411083D
Lattice="15.24112204 0.0 0.0 0.0 13.20681225 0.0 0.0 0.0 14.55058697" Properties=species:S:1:pos:R:3:GW_charged:R:1:dKS_charged:R:1:dKS_neutral:R:1 pbc="T T T"
 25 26  0  0  1  0  0  0  0  0999 V2000
    7.0323    7.9262    8.5592 C   0  0  0  0  0  0  0  0  0  0  0  0
    6.6125    6.5424    8.0336 C   0  0  0  0  0  0  0  0  0  0  0  0
    6.8338    5.5015    9.1462 C   0  0  0  0  0  0  0  0  0  0  0  0
    5.1204    6.5817    7.6546 C   0  0  0  0  0  0  0  0  0  0  0  0
    7.4054    6.0846    6.7883 C   0  0  1  0  0  0  0  0  0  0  0  0
    7.4622    6.9130    5.4567 C   0  0  0  0  0  0  0  0  0  0  0  0
    8.9730    6.6565    5.3896 C   0  0  1  0  0  0  0  0  0  0  0  0
    9.6542    7.2813    6.5679 C   0  0  0  0  0  0  0  0  0  0  0  0
    8.9386    5.9680    6.7653 C   0  0  1  0  0  0  0  0  0  0  0  0
    8.0722    7.9272    8.9106 H   0  0  0  0  0  0  0  0  0  0  0  0
    6.9287    8.7068    7.7926 H   0  0  0  0  0  0  0  0  0  0  0  0
    6.3959    8.2156    9.4084 H   0  0  0  0  0  0  0  0  0  0  0  0
    6.2648    5.7616   10.0506 H   0  0  0  0  0  0  0  0  0  0  0  0
    6.5123    4.5000    8.8242 H   0  0  0  0  0  0  0  0  0  0  0  0
    7.8955    5.4406    9.4255 H   0  0  0  0  0  0  0  0  0  0  0  0
    4.9270    7.3223    6.8652 H   0  0  0  0  0  0  0  0  0  0  0  0
    4.7774    5.6032    7.2872 H   0  0  0  0  0  0  0  0  0  0  0  0
    4.5000    6.8505    8.5219 H   0  0  0  0  0  0  0  0  0  0  0  0
    7.0069    5.0916    6.5231 H   0  0  0  0  0  0  0  0  0  0  0  0
    6.8844    6.4500    4.6486 H   0  0  0  0  0  0  0  0  0  0  0  0
    7.1798    7.9748    5.5159 H   0  0  0  0  0  0  0  0  0  0  0  0
    9.5205    6.3504    4.5000 H   0  0  0  0  0  0  0  0  0  0  0  0
   10.7411    7.1988    6.5745 H   0  0  0  0  0  0  0  0  0  0  0  0
    9.2801    8.2147    6.9896 H   0  0  0  0  0  0  0  0  0  0  0  0
    9.4907    5.0843    7.0830 H   0  0  0  0  0  0  0  0  0  0  0  0
  1 10  1  0  0  0  0
  1 12  1  0  0  0  0
  2  1  1  0  0  0  0
  2  3  1  0  0  0  0
  3 15  1  0  0  0  0
  3 13  1  0  0  0  0
  4  2  1  0  0  0  0
  4 18  1  0  0  0  0
  5 19  1  6  0  0  0
  5  2  1  0  0  0  0
  6 21  1  0  0  0  0
  6  5  1  0  0  0  0
  7 22  1  6  0  0  0
  7  6  1  0  0  0  0
  7  8  1  0  0  0  0
  7  9  1  0  0  0  0
  8 23  1  0  0  0  0
  8  9  1  0  0  0  0
  8 24  1  0  0  0  0
  9  5  1  0  0  0  0
  9 25  1  1  0  0  0
 11  1  1  0  0  0  0
 14  3  1  0  0  0  0
 16  4  1  0  0  0  0
 17  4  1  0  0  0  0
 20  6  1  0  0  0  0
M  END
