Lattice="16.27234503 0.0 0.0 0.0 14.52439714 0.0 0.0 0.0 13.1317459" Properties=species:S:1:pos:R:3:GW_charged:R:1:dKS_charged:R:1:dKS_neutral:R:1 pbc="T T T"
 OpenBabel12102411083D
Lattice="16.27234503 0.0 0.0 0.0 14.52439714 0.0 0.0 0.0 13.1317459" Properties=species:S:1:pos:R:3:GW_charged:R:1:dKS_charged:R:1:dKS_neutral:R:1 pbc="T T T"
 25 24  0  0  0  0  0  0  0  0999 V2000
   10.4831    9.2004    5.6805 C   0  0  0  0  0  0  0  0  0  0  0  0
   10.2962    7.9497    6.5613 C   0  0  0  0  0  0  0  0  0  0  0  0
   10.7224    8.2146    8.0183 C   0  0  0  0  0  0  0  0  0  0  0  0
    8.9179    7.4631    6.4971 C   0  0  0  0  0  0  0  0  0  0  0  0
    7.7644    7.0856    6.4558 C   0  0  0  0  0  0  0  0  0  0  0  0
    6.3715    6.6234    6.4027 C   0  0  0  0  0  0  0  0  0  0  0  0
    6.3281    5.2012    5.7985 C   0  0  0  0  0  0  0  0  0  0  0  0
    5.7881    6.5992    7.8340 C   0  0  0  0  0  0  0  0  0  0  0  0
    5.5476    7.5894    5.5208 C   0  0  0  0  0  0  0  0  0  0  0  0
   11.5307    9.5318    5.7001 H   0  0  0  0  0  0  0  0  0  0  0  0
   10.2034    8.9950    4.6396 H   0  0  0  0  0  0  0  0  0  0  0  0
    9.8538   10.0244    6.0438 H   0  0  0  0  0  0  0  0  0  0  0  0
   10.9492    7.1545    6.1592 H   0  0  0  0  0  0  0  0  0  0  0  0
   10.6119    7.3117    8.6317 H   0  0  0  0  0  0  0  0  0  0  0  0
   11.7723    8.5367    8.0596 H   0  0  0  0  0  0  0  0  0  0  0  0
   10.1017    9.0042    8.4635 H   0  0  0  0  0  0  0  0  0  0  0  0
    6.9124    4.5000    6.4083 H   0  0  0  0  0  0  0  0  0  0  0  0
    5.2909    4.8389    5.7513 H   0  0  0  0  0  0  0  0  0  0  0  0
    6.7434    5.1959    4.7824 H   0  0  0  0  0  0  0  0  0  0  0  0
    5.8145    7.6004    8.2833 H   0  0  0  0  0  0  0  0  0  0  0  0
    4.7437    6.2552    7.8141 H   0  0  0  0  0  0  0  0  0  0  0  0
    6.3634    5.9221    8.4786 H   0  0  0  0  0  0  0  0  0  0  0  0
    5.9497    7.6250    4.5000 H   0  0  0  0  0  0  0  0  0  0  0  0
    4.5000    7.2590    5.4698 H   0  0  0  0  0  0  0  0  0  0  0  0
    5.5702    8.6074    5.9308 H   0  0  0  0  0  0  0  0  0  0  0  0
  1 10  1  0  0  0  0
  1 12  1  0  0  0  0
  1  2  1  0  0  0  0
  2  3  1  0  0  0  0
  3 15  1  0  0  0  0
  3 16  1  0  0  0  0
  3 14  1  0  0  0  0
  4  2  1  0  0  0  0
  5  4  3  0  0  0  0
  6  5  1  0  0  0  0
  6  8  1  0  0  0  0
  7  6  1  0  0  0  0
  7 17  1  0  0  0  0
  8 20  1  0  0  0  0
  8 22  1  0  0  0  0
  9 25  1  0  0  0  0
  9  6  1  0  0  0  0
 11  1  1  0  0  0  0
 13  2  1  0  0  0  0
 18  7  1  0  0  0  0
 19  7  1  0  0  0  0
 21  8  1  0  0  0  0
 23  9  1  0  0  0  0
 24  9  1  0  0  0  0
M  END
