Lattice="12.58967375 0.0 0.0 0.0 12.59145327 0.0 0.0 0.0 12.05513978" Properties=species:S:1:pos:R:3:GW_charged:R:1:dKS_charged:R:1:dKS_neutral:R:1 pbc="T T T"
 OpenBabel12102409263D
Lattice="12.58967375 0.0 0.0 0.0 12.59145327 0.0 0.0 0.0 12.05513978" Properties=species:S:1:pos:R:3:GW_charged:R:1:dKS_charged:R:1:dKS_neutral:R:1 pbc="T T T"
 12 11  0  0  0  0  0  0  0  0999 V2000
    6.2998    7.6810    5.3882 C   0  0  0  0  0  0  0  0  0  0  0  0
    6.3256    6.1537    5.4125 C   0  0  0  0  0  0  0  0  0  0  0  0
    7.0422    5.5971    6.6340 C   0  0  0  0  0  0  0  0  0  0  0  0
    4.9935    5.6073    5.4424 O   0  0  0  0  0  0  0  0  0  0  0  0
    7.3193    8.0915    5.3597 H   0  0  0  0  0  0  0  0  0  0  0  0
    5.7692    8.0556    4.5000 H   0  0  0  0  0  0  0  0  0  0  0  0
    5.7922    8.0709    6.2816 H   0  0  0  0  0  0  0  0  0  0  0  0
    6.8437    5.7915    4.5027 H   0  0  0  0  0  0  0  0  0  0  0  0
    6.5511    5.9410    7.5551 H   0  0  0  0  0  0  0  0  0  0  0  0
    7.0224    4.5000    6.6237 H   0  0  0  0  0  0  0  0  0  0  0  0
    8.0897    5.9258    6.6537 H   0  0  0  0  0  0  0  0  0  0  0  0
    4.5000    5.9809    4.6960 H   0  0  0  0  0  0  0  0  0  0  0  0
  1  2  1  0  0  0  0
  1  7  1  0  0  0  0
  2  4  1  0  0  0  0
  2  3  1  0  0  0  0
  3 11  1  0  0  0  0
  3  9  1  0  0  0  0
  5  1  1  0  0  0  0
  6  1  1  0  0  0  0
  8  2  1  0  0  0  0
 10  3  1  0  0  0  0
 12  4  1  0  0  0  0
M  END
