Lattice="11.216903460000001 0.0 0.0 0.0 15.69339228 0.0 0.0 0.0 12.03162405" Properties=species:S:1:pos:R:3:GW_charged:R:1:dKS_charged:R:1:dKS_neutral:R:1 pbc="T T T"
 OpenBabel12102409263D
Lattice="11.216903460000001 0.0 0.0 0.0 15.69339228 0.0 0.0 0.0 12.03162405" Properties=species:S:1:pos:R:3:GW_charged:R:1:dKS_charged:R:1:dKS_neutral:R:1 pbc="T T T"
 16 15  0  0  0  0  0  0  0  0999 V2000
    6.1273   10.7133    6.6729 C   0  0  0  0  0  0  0  0  0  0  0  0
    6.1633    9.3161    6.8995 O   0  0  0  0  0  0  0  0  0  0  0  0
    5.5612    8.5852    5.8434 C   0  0  0  0  0  0  0  0  0  0  0  0
    5.6557    7.1083    6.1889 C   0  0  0  0  0  0  0  0  0  0  0  0
    5.0536    6.3774    5.1328 O   0  0  0  0  0  0  0  0  0  0  0  0
    5.0902    4.9802    5.3591 C   0  0  0  0  0  0  0  0  0  0  0  0
    6.6723   10.9903    5.7514 H   0  0  0  0  0  0  0  0  0  0  0  0
    5.0893   11.0854    6.5889 H   0  0  0  0  0  0  0  0  0  0  0  0
    6.6104   11.1934    7.5316 H   0  0  0  0  0  0  0  0  0  0  0  0
    4.5000    8.8744    5.7172 H   0  0  0  0  0  0  0  0  0  0  0  0
    6.0770    8.7803    4.8834 H   0  0  0  0  0  0  0  0  0  0  0  0
    6.7169    6.8190    6.3150 H   0  0  0  0  0  0  0  0  0  0  0  0
    5.1400    6.9132    7.1490 H   0  0  0  0  0  0  0  0  0  0  0  0
    4.5449    4.7026    6.2802 H   0  0  0  0  0  0  0  0  0  0  0  0
    4.6078    4.5000    4.5000 H   0  0  0  0  0  0  0  0  0  0  0  0
    6.1283    4.6086    5.4435 H   0  0  0  0  0  0  0  0  0  0  0  0
  1  2  1  0  0  0  0
  1  9  1  0  0  0  0
  3  4  1  0  0  0  0
  3  2  1  0  0  0  0
  4 12  1  0  0  0  0
  4 13  1  0  0  0  0
  5  6  1  0  0  0  0
  5  4  1  0  0  0  0
  6 16  1  0  0  0  0
  6 14  1  0  0  0  0
  7  1  1  0  0  0  0
  8  1  1  0  0  0  0
 10  3  1  0  0  0  0
 11  3  1  0  0  0  0
 15  6  1  0  0  0  0
M  END
