Lattice="14.42969545 0.0 0.0 0.0 13.191116300000001 0.0 0.0 0.0 14.134561600000001" Properties=species:S:1:pos:R:3:GW_charged:R:1:dKS_charged:R:1:dKS_neutral:R:1 pbc="T T T"
 OpenBabel12102411053D
Lattice="14.42969545 0.0 0.0 0.0 13.191116300000001 0.0 0.0 0.0 14.134561600000001" Properties=species:S:1:pos:R:3:GW_charged:R:1:dKS_charged:R:1:dKS_neutral:R:1 pbc="T T T"
 21 23  0  0  1  0  0  0  0  0999 V2000
    7.2413    8.0912    7.7182 C   0  0  0  0  0  0  0  0  0  0  0  0
    8.7549    7.7620    7.7408 C   0  0  1  0  0  0  0  0  0  0  0  0
    8.3636    6.5065    8.6034 C   0  0  0  0  0  0  0  0  0  0  0  0
    7.1486    6.5328    7.6515 C   0  0  1  0  0  0  0  0  0  0  0  0
    5.9421    5.8267    7.7422 O   0  0  0  0  0  0  0  0  0  0  0  0
    5.4892    5.5884    6.3754 C   0  0  0  0  0  0  0  0  0  0  0  0
    6.5496    6.1791    5.4071 C   0  0  0  0  0  0  0  0  0  0  0  0
    7.7875    6.1790    6.3025 C   0  0  1  0  0  0  0  0  0  0  0  0
    8.9527    7.2014    6.3041 C   0  0  0  0  0  0  0  0  0  0  0  0
    6.8689    8.4697    8.6775 H   0  0  0  0  0  0  0  0  0  0  0  0
    6.8496    8.6911    6.8853 H   0  0  0  0  0  0  0  0  0  0  0  0
    9.4889    8.4834    8.1138 H   0  0  0  0  0  0  0  0  0  0  0  0
    9.0146    5.6215    8.5811 H   0  0  0  0  0  0  0  0  0  0  0  0
    8.1224    6.7908    9.6346 H   0  0  0  0  0  0  0  0  0  0  0  0
    5.3812    4.5000    6.2478 H   0  0  0  0  0  0  0  0  0  0  0  0
    4.5000    6.0511    6.2469 H   0  0  0  0  0  0  0  0  0  0  0  0
    6.6497    5.5702    4.5000 H   0  0  0  0  0  0  0  0  0  0  0  0
    6.2751    7.1981    5.0996 H   0  0  0  0  0  0  0  0  0  0  0  0
    8.1785    5.1504    6.3573 H   0  0  0  0  0  0  0  0  0  0  0  0
    8.8470    7.9937    5.5492 H   0  0  0  0  0  0  0  0  0  0  0  0
    9.9297    6.7232    6.1553 H   0  0  0  0  0  0  0  0  0  0  0  0
  1  2  1  0  0  0  0
  1 10  1  0  0  0  0
  2 12  1  1  0  0  0
  2  3  1  0  0  0  0
  3 14  1  0  0  0  0
  4  1  1  0  0  0  0
  4  5  1  1  0  0  0
  4  3  1  0  0  0  0
  6  5  1  0  0  0  0
  7  8  1  0  0  0  0
  7  6  1  0  0  0  0
  8  9  1  0  0  0  0
  8 19  1  1  0  0  0
  8  4  1  0  0  0  0
  9  2  1  0  0  0  0
 11  1  1  0  0  0  0
 13  3  1  0  0  0  0
 15  6  1  0  0  0  0
 16  6  1  0  0  0  0
 17  7  1  0  0  0  0
 18  7  1  0  0  0  0
 20  9  1  0  0  0  0
 21  9  1  0  0  0  0
M  END
