Lattice="13.81908606 0.0 0.0 0.0 13.869266230000001 0.0 0.0 0.0 13.20612044" Properties=species:S:1:pos:R:3:GW_charged:R:1:dKS_charged:R:1:dKS_neutral:R:1 pbc="T T T"
 OpenBabel12102410123D
Lattice="13.81908606 0.0 0.0 0.0 13.869266230000001 0.0 0.0 0.0 13.20612044" Properties=species:S:1:pos:R:3:GW_charged:R:1:dKS_charged:R:1:dKS_neutral:R:1 pbc="T T T"
 21 23  0  0  1  0  0  0  0  0999 V2000
    6.0482    8.6898    5.4863 C   0  0  0  0  0  0  0  0  0  0  0  0
    7.6201    8.7061    5.4631 C   0  0  0  0  0  0  0  0  0  0  0  0
    7.5937    7.2297    5.8898 C   0  0  1  0  0  0  0  0  0  0  0  0
    8.4341    6.4095    6.8167 C   0  0  0  0  0  0  0  0  0  0  0  0
    7.5741    5.2777    7.4231 C   0  0  0  0  0  0  0  0  0  0  0  0
    6.2177    5.7830    7.9493 C   0  0  0  0  0  0  0  0  0  0  0  0
    5.3018    6.3667    6.8476 C   0  0  0  0  0  0  0  0  0  0  0  0
    6.1156    7.2132    5.9095 C   0  0  1  0  0  0  0  0  0  0  0  0
    6.8512    6.5170    4.8734 O   0  0  0  0  0  0  0  0  0  0  0  0
    5.6388    9.3404    6.2704 H   0  0  0  0  0  0  0  0  0  0  0  0
    5.5267    8.8869    4.5403 H   0  0  0  0  0  0  0  0  0  0  0  0
    8.1068    8.9077    4.5000 H   0  0  0  0  0  0  0  0  0  0  0  0
    8.0412    9.3693    6.2301 H   0  0  0  0  0  0  0  0  0  0  0  0
    9.3191    5.9989    6.3053 H   0  0  0  0  0  0  0  0  0  0  0  0
    8.8069    7.0678    7.6188 H   0  0  0  0  0  0  0  0  0  0  0  0
    7.4087    4.5000    6.6623 H   0  0  0  0  0  0  0  0  0  0  0  0
    8.1310    4.8037    8.2439 H   0  0  0  0  0  0  0  0  0  0  0  0
    5.6954    4.9671    8.4696 H   0  0  0  0  0  0  0  0  0  0  0  0
    6.4028    6.5642    8.7061 H   0  0  0  0  0  0  0  0  0  0  0  0
    4.8125    5.5591    6.2819 H   0  0  0  0  0  0  0  0  0  0  0  0
    4.5000    6.9679    7.3000 H   0  0  0  0  0  0  0  0  0  0  0  0
  1  8  1  0  0  0  0
  1 10  1  0  0  0  0
  2  1  1  0  0  0  0
  2  3  1  0  0  0  0
  2 13  1  0  0  0  0
  3  9  1  6  0  0  0
  3  8  1  0  0  0  0
  3  4  1  0  0  0  0
  4  5  1  0  0  0  0
  4 15  1  0  0  0  0
  5  6  1  0  0  0  0
  5 17  1  0  0  0  0
  6 18  1  0  0  0  0
  6 19  1  0  0  0  0
  7 21  1  0  0  0  0
  7  6  1  0  0  0  0
  8  9  1  6  0  0  0
  8  7  1  0  0  0  0
 11  1  1  0  0  0  0
 12  2  1  0  0  0  0
 14  4  1  0  0  0  0
 16  5  1  0  0  0  0
 20  7  1  0  0  0  0
M  END
