Lattice="13.11714158 0.0 0.0 0.0 17.53365942 0.0 0.0 0.0 12.16026653" Properties=species:S:1:pos:R:3:GW_charged:R:1:dKS_charged:R:1:dKS_neutral:R:1 pbc="T T T"
 OpenBabel12102410123D
Lattice="13.11714158 0.0 0.0 0.0 17.53365942 0.0 0.0 0.0 12.16026653" Properties=species:S:1:pos:R:3:GW_charged:R:1:dKS_charged:R:1:dKS_neutral:R:1 pbc="T T T"
 21 21  0  0  1  0  0  0  0  0999 V2000
    5.0432    5.5654    6.9715 C   0  0  0  0  0  0  0  0  0  0  0  0
    5.0338    6.7715    6.8671 C   0  0  0  0  0  0  0  0  0  0  0  0
    5.0646    8.2215    6.7420 C   0  0  0  0  0  0  0  0  0  0  0  0
    6.4988    8.7911    6.7247 C   0  0  0  0  0  0  0  0  0  0  0  0
    6.5446   10.3165    6.6573 C   0  0  1  0  0  0  0  0  0  0  0  0
    7.9637   10.9087    6.6616 C   0  0  0  0  0  0  0  0  0  0  0  0
    7.7376   12.3061    6.0886 C   0  0  0  0  0  0  0  0  0  0  0  0
    6.6162   12.2013    5.1909 O   0  0  0  0  0  0  0  0  0  0  0  0
    5.9772   10.9298    5.3683 C   0  0  0  0  0  0  0  0  0  0  0  0
    5.0402    4.5000    7.0633 H   0  0  0  0  0  0  0  0  0  0  0  0
    4.5304    8.5124    5.8228 H   0  0  0  0  0  0  0  0  0  0  0  0
    4.5000    8.6693    7.5770 H   0  0  0  0  0  0  0  0  0  0  0  0
    7.0247    8.4441    7.6265 H   0  0  0  0  0  0  0  0  0  0  0  0
    7.0421    8.3665    5.8655 H   0  0  0  0  0  0  0  0  0  0  0  0
    5.9899   10.7319    7.5170 H   0  0  0  0  0  0  0  0  0  0  0  0
    8.4184   10.9256    7.6603 H   0  0  0  0  0  0  0  0  0  0  0  0
    8.6171   10.3178    6.0010 H   0  0  0  0  0  0  0  0  0  0  0  0
    7.4965   13.0337    6.8844 H   0  0  0  0  0  0  0  0  0  0  0  0
    8.6001   12.6897    5.5246 H   0  0  0  0  0  0  0  0  0  0  0  0
    6.1982   10.2780    4.5000 H   0  0  0  0  0  0  0  0  0  0  0  0
    4.8899   11.0930    5.4044 H   0  0  0  0  0  0  0  0  0  0  0  0
  1 10  1  0  0  0  0
  2  1  3  0  0  0  0
  3  2  1  0  0  0  0
  3 12  1  0  0  0  0
  4  3  1  0  0  0  0
  4 13  1  0  0  0  0
  5  6  1  0  0  0  0
  5  4  1  0  0  0  0
  5 15  1  1  0  0  0
  6 16  1  0  0  0  0
  7  6  1  0  0  0  0
  7 18  1  0  0  0  0
  8  9  1  0  0  0  0
  8  7  1  0  0  0  0
  9 21  1  0  0  0  0
  9  5  1  0  0  0  0
 11  3  1  0  0  0  0
 14  4  1  0  0  0  0
 17  6  1  0  0  0  0
 19  7  1  0  0  0  0
 20  9  1  0  0  0  0
M  END
