Lattice="13.89825863 0.0 0.0 0.0 13.08045572 0.0 0.0 0.0 14.61426302" Properties=species:S:1:pos:R:3:GW_charged:R:1:dKS_charged:R:1:dKS_neutral:R:1 pbc="T T T"
 OpenBabel12102411063D
Lattice="13.89825863 0.0 0.0 0.0 13.08045572 0.0 0.0 0.0 14.61426302" Properties=species:S:1:pos:R:3:GW_charged:R:1:dKS_charged:R:1:dKS_neutral:R:1 pbc="T T T"
 23 25  0  0  1  0  0  0  0  0999 V2000
    6.4194    7.9253    5.8159 C   0  0  0  0  0  0  0  0  0  0  0  0
    7.5906    7.0354    5.4827 C   0  0  1  0  0  0  0  0  0  0  0  0
    8.4533    6.5614    6.6476 C   0  0  0  0  0  0  0  0  0  0  0  0
    7.6381    5.4827    7.4202 C   0  0  1  0  0  0  0  0  0  0  0  0
    7.5064    5.7084    8.9381 C   0  0  0  0  0  0  0  0  0  0  0  0
    6.2372    6.5587    9.0952 C   0  0  0  0  0  0  0  0  0  0  0  0
    5.2757    5.9729    8.0456 C   0  0  0  0  0  0  0  0  0  0  0  0
    6.1731    5.5271    6.8579 C   0  0  1  0  0  0  0  0  0  0  0  0
    6.2068    6.4399    5.6343 C   0  0  1  0  0  0  0  0  0  0  0  0
    6.3655    8.3571    6.8156 H   0  0  0  0  0  0  0  0  0  0  0  0
    6.0382    8.5805    5.0333 H   0  0  0  0  0  0  0  0  0  0  0  0
    8.0502    7.1366    4.5000 H   0  0  0  0  0  0  0  0  0  0  0  0
    9.3983    6.1406    6.2788 H   0  0  0  0  0  0  0  0  0  0  0  0
    8.7259    7.3988    7.3099 H   0  0  0  0  0  0  0  0  0  0  0  0
    8.0862    4.5000    7.2194 H   0  0  0  0  0  0  0  0  0  0  0  0
    7.3656    4.7425    9.4485 H   0  0  0  0  0  0  0  0  0  0  0  0
    8.4002    6.1740    9.3768 H   0  0  0  0  0  0  0  0  0  0  0  0
    5.8274    6.5344   10.1143 H   0  0  0  0  0  0  0  0  0  0  0  0
    6.4595    7.6130    8.8678 H   0  0  0  0  0  0  0  0  0  0  0  0
    4.7580    5.0996    8.4703 H   0  0  0  0  0  0  0  0  0  0  0  0
    4.5000    6.6836    7.7308 H   0  0  0  0  0  0  0  0  0  0  0  0
    5.8651    4.5274    6.5217 H   0  0  0  0  0  0  0  0  0  0  0  0
    5.6430    6.1276    4.7553 H   0  0  0  0  0  0  0  0  0  0  0  0
  1 10  1  0  0  0  0
  2 12  1  6  0  0  0
  2  9  1  0  0  0  0
  2  1  1  0  0  0  0
  2  3  1  0  0  0  0
  3 14  1  0  0  0  0
  3  4  1  0  0  0  0
  4 15  1  6  0  0  0
  4  5  1  0  0  0  0
  5  6  1  0  0  0  0
  5 17  1  0  0  0  0
  5 16  1  0  0  0  0
  6 18  1  0  0  0  0
  7 20  1  0  0  0  0
  7  6  1  0  0  0  0
  8 22  1  6  0  0  0
  8  4  1  0  0  0  0
  8  7  1  0  0  0  0
  9 23  1  6  0  0  0
  9  1  1  0  0  0  0
  9  8  1  0  0  0  0
 11  1  1  0  0  0  0
 13  3  1  0  0  0  0
 19  6  1  0  0  0  0
 21  7  1  0  0  0  0
M  END
