Lattice="12.44605561 0.0 0.0 0.0 13.60005262 0.0 0.0 0.0 13.09170439" Properties=species:S:1:pos:R:3:GW_charged:R:1:dKS_charged:R:1:dKS_neutral:R:1 pbc="T T T"
 OpenBabel12102409373D
Lattice="12.44605561 0.0 0.0 0.0 13.60005262 0.0 0.0 0.0 13.09170439" Properties=species:S:1:pos:R:3:GW_charged:R:1:dKS_charged:R:1:dKS_neutral:R:1 pbc="T T T"
 17 17  0  0  1  0  0  0  0  0999 V2000
    5.3623    8.6035    6.5151 C   0  0  0  0  0  0  0  0  0  0  0  0
    5.5062    7.0864    6.5313 C   0  0  1  0  0  0  0  0  0  0  0  0
    6.3027    6.4824    5.3480 C   0  0  0  0  0  0  0  0  0  0  0  0
    6.9667    5.2753    5.9545 C   0  0  0  0  0  0  0  0  0  0  0  0
    6.8593    5.2553    7.2910 C   0  0  0  0  0  0  0  0  0  0  0  0
    6.1804    6.4973    7.8103 C   0  0  1  0  0  0  0  0  0  0  0  0
    7.1316    7.3683    8.4578 O   0  0  0  0  0  0  0  0  0  0  0  0
    6.3407    9.1001    6.5654 H   0  0  0  0  0  0  0  0  0  0  0  0
    4.8593    8.9373    5.5966 H   0  0  0  0  0  0  0  0  0  0  0  0
    4.7730    8.9592    7.3711 H   0  0  0  0  0  0  0  0  0  0  0  0
    4.5000    6.6368    6.4996 H   0  0  0  0  0  0  0  0  0  0  0  0
    5.6499    6.2258    4.5000 H   0  0  0  0  0  0  0  0  0  0  0  0
    7.0544    7.1856    4.9467 H   0  0  0  0  0  0  0  0  0  0  0  0
    7.4855    4.5227    5.3594 H   0  0  0  0  0  0  0  0  0  0  0  0
    7.2819    4.5000    7.9533 H   0  0  0  0  0  0  0  0  0  0  0  0
    5.4327    6.3009    8.5917 H   0  0  0  0  0  0  0  0  0  0  0  0
    7.9461    7.3475    7.9294 H   0  0  0  0  0  0  0  0  0  0  0  0
  1  2  1  0  0  0  0
  1  8  1  0  0  0  0
  1 10  1  0  0  0  0
  2 11  1  6  0  0  0
  2  6  1  0  0  0  0
  3  4  1  0  0  0  0
  3  2  1  0  0  0  0
  4  5  2  0  0  0  0
  5  6  1  0  0  0  0
  5 15  1  0  0  0  0
  6  7  1  0  0  0  0
  6 16  1  1  0  0  0
  9  1  1  0  0  0  0
 12  3  1  0  0  0  0
 13  3  1  0  0  0  0
 14  4  1  0  0  0  0
 17  7  1  0  0  0  0
M  END
