Lattice="13.18515987 0.0 0.0 0.0 15.4564652 0.0 0.0 0.0 13.20084569" Properties=species:S:1:pos:R:3:GW_charged:R:1:dKS_charged:R:1:dKS_neutral:R:1 pbc="T T T"
 OpenBabel12102409453D
Lattice="13.18515987 0.0 0.0 0.0 15.4564652 0.0 0.0 0.0 13.20084569" Properties=species:S:1:pos:R:3:GW_charged:R:1:dKS_charged:R:1:dKS_neutral:R:1 pbc="T T T"
 19 21  0  0  1  0  0  0  0  0999 V2000
    5.4148    5.5646    5.2831 C   0  0  0  0  0  0  0  0  0  0  0  0
    5.4890    6.7721    5.3601 C   0  0  0  0  0  0  0  0  0  0  0  0
    5.5958    8.2123    5.4600 C   0  0  1  0  0  0  0  0  0  0  0  0
    5.4806    8.9388    6.8467 C   0  0  1  0  0  0  0  0  0  0  0  0
    6.5694    8.2291    7.6683 C   0  0  0  0  0  0  0  0  0  0  0  0
    7.7388    8.7137    6.7873 C   0  0  2  0  0  0  0  0  0  0  0  0
    7.6646   10.2488    7.0067 C   0  0  0  0  0  0  0  0  0  0  0  0
    6.3500   10.1210    6.2279 C   0  0  1  0  0  0  0  0  0  0  0  0
    6.9606    8.9341    5.4160 C   0  0  2  0  0  0  0  0  0  0  0  0
    5.3460    4.5000    5.2093 H   0  0  0  0  0  0  0  0  0  0  0  0
    4.9231    8.6936    4.7330 H   0  0  0  0  0  0  0  0  0  0  0  0
    4.5000    9.1104    7.3016 H   0  0  0  0  0  0  0  0  0  0  0  0
    6.6505    8.5944    8.7008 H   0  0  0  0  0  0  0  0  0  0  0  0
    6.4349    7.1403    7.6859 H   0  0  0  0  0  0  0  0  0  0  0  0
    8.6852    8.1659    6.8289 H   0  0  0  0  0  0  0  0  0  0  0  0
    7.6626   10.6227    8.0411 H   0  0  0  0  0  0  0  0  0  0  0  0
    8.4108   10.7956    6.4141 H   0  0  0  0  0  0  0  0  0  0  0  0
    5.8158   10.9565    5.7632 H   0  0  0  0  0  0  0  0  0  0  0  0
    7.5472    9.0569    4.5000 H   0  0  0  0  0  0  0  0  0  0  0  0
  1  2  3  0  0  0  0
  2  3  1  0  0  0  0
  3 11  1  6  0  0  0
  3  4  1  0  0  0  0
  4 12  1  1  0  0  0
  4  5  1  0  0  0  0
  5 14  1  0  0  0  0
  5 13  1  0  0  0  0
  6 15  1  1  0  0  0
  6  7  1  0  0  0  0
  6  5  1  0  0  0  0
  7 16  1  0  0  0  0
  8 18  1  6  0  0  0
  8  4  1  0  0  0  0
  8  7  1  0  0  0  0
  9 19  1  6  0  0  0
  9  3  1  0  0  0  0
  9  8  1  0  0  0  0
  9  6  1  0  0  0  0
 10  1  1  0  0  0  0
 17  7  1  0  0  0  0
M  END
