Lattice="13.1465187 0.0 0.0 0.0 13.104156960000001 0.0 0.0 0.0 13.61421908" Properties=species:S:1:pos:R:3:GW_charged:R:1:dKS_charged:R:1:dKS_neutral:R:1 pbc="T T T"
 OpenBabel12102411053D
Lattice="13.1465187 0.0 0.0 0.0 13.104156960000001 0.0 0.0 0.0 13.61421908" Properties=species:S:1:pos:R:3:GW_charged:R:1:dKS_charged:R:1:dKS_neutral:R:1 pbc="T T T"
 21 23  0  0  1  0  0  0  0  0999 V2000
    5.6085    7.5473    8.1081 C   0  0  0  0  0  0  0  0  0  0  0  0
    7.1389    7.3789    8.0193 C   0  0  1  0  0  0  0  0  0  0  0  0
    6.9762    6.0974    8.7321 O   0  0  0  0  0  0  0  0  0  0  0  0
    5.6832    6.0091    8.0271 C   0  0  2  0  0  0  0  0  0  0  0  0
    5.9471    5.4961    6.5598 C   0  0  1  0  0  0  0  0  0  0  0  0
    5.4898    6.5153    5.4861 C   0  0  0  0  0  0  0  0  0  0  0  0
    6.6309    7.5891    5.4800 C   0  0  0  0  0  0  0  0  0  0  0  0
    7.6266    7.0765    6.5508 C   0  0  2  0  0  0  0  0  0  0  0  0
    7.4747    5.5543    6.3656 C   0  0  0  0  0  0  0  0  0  0  0  0
    5.3141    7.8659    9.1142 H   0  0  0  0  0  0  0  0  0  0  0  0
    5.0608    8.1250    7.3580 H   0  0  0  0  0  0  0  0  0  0  0  0
    7.7984    8.0670    8.5634 H   0  0  0  0  0  0  0  0  0  0  0  0
    4.9594    5.3954    8.5786 H   0  0  0  0  0  0  0  0  0  0  0  0
    5.5095    4.5000    6.4147 H   0  0  0  0  0  0  0  0  0  0  0  0
    5.4197    6.0174    4.5091 H   0  0  0  0  0  0  0  0  0  0  0  0
    4.5000    6.9431    5.6931 H   0  0  0  0  0  0  0  0  0  0  0  0
    7.1265    7.6237    4.5000 H   0  0  0  0  0  0  0  0  0  0  0  0
    6.2651    8.6042    5.6837 H   0  0  0  0  0  0  0  0  0  0  0  0
    8.6465    7.4520    6.3979 H   0  0  0  0  0  0  0  0  0  0  0  0
    8.0375    4.9603    7.0895 H   0  0  0  0  0  0  0  0  0  0  0  0
    7.7582    5.2472    5.3483 H   0  0  0  0  0  0  0  0  0  0  0  0
  1 10  1  0  0  0  0
  2  1  1  0  0  0  0
  2 12  1  1  0  0  0
  2  3  1  0  0  0  0
  4  1  1  0  0  0  0
  4 13  1  1  0  0  0
  4  3  1  0  0  0  0
  5 14  1  6  0  0  0
  5  4  1  0  0  0  0
  6 16  1  0  0  0  0
  6  5  1  0  0  0  0
  7  6  1  0  0  0  0
  7 18  1  0  0  0  0
  7  8  1  0  0  0  0
  8 19  1  6  0  0  0
  8  2  1  0  0  0  0
  9  8  1  0  0  0  0
  9  5  1  0  0  0  0
  9 20  1  0  0  0  0
 11  1  1  0  0  0  0
 15  6  1  0  0  0  0
 17  7  1  0  0  0  0
 21  9  1  0  0  0  0
M  END
