Lattice="12.80442743 0.0 0.0 0.0 14.50885301 0.0 0.0 0.0 12.37744157" Properties=species:S:1:pos:R:3:GW_charged:R:1:dKS_charged:R:1:dKS_neutral:R:1 pbc="T T T"
 OpenBabel12102409403D
Lattice="12.80442743 0.0 0.0 0.0 14.50885301 0.0 0.0 0.0 12.37744157" Properties=species:S:1:pos:R:3:GW_charged:R:1:dKS_charged:R:1:dKS_neutral:R:1 pbc="T T T"
 18 17  0  0  0  0  0  0  0  0999 V2000
    5.8167    9.5812    6.8646 C   0  0  0  0  0  0  0  0  0  0  0  0
    5.8757    8.1436    6.7854 O   0  0  0  0  0  0  0  0  0  0  0  0
    6.5067    7.6569    5.6805 C   0  0  0  0  0  0  0  0  0  0  0  0
    6.9882    8.3528    4.8188 O   0  0  0  0  0  0  0  0  0  0  0  0
    6.5058    6.1154    5.7088 C   0  0  0  0  0  0  0  0  0  0  0  0
    7.2706    5.6219    6.9491 C   0  0  0  0  0  0  0  0  0  0  0  0
    5.0563    5.6002    5.6939 C   0  0  0  0  0  0  0  0  0  0  0  0
    7.1870    5.7268    4.5139 O   0  0  0  0  0  0  0  0  0  0  0  0
    6.8269   10.0089    6.8870 H   0  0  0  0  0  0  0  0  0  0  0  0
    5.2760    9.9939    6.0037 H   0  0  0  0  0  0  0  0  0  0  0  0
    5.2850    9.8013    7.7945 H   0  0  0  0  0  0  0  0  0  0  0  0
    6.7933    5.9574    7.8774 H   0  0  0  0  0  0  0  0  0  0  0  0
    7.2941    4.5220    6.9534 H   0  0  0  0  0  0  0  0  0  0  0  0
    8.3044    5.9889    6.9270 H   0  0  0  0  0  0  0  0  0  0  0  0
    4.5389    5.9519    4.7925 H   0  0  0  0  0  0  0  0  0  0  0  0
    5.0570    4.5000    5.6853 H   0  0  0  0  0  0  0  0  0  0  0  0
    4.5000    5.9349    6.5775 H   0  0  0  0  0  0  0  0  0  0  0  0
    7.2039    4.7569    4.5000 H   0  0  0  0  0  0  0  0  0  0  0  0
  1  9  1  0  0  0  0
  1 11  1  0  0  0  0
  2  1  1  0  0  0  0
  3  5  1  0  0  0  0
  3  2  1  0  0  0  0
  4  3  2  0  0  0  0
  5  6  1  0  0  0  0
  6 13  1  0  0  0  0
  6 12  1  0  0  0  0
  7  5  1  0  0  0  0
  7 17  1  0  0  0  0
  8  5  1  0  0  0  0
 10  1  1  0  0  0  0
 14  6  1  0  0  0  0
 15  7  1  0  0  0  0
 16  7  1  0  0  0  0
 18  8  1  0  0  0  0
M  END
