Lattice="14.68880076 0.0 0.0 0.0 14.65417267 0.0 0.0 0.0 12.65617273" Properties=species:S:1:pos:R:3:GW_charged:R:1:dKS_charged:R:1:dKS_neutral:R:1 pbc="T T T"
 OpenBabel12102411073D
Lattice="14.68880076 0.0 0.0 0.0 14.65417267 0.0 0.0 0.0 12.65617273" Properties=species:S:1:pos:R:3:GW_charged:R:1:dKS_charged:R:1:dKS_neutral:R:1 pbc="T T T"
 23 23  0  0  0  0  0  0  0  0999 V2000
    5.4652    8.3850    6.2443 C   0  0  0  0  0  0  0  0  0  0  0  0
    6.8403    9.0700    6.3181 C   0  0  0  0  0  0  0  0  0  0  0  0
    7.7609    8.5753    7.4539 C   0  0  0  0  0  0  0  0  0  0  0  0
    9.0565    8.1217    7.0518 O   0  0  0  0  0  0  0  0  0  0  0  0
    9.1135    7.0768    6.0766 C   0  0  0  0  0  0  0  0  0  0  0  0
    8.3766    5.7743    6.4550 C   0  0  0  0  0  0  0  0  0  0  0  0
    7.2753    5.3798    5.4600 C   0  0  0  0  0  0  0  0  0  0  0  0
    6.3796    6.4369    5.1254 O   0  0  0  0  0  0  0  0  0  0  0  0
    5.5134    6.8587    6.1802 C   0  0  0  0  0  0  0  0  0  0  0  0
    4.8492    8.6611    7.1166 H   0  0  0  0  0  0  0  0  0  0  0  0
    4.9300    8.7635    5.3601 H   0  0  0  0  0  0  0  0  0  0  0  0
    7.3571    8.9278    5.3603 H   0  0  0  0  0  0  0  0  0  0  0  0
    6.6887   10.1542    6.4150 H   0  0  0  0  0  0  0  0  0  0  0  0
    7.9813    9.3891    8.1562 H   0  0  0  0  0  0  0  0  0  0  0  0
    7.2508    7.7897    8.0424 H   0  0  0  0  0  0  0  0  0  0  0  0
    8.7352    7.4377    5.1045 H   0  0  0  0  0  0  0  0  0  0  0  0
   10.1888    6.8937    5.9604 H   0  0  0  0  0  0  0  0  0  0  0  0
    9.0877    4.9367    6.5146 H   0  0  0  0  0  0  0  0  0  0  0  0
    7.9665    5.8745    7.4701 H   0  0  0  0  0  0  0  0  0  0  0  0
    7.7278    5.0906    4.5000 H   0  0  0  0  0  0  0  0  0  0  0  0
    6.7195    4.5000    5.8367 H   0  0  0  0  0  0  0  0  0  0  0  0
    5.8524    6.4448    7.1438 H   0  0  0  0  0  0  0  0  0  0  0  0
    4.5000    6.4571    5.9999 H   0  0  0  0  0  0  0  0  0  0  0  0
  1  2  1  0  0  0  0
  1 10  1  0  0  0  0
  2 13  1  0  0  0  0
  2  3  1  0  0  0  0
  3 15  1  0  0  0  0
  3 14  1  0  0  0  0
  4  3  1  0  0  0  0
  5  6  1  0  0  0  0
  5  4  1  0  0  0  0
  6 18  1  0  0  0  0
  6 19  1  0  0  0  0
  7 21  1  0  0  0  0
  7  6  1  0  0  0  0
  8  7  1  0  0  0  0
  8  9  1  0  0  0  0
  9  1  1  0  0  0  0
  9 22  1  0  0  0  0
 11  1  1  0  0  0  0
 12  2  1  0  0  0  0
 16  5  1  0  0  0  0
 17  5  1  0  0  0  0
 20  7  1  0  0  0  0
 23  9  1  0  0  0  0
M  END
