Lattice="12.65349023 0.0 0.0 0.0 12.83713069 0.0 0.0 0.0 14.334872690000001" Properties=species:S:1:pos:R:3:GW_charged:R:1:dKS_charged:R:1:dKS_neutral:R:1 pbc="T T T"
 OpenBabel12102411043D
Lattice="12.65349023 0.0 0.0 0.0 12.83713069 0.0 0.0 0.0 14.334872690000001" Properties=species:S:1:pos:R:3:GW_charged:R:1:dKS_charged:R:1:dKS_neutral:R:1 pbc="T T T"
 21 23  0  0  1  0  0  0  0  0999 V2000
    5.2163    7.6741    8.9101 C   0  0  0  0  0  0  0  0  0  0  0  0
    6.5340    6.9600    8.9873 C   0  0  1  0  0  0  0  0  0  0  0  0
    5.2090    6.1726    8.9634 C   0  0  2  0  0  0  0  0  0  0  0  0
    5.5666    5.5976    7.5954 C   0  0  1  0  0  0  0  0  0  0  0  0
    4.6577    5.9691    6.5638 O   0  0  0  0  0  0  0  0  0  0  0  0
    5.3094    6.2829    5.3314 C   0  0  0  0  0  0  0  0  0  0  0  0
    6.2210    7.4962    5.4847 C   0  0  0  0  0  0  0  0  0  0  0  0
    7.3825    7.1923    6.4470 C   0  0  0  0  0  0  0  0  0  0  0  0
    6.9559    6.3397    7.6525 C   0  0  1  0  0  0  0  0  0  0  0  0
    4.9078    8.1608    9.8349 H   0  0  0  0  0  0  0  0  0  0  0  0
    4.8934    8.1885    8.0052 H   0  0  0  0  0  0  0  0  0  0  0  0
    7.2057    7.1024    9.8331 H   0  0  0  0  0  0  0  0  0  0  0  0
    4.7238    5.6239    9.7679 H   0  0  0  0  0  0  0  0  0  0  0  0
    5.6839    4.5000    7.6024 H   0  0  0  0  0  0  0  0  0  0  0  0
    5.8819    5.4085    4.9586 H   0  0  0  0  0  0  0  0  0  0  0  0
    4.5000    6.4787    4.6159 H   0  0  0  0  0  0  0  0  0  0  0  0
    6.6145    7.7915    4.5000 H   0  0  0  0  0  0  0  0  0  0  0  0
    5.6117    8.3371    5.8486 H   0  0  0  0  0  0  0  0  0  0  0  0
    8.1535    6.6415    5.8857 H   0  0  0  0  0  0  0  0  0  0  0  0
    7.8572    8.1232    6.7923 H   0  0  0  0  0  0  0  0  0  0  0  0
    7.7265    5.5824    7.8503 H   0  0  0  0  0  0  0  0  0  0  0  0
  1  3  1  0  0  0  0
  1  2  1  0  0  0  0
  1 10  1  0  0  0  0
  2 12  1  1  0  0  0
  3  2  1  0  0  0  0
  3 13  1  1  0  0  0
  4 14  1  1  0  0  0
  4  9  1  0  0  0  0
  4  3  1  0  0  0  0
  5  4  1  0  0  0  0
  6  7  1  0  0  0  0
  6  5  1  0  0  0  0
  7 18  1  0  0  0  0
  7  8  1  0  0  0  0
  8 20  1  0  0  0  0
  8  9  1  0  0  0  0
  9 21  1  1  0  0  0
  9  2  1  0  0  0  0
 11  1  1  0  0  0  0
 15  6  1  0  0  0  0
 16  6  1  0  0  0  0
 17  7  1  0  0  0  0
 19  8  1  0  0  0  0
M  END
