Lattice="14.84909045 0.0 0.0 0.0 14.80162416 0.0 0.0 0.0 14.63751837" Properties=species:S:1:pos:R:3:GW_charged:R:1:dKS_charged:R:1:dKS_neutral:R:1 pbc="T T T"
 OpenBabel12102411063D
Lattice="14.84909045 0.0 0.0 0.0 14.80162416 0.0 0.0 0.0 14.63751837" Properties=species:S:1:pos:R:3:GW_charged:R:1:dKS_charged:R:1:dKS_neutral:R:1 pbc="T T T"
 23 24  0  0  0  0  0  0  0  0999 V2000
    5.5622    9.2631    5.5709 C   0  0  0  0  0  0  0  0  0  0  0  0
    6.8880    9.4825    6.3649 C   0  0  0  0  0  0  0  0  0  0  0  0
    6.7021    8.1009    6.9702 C   0  0  0  0  0  0  0  0  0  0  0  0
    5.3169    7.9427    6.3659 C   0  0  0  0  0  0  0  0  0  0  0  0
    7.4932    7.2987    7.6848 C   0  0  0  0  0  0  0  0  0  0  0  0
    8.9037    7.6346    8.1385 C   0  0  0  0  0  0  0  0  0  0  0  0
    9.2684    6.5098    9.1267 C   0  0  0  0  0  0  0  0  0  0  0  0
    8.4797    5.2962    8.6065 C   0  0  0  0  0  0  0  0  0  0  0  0
    7.1359    5.9021    8.1597 C   0  0  0  0  0  0  0  0  0  0  0  0
    4.7988   10.0420    5.6847 H   0  0  0  0  0  0  0  0  0  0  0  0
    5.7274    9.0941    4.5000 H   0  0  0  0  0  0  0  0  0  0  0  0
    7.7985    9.6343    5.7663 H   0  0  0  0  0  0  0  0  0  0  0  0
    6.8329   10.3016    7.0996 H   0  0  0  0  0  0  0  0  0  0  0  0
    4.5000    8.0156    7.1013 H   0  0  0  0  0  0  0  0  0  0  0  0
    5.1449    7.0346    5.7687 H   0  0  0  0  0  0  0  0  0  0  0  0
    9.5913    7.6214    7.2747 H   0  0  0  0  0  0  0  0  0  0  0  0
    8.9788    8.6388    8.5796 H   0  0  0  0  0  0  0  0  0  0  0  0
   10.3491    6.3278    9.1933 H   0  0  0  0  0  0  0  0  0  0  0  0
    8.9188    6.7728   10.1375 H   0  0  0  0  0  0  0  0  0  0  0  0
    8.9993    4.8597    7.7388 H   0  0  0  0  0  0  0  0  0  0  0  0
    8.3676    4.5000    9.3542 H   0  0  0  0  0  0  0  0  0  0  0  0
    6.4431    5.9591    9.0177 H   0  0  0  0  0  0  0  0  0  0  0  0
    6.6255    5.3094    7.3869 H   0  0  0  0  0  0  0  0  0  0  0  0
  1 10  1  0  0  0  0
  1  2  1  0  0  0  0
  1  4  1  0  0  0  0
  2  3  1  0  0  0  0
  2 13  1  0  0  0  0
  3  5  2  0  0  0  0
  4  3  1  0  0  0  0
  4 14  1  0  0  0  0
  5  6  1  0  0  0  0
  5  9  1  0  0  0  0
  6 17  1  0  0  0  0
  6  7  1  0  0  0  0
  7 18  1  0  0  0  0
  7 19  1  0  0  0  0
  8  7  1  0  0  0  0
  8 21  1  0  0  0  0
  9  8  1  0  0  0  0
  9 22  1  0  0  0  0
 11  1  1  0  0  0  0
 12  2  1  0  0  0  0
 15  4  1  0  0  0  0
 16  6  1  0  0  0  0
 20  8  1  0  0  0  0
 23  9  1  0  0  0  0
M  END
