Lattice="13.70230975 0.0 0.0 0.0 13.79655191 0.0 0.0 0.0 14.74183118" Properties=species:S:1:pos:R:3:GW_charged:R:1:dKS_charged:R:1:dKS_neutral:R:1 pbc="T T T"
 OpenBabel12102410123D
Lattice="13.70230975 0.0 0.0 0.0 13.79655191 0.0 0.0 0.0 14.74183118" Properties=species:S:1:pos:R:3:GW_charged:R:1:dKS_charged:R:1:dKS_neutral:R:1 pbc="T T T"
 21 23  0  0  1  0  0  0  0  0999 V2000
    5.8298    7.7723    5.4219 C   0  0  0  0  0  0  0  0  0  0  0  0
    6.8877    8.5241    6.2758 C   0  0  0  0  0  0  0  0  0  0  0  0
    7.4532    7.4447    7.1671 C   0  0  1  0  0  0  0  0  0  0  0  0
    8.1373    7.5563    8.5084 C   0  0  0  0  0  0  0  0  0  0  0  0
    7.9145    6.1577    9.1468 C   0  0  0  0  0  0  0  0  0  0  0  0
    6.6118    5.5969    8.5128 C   0  0  0  0  0  0  0  0  0  0  0  0
    6.5494    6.2838    7.1697 C   0  0  1  0  0  0  0  0  0  0  0  0
    5.3623    6.5647    6.2801 C   0  0  0  0  0  0  0  0  0  0  0  0
    7.8086    6.2341    6.4434 O   0  0  0  0  0  0  0  0  0  0  0  0
    4.9953    8.4214    5.1273 H   0  0  0  0  0  0  0  0  0  0  0  0
    6.2973    7.4064    4.5000 H   0  0  0  0  0  0  0  0  0  0  0  0
    7.6459    9.0237    5.6565 H   0  0  0  0  0  0  0  0  0  0  0  0
    6.4196    9.2966    6.9073 H   0  0  0  0  0  0  0  0  0  0  0  0
    9.2023    7.8181    8.4373 H   0  0  0  0  0  0  0  0  0  0  0  0
    7.6434    8.3488    9.0937 H   0  0  0  0  0  0  0  0  0  0  0  0
    8.7560    5.5020    8.8933 H   0  0  0  0  0  0  0  0  0  0  0  0
    7.8577    6.2043   10.2418 H   0  0  0  0  0  0  0  0  0  0  0  0
    6.6191    4.5000    8.4447 H   0  0  0  0  0  0  0  0  0  0  0  0
    5.7237    5.8830    9.0991 H   0  0  0  0  0  0  0  0  0  0  0  0
    4.5000    6.8307    6.9127 H   0  0  0  0  0  0  0  0  0  0  0  0
    5.0628    5.7055    5.6637 H   0  0  0  0  0  0  0  0  0  0  0  0
  1  2  1  0  0  0  0
  1  8  1  0  0  0  0
  2 13  1  0  0  0  0
  2  3  1  0  0  0  0
  3  9  1  6  0  0  0
  3  7  1  0  0  0  0
  3  4  1  0  0  0  0
  4 15  1  0  0  0  0
  4  5  1  0  0  0  0
  5 17  1  0  0  0  0
  6 19  1  0  0  0  0
  6  5  1  0  0  0  0
  7  9  1  6  0  0  0
  7  6  1  0  0  0  0
  8 20  1  0  0  0  0
  8  7  1  0  0  0  0
 10  1  1  0  0  0  0
 11  1  1  0  0  0  0
 12  2  1  0  0  0  0
 14  4  1  0  0  0  0
 16  5  1  0  0  0  0
 18  6  1  0  0  0  0
 21  8  1  0  0  0  0
M  END
