Lattice="13.24079897 0.0 0.0 0.0 13.2903465 0.0 0.0 0.0 14.0030821" Properties=species:S:1:pos:R:3:GW_charged:R:1:dKS_charged:R:1:dKS_neutral:R:1 pbc="T T T"
 OpenBabel12102411043D
Lattice="13.24079897 0.0 0.0 0.0 13.2903465 0.0 0.0 0.0 14.0030821" Properties=species:S:1:pos:R:3:GW_charged:R:1:dKS_charged:R:1:dKS_neutral:R:1 pbc="T T T"
 21 23  0  0  1  0  0  0  0  0999 V2000
    5.3967    7.2146    8.1695 C   0  0  0  0  0  0  0  0  0  0  0  0
    6.7788    7.7955    7.9252 C   0  0  1  0  0  0  0  0  0  0  0  0
    7.7898    6.6671    8.0778 C   0  0  1  0  0  0  0  0  0  0  0  0
    7.0220    5.4005    8.4148 C   0  0  0  0  0  0  0  0  0  0  0  0
    5.5562    5.6800    7.9784 C   0  0  2  0  0  0  0  0  0  0  0  0
    5.2948    5.2532    6.5536 C   0  0  0  0  0  0  0  0  0  0  0  0
    5.9569    5.7014    5.4811 C   0  0  0  0  0  0  0  0  0  0  0  0
    7.0783    6.7013    5.4465 C   0  0  0  0  0  0  0  0  0  0  0  0
    7.5888    7.3327    6.7336 C   0  0  1  0  0  0  0  0  0  0  0  0
    5.0945    7.4396    9.2050 H   0  0  0  0  0  0  0  0  0  0  0  0
    4.6226    7.6236    7.5054 H   0  0  0  0  0  0  0  0  0  0  0  0
    6.9871    8.7903    8.3203 H   0  0  0  0  0  0  0  0  0  0  0  0
    8.7408    6.8329    8.5849 H   0  0  0  0  0  0  0  0  0  0  0  0
    7.4212    4.5000    7.9277 H   0  0  0  0  0  0  0  0  0  0  0  0
    7.0698    5.2347    9.5031 H   0  0  0  0  0  0  0  0  0  0  0  0
    4.8572    5.1421    8.6320 H   0  0  0  0  0  0  0  0  0  0  0  0
    4.5000    4.5200    6.3972 H   0  0  0  0  0  0  0  0  0  0  0  0
    5.6700    5.3117    4.5000 H   0  0  0  0  0  0  0  0  0  0  0  0
    7.9382    6.2263    4.9386 H   0  0  0  0  0  0  0  0  0  0  0  0
    6.7802    7.5189    4.7639 H   0  0  0  0  0  0  0  0  0  0  0  0
    8.4006    8.0296    6.5085 H   0  0  0  0  0  0  0  0  0  0  0  0
  1 10  1  0  0  0  0
  2  3  1  0  0  0  0
  2  1  1  0  0  0  0
  2 12  1  1  0  0  0
  3  4  1  0  0  0  0
  3 13  1  1  0  0  0
  4 15  1  0  0  0  0
  5  1  1  0  0  0  0
  5  4  1  0  0  0  0
  5 16  1  1  0  0  0
  6  5  1  0  0  0  0
  7  6  2  0  0  0  0
  8  7  1  0  0  0  0
  8  9  1  0  0  0  0
  9 21  1  6  0  0  0
  9  2  1  0  0  0  0
  9  3  1  0  0  0  0
 11  1  1  0  0  0  0
 14  4  1  0  0  0  0
 17  6  1  0  0  0  0
 18  7  1  0  0  0  0
 19  8  1  0  0  0  0
 20  8  1  0  0  0  0
M  END
