Lattice="12.71377991 0.0 0.0 0.0 13.510279780000001 0.0 0.0 0.0 12.256071949999999" Properties=species:S:1:pos:R:3:GW_charged:R:1:dKS_charged:R:1:dKS_neutral:R:1 pbc="T T T"
 OpenBabel12102409263D
Lattice="12.71377991 0.0 0.0 0.0 13.510279780000001 0.0 0.0 0.0 12.256071949999999" Properties=species:S:1:pos:R:3:GW_charged:R:1:dKS_charged:R:1:dKS_neutral:R:1 pbc="T T T"
 14 14  0  0  0  0  0  0  0  0999 V2000
    7.4382    8.5487    6.2782 O   0  0  0  0  0  0  0  0  0  0  0  0
    7.4880    7.1788    6.7180 C   0  0  0  0  0  0  0  0  0  0  0  0
    6.0853    6.6373    6.6633 C   0  0  0  0  0  0  0  0  0  0  0  0
    5.1870    7.3242    7.5071 O   0  0  0  0  0  0  0  0  0  0  0  0
    5.5480    6.0664    5.3692 C   0  0  0  0  0  0  0  0  0  0  0  0
    5.8542    5.1641    6.5507 C   0  0  0  0  0  0  0  0  0  0  0  0
    8.2138    9.0103    6.6279 H   0  0  0  0  0  0  0  0  0  0  0  0
    8.1545    6.5822    6.0704 H   0  0  0  0  0  0  0  0  0  0  0  0
    7.8579    7.1194    7.7561 H   0  0  0  0  0  0  0  0  0  0  0  0
    5.2547    8.2621    7.2573 H   0  0  0  0  0  0  0  0  0  0  0  0
    4.5000    6.2631    5.1525 H   0  0  0  0  0  0  0  0  0  0  0  0
    6.2037    6.0338    4.5000 H   0  0  0  0  0  0  0  0  0  0  0  0
    6.7162    4.5000    6.4970 H   0  0  0  0  0  0  0  0  0  0  0  0
    5.0088    4.7727    7.1136 H   0  0  0  0  0  0  0  0  0  0  0  0
  1  7  1  0  0  0  0
  1  2  1  0  0  0  0
  2  9  1  0  0  0  0
  3  2  1  0  0  0  0
  3  4  1  0  0  0  0
  5  6  1  0  0  0  0
  5  3  1  0  0  0  0
  6  3  1  0  0  0  0
  6 14  1  0  0  0  0
  8  2  1  0  0  0  0
 10  4  1  0  0  0  0
 11  5  1  0  0  0  0
 12  5  1  0  0  0  0
 13  6  1  0  0  0  0
M  END
