Lattice="12.58449904 0.0 0.0 0.0 15.34242389 0.0 0.0 0.0 13.54542481" Properties=species:S:1:pos:R:3:GW_charged:R:1:dKS_charged:R:1:dKS_neutral:R:1 pbc="T T T"
 OpenBabel12102409273D
Lattice="12.58449904 0.0 0.0 0.0 15.34242389 0.0 0.0 0.0 13.54542481" Properties=species:S:1:pos:R:3:GW_charged:R:1:dKS_charged:R:1:dKS_neutral:R:1 pbc="T T T"
 19 18  0  0  1  0  0  0  0  0999 V2000
    5.5061   10.3930    8.1301 C   0  0  0  0  0  0  0  0  0  0  0  0
    5.5292    8.8687    8.0217 C   0  0  0  0  0  0  0  0  0  0  0  0
    6.2708    8.3472    6.7845 C   0  0  1  0  0  0  0  0  0  0  0  0
    7.6384    8.7980    6.7534 O   0  0  0  0  0  0  0  0  0  0  0  0
    6.1751    6.8235    6.6562 C   0  0  0  0  0  0  0  0  0  0  0  0
    6.7882    6.2823    5.3743 C   0  0  0  0  0  0  0  0  0  0  0  0
    6.6391    4.8553    5.3859 O   0  0  0  0  0  0  0  0  0  0  0  0
    6.5232   10.8051    8.1432 H   0  0  0  0  0  0  0  0  0  0  0  0
    4.9790   10.8424    7.2761 H   0  0  0  0  0  0  0  0  0  0  0  0
    4.9944   10.7187    9.0454 H   0  0  0  0  0  0  0  0  0  0  0  0
    5.9986    8.4306    8.9208 H   0  0  0  0  0  0  0  0  0  0  0  0
    4.5000    8.4761    7.9997 H   0  0  0  0  0  0  0  0  0  0  0  0
    5.8279    8.8126    5.8871 H   0  0  0  0  0  0  0  0  0  0  0  0
    8.0845    8.4307    7.5343 H   0  0  0  0  0  0  0  0  0  0  0  0
    6.6708    6.3476    7.5201 H   0  0  0  0  0  0  0  0  0  0  0  0
    5.1175    6.5193    6.6995 H   0  0  0  0  0  0  0  0  0  0  0  0
    6.2718    6.7218    4.5000 H   0  0  0  0  0  0  0  0  0  0  0  0
    7.8510    6.5692    5.3131 H   0  0  0  0  0  0  0  0  0  0  0  0
    7.0851    4.5000    4.6031 H   0  0  0  0  0  0  0  0  0  0  0  0
  1  8  1  0  0  0  0
  1 10  1  0  0  0  0
  2  1  1  0  0  0  0
  2 11  1  0  0  0  0
  3 13  1  6  0  0  0
  3  2  1  0  0  0  0
  4  3  1  0  0  0  0
  4 14  1  0  0  0  0
  5 16  1  0  0  0  0
  5  3  1  0  0  0  0
  5 15  1  0  0  0  0
  6  7  1  0  0  0  0
  6  5  1  0  0  0  0
  9  1  1  0  0  0  0
 12  2  1  0  0  0  0
 17  6  1  0  0  0  0
 18  6  1  0  0  0  0
 19  7  1  0  0  0  0
M  END
