Lattice="15.0807968 0.0 0.0 0.0 13.72388215 0.0 0.0 0.0 13.0830105" Properties=species:S:1:pos:R:3:GW_charged:R:1:dKS_charged:R:1:dKS_neutral:R:1 pbc="T T T"
 OpenBabel12102409423D
Lattice="15.0807968 0.0 0.0 0.0 13.72388215 0.0 0.0 0.0 13.0830105" Properties=species:S:1:pos:R:3:GW_charged:R:1:dKS_charged:R:1:dKS_neutral:R:1 pbc="T T T"
 19 19  0  0  0  0  0  0  0  0999 V2000
    8.7739    8.8062    6.3490 C   0  0  0  0  0  0  0  0  0  0  0  0
    8.8052    7.2682    6.4162 C   0  0  0  0  0  0  0  0  0  0  0  0
    9.5547    6.7739    7.6672 C   0  0  0  0  0  0  0  0  0  0  0  0
    7.4318    6.6833    6.3279 C   0  0  0  0  0  0  0  0  0  0  0  0
    6.8282    5.8582    5.4161 C   0  0  0  0  0  0  0  0  0  0  0  0
    5.4902    5.6488    5.8846 C   0  0  0  0  0  0  0  0  0  0  0  0
    4.5000    4.8965    5.3131 O   0  0  0  0  0  0  0  0  0  0  0  0
    5.3615    6.3556    7.0472 C   0  0  0  0  0  0  0  0  0  0  0  0
    6.5500    6.9931    7.3250 O   0  0  0  0  0  0  0  0  0  0  0  0
    9.7942    9.2142    6.3552 H   0  0  0  0  0  0  0  0  0  0  0  0
    8.2698    9.1530    5.4376 H   0  0  0  0  0  0  0  0  0  0  0  0
    8.2373    9.2239    7.2116 H   0  0  0  0  0  0  0  0  0  0  0  0
    9.3390    6.8964    5.5269 H   0  0  0  0  0  0  0  0  0  0  0  0
    9.0495    7.1095    8.5830 H   0  0  0  0  0  0  0  0  0  0  0  0
    9.6049    5.6775    7.6918 H   0  0  0  0  0  0  0  0  0  0  0  0
   10.5808    7.1665    7.6834 H   0  0  0  0  0  0  0  0  0  0  0  0
    7.2852    5.4506    4.5195 H   0  0  0  0  0  0  0  0  0  0  0  0
    4.8450    4.5000    4.5000 H   0  0  0  0  0  0  0  0  0  0  0  0
    4.5521    6.5013    7.7491 H   0  0  0  0  0  0  0  0  0  0  0  0
  1 10  1  0  0  0  0
  1  2  1  0  0  0  0
  1 12  1  0  0  0  0
  2  3  1  0  0  0  0
  3 16  1  0  0  0  0
  3 15  1  0  0  0  0
  3 14  1  0  0  0  0
  4  2  1  0  0  0  0
  4  9  1  0  0  0  0
  5  6  1  0  0  0  0
  5  4  2  0  0  0  0
  6  8  2  0  0  0  0
  7  6  1  0  0  0  0
  8  9  1  0  0  0  0
  8 19  1  0  0  0  0
 11  1  1  0  0  0  0
 13  2  1  0  0  0  0
 17  5  1  0  0  0  0
 18  7  1  0  0  0  0
M  END
