Lattice="15.07196982 0.0 0.0 0.0 14.05808716 0.0 0.0 0.0 12.01309838" Properties=species:S:1:pos:R:3:GW_charged:R:1:dKS_charged:R:1:dKS_neutral:R:1 pbc="T T T"
 OpenBabel12102409423D
Lattice="15.07196982 0.0 0.0 0.0 14.05808716 0.0 0.0 0.0 12.01309838" Properties=species:S:1:pos:R:3:GW_charged:R:1:dKS_charged:R:1:dKS_neutral:R:1 pbc="T T T"
 19 20  0  0  0  0  0  0  0  0999 V2000
    9.1350    9.0566    5.4777 C   0  0  0  0  0  0  0  0  0  0  0  0
    8.9715    7.5880    5.6135 C   0  0  0  0  0  0  0  0  0  0  0  0
    7.8932    6.7637    5.8255 C   0  0  0  0  0  0  0  0  0  0  0  0
    8.4229    5.4238    5.8558 C   0  0  0  0  0  0  0  0  0  0  0  0
    9.7654    5.5302    5.6628 C   0  0  0  0  0  0  0  0  0  0  0  0
   10.1239    6.8395    5.5125 O   0  0  0  0  0  0  0  0  0  0  0  0
    6.4845    7.1760    5.9877 C   0  0  0  0  0  0  0  0  0  0  0  0
    5.3509    6.3238    5.4482 C   0  0  0  0  0  0  0  0  0  0  0  0
    5.5555    6.4385    6.9338 C   0  0  0  0  0  0  0  0  0  0  0  0
    9.8025    9.4625    6.2526 H   0  0  0  0  0  0  0  0  0  0  0  0
    9.5608    9.3274    4.5000 H   0  0  0  0  0  0  0  0  0  0  0  0
    8.1652    9.5581    5.5728 H   0  0  0  0  0  0  0  0  0  0  0  0
    7.8729    4.5000    6.0028 H   0  0  0  0  0  0  0  0  0  0  0  0
   10.5720    4.8096    5.6073 H   0  0  0  0  0  0  0  0  0  0  0  0
    6.3225    8.2525    5.9268 H   0  0  0  0  0  0  0  0  0  0  0  0
    4.5000    6.8336    4.9989 H   0  0  0  0  0  0  0  0  0  0  0  0
    5.6199    5.3868    4.9626 H   0  0  0  0  0  0  0  0  0  0  0  0
    5.9644    5.5800    7.4648 H   0  0  0  0  0  0  0  0  0  0  0  0
    4.8462    7.0277    7.5131 H   0  0  0  0  0  0  0  0  0  0  0  0
  1 12  1  0  0  0  0
  1  2  1  0  0  0  0
  1 10  1  0  0  0  0
  2  3  2  0  0  0  0
  3  4  1  0  0  0  0
  3  7  1  0  0  0  0
  4 13  1  0  0  0  0
  5  4  2  0  0  0  0
  6  2  1  0  0  0  0
  6  5  1  0  0  0  0
  7  9  1  0  0  0  0
  8  7  1  0  0  0  0
  8  9  1  0  0  0  0
  9 18  1  0  0  0  0
  9 19  1  0  0  0  0
 11  1  1  0  0  0  0
 14  5  1  0  0  0  0
 15  7  1  0  0  0  0
 16  8  1  0  0  0  0
 17  8  1  0  0  0  0
M  END
