Lattice="13.62545583 0.0 0.0 0.0 14.43479454 0.0 0.0 0.0 12.85805528" Properties=species:S:1:pos:R:3:GW_charged:R:1:dKS_charged:R:1:dKS_neutral:R:1 pbc="T T T"
 OpenBabel12102409373D
Lattice="13.62545583 0.0 0.0 0.0 14.43479454 0.0 0.0 0.0 12.85805528" Properties=species:S:1:pos:R:3:GW_charged:R:1:dKS_charged:R:1:dKS_neutral:R:1 pbc="T T T"
 17 17  0  0  1  0  0  0  0  0999 V2000
    5.7000    9.4468    5.5323 C   0  0  0  0  0  0  0  0  0  0  0  0
    5.5768    7.9285    5.6379 C   0  0  1  0  0  0  0  0  0  0  0  0
    6.2156    7.3034    4.5000 O   0  0  0  0  0  0  0  0  0  0  0  0
    7.1513    6.3195    4.9477 C   0  0  0  0  0  0  0  0  0  0  0  0
    7.1647    6.4114    6.4498 C   0  0  0  0  0  0  0  0  0  0  0  0
    8.0689    5.5724    7.2886 C   0  0  0  0  0  0  0  0  0  0  0  0
    6.2591    7.3193    6.8286 C   0  0  0  0  0  0  0  0  0  0  0  0
    6.7550    9.7494    5.5674 H   0  0  0  0  0  0  0  0  0  0  0  0
    5.2640    9.7984    4.5882 H   0  0  0  0  0  0  0  0  0  0  0  0
    5.1655    9.9348    6.3600 H   0  0  0  0  0  0  0  0  0  0  0  0
    4.5000    7.6596    5.6203 H   0  0  0  0  0  0  0  0  0  0  0  0
    6.8407    5.3123    4.6027 H   0  0  0  0  0  0  0  0  0  0  0  0
    8.1445    6.5221    4.5041 H   0  0  0  0  0  0  0  0  0  0  0  0
    9.1255    5.7591    7.0407 H   0  0  0  0  0  0  0  0  0  0  0  0
    7.9285    5.7696    8.3581 H   0  0  0  0  0  0  0  0  0  0  0  0
    7.8912    4.5000    7.1115 H   0  0  0  0  0  0  0  0  0  0  0  0
    6.0251    7.6026    7.8540 H   0  0  0  0  0  0  0  0  0  0  0  0
  1  8  1  0  0  0  0
  1  2  1  0  0  0  0
  1 10  1  0  0  0  0
  2 11  1  1  0  0  0
  2  7  1  0  0  0  0
  3  4  1  0  0  0  0
  3  2  1  0  0  0  0
  4  5  1  0  0  0  0
  5  7  2  0  0  0  0
  5  6  1  0  0  0  0
  6 15  1  0  0  0  0
  7 17  1  0  0  0  0
  9  1  1  0  0  0  0
 12  4  1  0  0  0  0
 13  4  1  0  0  0  0
 14  6  1  0  0  0  0
 16  6  1  0  0  0  0
M  END
