Lattice="10.87190151 0.0 0.0 0.0 15.69749613 0.0 0.0 0.0 13.56329882" Properties=species:S:1:pos:R:3:GW_charged:R:1:dKS_charged:R:1:dKS_neutral:R:1 pbc="T T T"
 OpenBabel12102409423D
Lattice="10.87190151 0.0 0.0 0.0 15.69749613 0.0 0.0 0.0 13.56329882" Properties=species:S:1:pos:R:3:GW_charged:R:1:dKS_charged:R:1:dKS_neutral:R:1 pbc="T T T"
 19 19  0  0  0  0  0  0  0  0999 V2000
    5.3091   10.7840    6.6532 C   0  0  0  0  0  0  0  0  0  0  0  0
    5.3362    9.2775    6.6430 C   0  0  0  0  0  0  0  0  0  0  0  0
    5.2422    8.5561    5.4468 C   0  0  0  0  0  0  0  0  0  0  0  0
    5.2735    7.1611    5.4572 C   0  0  0  0  0  0  0  0  0  0  0  0
    5.3981    6.4352    6.6448 C   0  0  0  0  0  0  0  0  0  0  0  0
    5.4313    4.9304    6.6600 C   0  0  0  0  0  0  0  0  0  0  0  0
    5.4915    7.1697    7.8429 C   0  0  0  0  0  0  0  0  0  0  0  0
    5.6158    6.5508    9.0633 O   0  0  0  0  0  0  0  0  0  0  0  0
    5.4609    8.5642    7.8402 C   0  0  0  0  0  0  0  0  0  0  0  0
    6.2504   11.1975    7.0439 H   0  0  0  0  0  0  0  0  0  0  0  0
    5.1597   11.1870    5.6440 H   0  0  0  0  0  0  0  0  0  0  0  0
    4.5000   11.1658    7.2924 H   0  0  0  0  0  0  0  0  0  0  0  0
    5.1431    9.0881    4.5000 H   0  0  0  0  0  0  0  0  0  0  0  0
    5.1985    6.6150    4.5149 H   0  0  0  0  0  0  0  0  0  0  0  0
    6.3719    4.5374    7.0813 H   0  0  0  0  0  0  0  0  0  0  0  0
    4.6011    4.5000    7.2452 H   0  0  0  0  0  0  0  0  0  0  0  0
    5.3455    4.5300    5.6430 H   0  0  0  0  0  0  0  0  0  0  0  0
    5.6231    5.5901    8.9259 H   0  0  0  0  0  0  0  0  0  0  0  0
    5.5363    9.0851    8.7958 H   0  0  0  0  0  0  0  0  0  0  0  0
  1 10  1  0  0  0  0
  1 12  1  0  0  0  0
  2  1  1  0  0  0  0
  2  9  1  0  0  0  0
  3  4  1  0  0  0  0
  3  2  2  0  0  0  0
  4  5  2  0  0  0  0
  5  6  1  0  0  0  0
  5  7  1  0  0  0  0
  6 15  1  0  0  0  0
  6 16  1  0  0  0  0
  7  8  1  0  0  0  0
  9  7  2  0  0  0  0
  9 19  1  0  0  0  0
 11  1  1  0  0  0  0
 13  3  1  0  0  0  0
 14  4  1  0  0  0  0
 17  6  1  0  0  0  0
 18  8  1  0  0  0  0
M  END
