Lattice="14.09968098 0.0 0.0 0.0 16.794430509999998 0.0 0.0 0.0 12.5348796" Properties=species:S:1:pos:R:3:GW_charged:R:1:dKS_charged:R:1:dKS_neutral:R:1 pbc="T T T"
 OpenBabel12102410113D
Lattice="14.09968098 0.0 0.0 0.0 16.794430509999998 0.0 0.0 0.0 12.5348796" Properties=species:S:1:pos:R:3:GW_charged:R:1:dKS_charged:R:1:dKS_neutral:R:1 pbc="T T T"
 23 23  0  0  0  0  0  0  0  0999 V2000
    7.0774    5.5671    6.0735 C   0  0  0  0  0  0  0  0  0  0  0  0
    7.0145    6.7754    6.0118 C   0  0  0  0  0  0  0  0  0  0  0  0
    6.9609    8.2344    5.9693 C   0  0  0  0  0  0  0  0  0  0  0  0
    6.1747    8.7789    7.1927 C   0  0  0  0  0  0  0  0  0  0  0  0
    5.4683   10.1307    6.9960 C   0  0  0  0  0  0  0  0  0  0  0  0
    6.2253   11.2171    6.2085 C   0  0  0  0  0  0  0  0  0  0  0  0
    7.7458   11.2801    6.4219 C   0  0  0  0  0  0  0  0  0  0  0  0
    8.5293   10.2883    5.5486 C   0  0  0  0  0  0  0  0  0  0  0  0
    8.4034    8.8016    5.8983 C   0  0  0  0  0  0  0  0  0  0  0  0
    7.1267    4.5000    6.1189 H   0  0  0  0  0  0  0  0  0  0  0  0
    6.4234    8.5153    5.0448 H   0  0  0  0  0  0  0  0  0  0  0  0
    5.4211    8.0366    7.4890 H   0  0  0  0  0  0  0  0  0  0  0  0
    6.8816    8.8367    8.0349 H   0  0  0  0  0  0  0  0  0  0  0  0
    4.5000    9.9605    6.4999 H   0  0  0  0  0  0  0  0  0  0  0  0
    5.2229   10.5179    7.9973 H   0  0  0  0  0  0  0  0  0  0  0  0
    6.0417   11.0853    5.1292 H   0  0  0  0  0  0  0  0  0  0  0  0
    5.7773   12.1900    6.4611 H   0  0  0  0  0  0  0  0  0  0  0  0
    8.0926   12.2944    6.1719 H   0  0  0  0  0  0  0  0  0  0  0  0
    7.9939   11.1344    7.4869 H   0  0  0  0  0  0  0  0  0  0  0  0
    8.2192   10.4391    4.5000 H   0  0  0  0  0  0  0  0  0  0  0  0
    9.5997   10.5452    5.5825 H   0  0  0  0  0  0  0  0  0  0  0  0
    8.8799    8.6031    6.8721 H   0  0  0  0  0  0  0  0  0  0  0  0
    8.9701    8.2185    5.1580 H   0  0  0  0  0  0  0  0  0  0  0  0
  1 10  1  0  0  0  0
  2  1  3  0  0  0  0
  3  2  1  0  0  0  0
  3  4  1  0  0  0  0
  4 12  1  0  0  0  0
  4 13  1  0  0  0  0
  5  4  1  0  0  0  0
  5 15  1  0  0  0  0
  6  7  1  0  0  0  0
  6 17  1  0  0  0  0
  6  5  1  0  0  0  0
  7 19  1  0  0  0  0
  8 21  1  0  0  0  0
  8  9  1  0  0  0  0
  8  7  1  0  0  0  0
  9  3  1  0  0  0  0
  9 22  1  0  0  0  0
 11  3  1  0  0  0  0
 14  5  1  0  0  0  0
 16  6  1  0  0  0  0
 18  7  1  0  0  0  0
 20  8  1  0  0  0  0
 23  9  1  0  0  0  0
M  END
