Lattice="13.15403342 0.0 0.0 0.0 14.97443783 0.0 0.0 0.0 13.25365643" Properties=species:S:1:pos:R:3:GW_charged:R:1:dKS_charged:R:1:dKS_neutral:R:1 pbc="T T T"
 OpenBabel12102411053D
Lattice="13.15403342 0.0 0.0 0.0 14.97443783 0.0 0.0 0.0 13.25365643" Properties=species:S:1:pos:R:3:GW_charged:R:1:dKS_charged:R:1:dKS_neutral:R:1 pbc="T T T"
 21 23  0  0  1  0  0  0  0  0999 V2000
    6.1951    9.8383    5.7322 C   0  0  0  0  0  0  0  0  0  0  0  0
    7.5395    9.1661    5.7179 C   0  0  1  0  0  0  0  0  0  0  0  0
    7.7604    8.3941    7.0219 C   0  0  0  0  0  0  0  0  0  0  0  0
    6.4596    7.5652    6.7380 C   0  0  1  0  0  0  0  0  0  0  0  0
    6.2568    8.3661    5.4414 C   0  0  1  0  0  0  0  0  0  0  0  0
    6.7128    6.0857    6.5246 C   0  0  0  0  0  0  0  0  0  0  0  0
    6.9011    5.2375    7.8020 C   0  0  0  0  0  0  0  0  0  0  0  0
    5.6538    4.5256    7.5732 O   0  0  0  0  0  0  0  0  0  0  0  0
    5.4637    5.2038    6.3010 C   0  0  0  0  0  0  0  0  0  0  0  0
    5.7683   10.1968    6.6730 H   0  0  0  0  0  0  0  0  0  0  0  0
    5.9825   10.4744    4.8733 H   0  0  0  0  0  0  0  0  0  0  0  0
    8.3182    9.4664    5.0187 H   0  0  0  0  0  0  0  0  0  0  0  0
    8.6540    7.7565    7.0023 H   0  0  0  0  0  0  0  0  0  0  0  0
    7.7824    8.9961    7.9423 H   0  0  0  0  0  0  0  0  0  0  0  0
    5.6520    7.6931    7.4799 H   0  0  0  0  0  0  0  0  0  0  0  0
    5.8973    7.9509    4.5000 H   0  0  0  0  0  0  0  0  0  0  0  0
    7.4997    5.9447    5.7696 H   0  0  0  0  0  0  0  0  0  0  0  0
    7.7647    4.5525    7.7977 H   0  0  0  0  0  0  0  0  0  0  0  0
    6.8867    5.7939    8.7537 H   0  0  0  0  0  0  0  0  0  0  0  0
    4.5000    5.7380    6.2617 H   0  0  0  0  0  0  0  0  0  0  0  0
    5.5213    4.5000    5.4546 H   0  0  0  0  0  0  0  0  0  0  0  0
  1 10  1  0  0  0  0
  2 12  1  6  0  0  0
  2  1  1  0  0  0  0
  2  3  1  0  0  0  0
  3 14  1  0  0  0  0
  4  3  1  0  0  0  0
  4 15  1  1  0  0  0
  5 16  1  6  0  0  0
  5  2  1  0  0  0  0
  5  1  1  0  0  0  0
  5  4  1  0  0  0  0
  6  4  1  0  0  0  0
  6  7  1  0  0  0  0
  7 19  1  0  0  0  0
  8  7  1  0  0  0  0
  9  6  1  0  0  0  0
  9  8  1  0  0  0  0
 11  1  1  0  0  0  0
 13  3  1  0  0  0  0
 17  6  1  0  0  0  0
 18  7  1  0  0  0  0
 20  9  1  0  0  0  0
 21  9  1  0  0  0  0
M  END
