Lattice="14.45211726 0.0 0.0 0.0 15.21529421 0.0 0.0 0.0 12.25016608" Properties=species:S:1:pos:R:3:GW_charged:R:1:dKS_charged:R:1:dKS_neutral:R:1 pbc="T T T"
 OpenBabel12102410123D
Lattice="14.45211726 0.0 0.0 0.0 15.21529421 0.0 0.0 0.0 12.25016608" Properties=species:S:1:pos:R:3:GW_charged:R:1:dKS_charged:R:1:dKS_neutral:R:1 pbc="T T T"
 21 22  0  0  0  0  0  0  0  0999 V2000
    5.0639    9.5906    5.4334 C   0  0  0  0  0  0  0  0  0  0  0  0
    6.5919    9.8336    5.5797 C   0  0  0  0  0  0  0  0  0  0  0  0
    6.6861    8.4638    6.2704 C   0  0  0  0  0  0  0  0  0  0  0  0
    5.3302    8.0720    5.6176 C   0  0  0  0  0  0  0  0  0  0  0  0
    7.8560    7.7222    5.9743 O   0  0  0  0  0  0  0  0  0  0  0  0
    7.9440    6.5072    6.6804 C   0  0  0  0  0  0  0  0  0  0  0  0
    7.2509    5.2441    6.1119 C   0  0  0  0  0  0  0  0  0  0  0  0
    8.4976    4.5000    6.2016 O   0  0  0  0  0  0  0  0  0  0  0  0
    9.2420    5.7297    6.4363 C   0  0  0  0  0  0  0  0  0  0  0  0
    4.5000   10.0126    6.2753 H   0  0  0  0  0  0  0  0  0  0  0  0
    4.5877    9.9110    4.5000 H   0  0  0  0  0  0  0  0  0  0  0  0
    7.0973    9.7911    4.6055 H   0  0  0  0  0  0  0  0  0  0  0  0
    6.9422   10.7153    6.1294 H   0  0  0  0  0  0  0  0  0  0  0  0
    6.5751    8.5561    7.3679 H   0  0  0  0  0  0  0  0  0  0  0  0
    4.6194    7.4760    6.2037 H   0  0  0  0  0  0  0  0  0  0  0  0
    5.5064    7.5810    4.6511 H   0  0  0  0  0  0  0  0  0  0  0  0
    7.7205    6.6668    7.7502 H   0  0  0  0  0  0  0  0  0  0  0  0
    6.4495    4.7784    6.7042 H   0  0  0  0  0  0  0  0  0  0  0  0
    6.9233    5.3714    5.0663 H   0  0  0  0  0  0  0  0  0  0  0  0
    9.7680    6.0737    5.5299 H   0  0  0  0  0  0  0  0  0  0  0  0
    9.9521    5.6308    7.2694 H   0  0  0  0  0  0  0  0  0  0  0  0
  1  2  1  0  0  0  0
  1  4  1  0  0  0  0
  1 10  1  0  0  0  0
  2 13  1  0  0  0  0
  2  3  1  0  0  0  0
  3 14  1  0  0  0  0
  4 15  1  0  0  0  0
  4  3  1  0  0  0  0
  5  3  1  0  0  0  0
  5  6  1  0  0  0  0
  6 17  1  0  0  0  0
  7  8  1  0  0  0  0
  7  6  1  0  0  0  0
  7 18  1  0  0  0  0
  8  9  1  0  0  0  0
  9  6  1  0  0  0  0
  9 21  1  0  0  0  0
 11  1  1  0  0  0  0
 12  2  1  0  0  0  0
 16  4  1  0  0  0  0
 19  7  1  0  0  0  0
 20  9  1  0  0  0  0
M  END
