Lattice="13.7062955 0.0 0.0 0.0 16.86993924 0.0 0.0 0.0 11.91046351" Properties=species:S:1:pos:R:3:GW_charged:R:1:dKS_charged:R:1:dKS_neutral:R:1 pbc="T T T"
 OpenBabel12102409453D
Lattice="13.7062955 0.0 0.0 0.0 16.86993924 0.0 0.0 0.0 11.91046351" Properties=species:S:1:pos:R:3:GW_charged:R:1:dKS_charged:R:1:dKS_neutral:R:1 pbc="T T T"
 19 20  0  0  0  0  0  0  0  0999 V2000
    7.1780    5.5681    5.9150 C   0  0  0  0  0  0  0  0  0  0  0  0
    7.1050    6.7815    5.9207 C   0  0  0  0  0  0  0  0  0  0  0  0
    7.0842    8.1929    5.9425 C   0  0  0  0  0  0  0  0  0  0  0  0
    6.0225    8.9908    5.6853 C   0  0  0  0  0  0  0  0  0  0  0  0
    6.3568   10.4201    5.8411 C   0  0  0  0  0  0  0  0  0  0  0  0
    5.5794   11.5140    5.1430 C   0  0  0  0  0  0  0  0  0  0  0  0
    5.4295   11.3390    6.6291 C   0  0  0  0  0  0  0  0  0  0  0  0
    7.8842   10.4683    5.9884 C   0  0  0  0  0  0  0  0  0  0  0  0
    8.3011    9.0199    6.3354 C   0  0  0  0  0  0  0  0  0  0  0  0
    7.2240    4.5000    5.9057 H   0  0  0  0  0  0  0  0  0  0  0  0
    5.0269    8.6316    5.4262 H   0  0  0  0  0  0  0  0  0  0  0  0
    6.1496   12.3699    4.7817 H   0  0  0  0  0  0  0  0  0  0  0  0
    4.7492   11.2229    4.5000 H   0  0  0  0  0  0  0  0  0  0  0  0
    4.5000   10.9187    7.0112 H   0  0  0  0  0  0  0  0  0  0  0  0
    5.8999   12.0698    7.2865 H   0  0  0  0  0  0  0  0  0  0  0  0
    8.3338   10.7662    5.0295 H   0  0  0  0  0  0  0  0  0  0  0  0
    8.2125   11.1942    6.7433 H   0  0  0  0  0  0  0  0  0  0  0  0
    8.5058    8.8887    7.4105 H   0  0  0  0  0  0  0  0  0  0  0  0
    9.2063    8.6989    5.8026 H   0  0  0  0  0  0  0  0  0  0  0  0
  1  2  3  0  0  0  0
  2  3  1  0  0  0  0
  3  9  1  0  0  0  0
  4  5  1  0  0  0  0
  4  3  2  0  0  0  0
  5  8  1  0  0  0  0
  5  7  1  0  0  0  0
  6  5  1  0  0  0  0
  6  7  1  0  0  0  0
  7 14  1  0  0  0  0
  7 15  1  0  0  0  0
  8  9  1  0  0  0  0
  8 17  1  0  0  0  0
  9 18  1  0  0  0  0
 10  1  1  0  0  0  0
 11  4  1  0  0  0  0
 12  6  1  0  0  0  0
 13  6  1  0  0  0  0
 16  8  1  0  0  0  0
 19  9  1  0  0  0  0
M  END
