Lattice="16.28159661 0.0 0.0 0.0 12.56881729 0.0 0.0 0.0 12.32680174" Properties=species:S:1:pos:R:3:GW_charged:R:1:dKS_charged:R:1:dKS_neutral:R:1 pbc="T T T"
 OpenBabel12102409273D
Lattice="16.28159661 0.0 0.0 0.0 12.56881729 0.0 0.0 0.0 12.32680174" Properties=species:S:1:pos:R:3:GW_charged:R:1:dKS_charged:R:1:dKS_neutral:R:1 pbc="T T T"
 17 16  0  0  1  0  0  0  0  0999 V2000
    7.9108    7.6337    5.3587 C   0  0  0  0  0  0  0  0  0  0  0  0
    7.9653    6.0958    5.4691 C   0  0  1  0  0  0  0  0  0  0  0  0
    8.7562    5.5964    6.7014 C   0  0  0  0  0  0  0  0  0  0  0  0
   10.2286    5.9825    6.6846 C   0  0  0  0  0  0  0  0  0  0  0  0
   10.8610    5.3081    7.7784 O   0  0  0  0  0  0  0  0  0  0  0  0
    6.6153    5.5365    5.4821 C   0  0  0  0  0  0  0  0  0  0  0  0
    5.4908    5.0885    5.5127 C   0  0  0  0  0  0  0  0  0  0  0  0
    8.9152    8.0573    5.2290 H   0  0  0  0  0  0  0  0  0  0  0  0
    7.3001    7.9377    4.5000 H   0  0  0  0  0  0  0  0  0  0  0  0
    7.4649    8.0688    6.2633 H   0  0  0  0  0  0  0  0  0  0  0  0
    8.4703    5.7075    4.5655 H   0  0  0  0  0  0  0  0  0  0  0  0
    8.2847    5.9790    7.6191 H   0  0  0  0  0  0  0  0  0  0  0  0
    8.6907    4.5000    6.7464 H   0  0  0  0  0  0  0  0  0  0  0  0
   10.6839    5.6802    5.7215 H   0  0  0  0  0  0  0  0  0  0  0  0
   10.3504    7.0755    6.7834 H   0  0  0  0  0  0  0  0  0  0  0  0
   11.7816    5.6050    7.8268 H   0  0  0  0  0  0  0  0  0  0  0  0
    4.5000    4.6868    5.5335 H   0  0  0  0  0  0  0  0  0  0  0  0
  1  2  1  0  0  0  0
  1 10  1  0  0  0  0
  2 11  1  6  0  0  0
  2  6  1  0  0  0  0
  2  3  1  0  0  0  0
  3 13  1  0  0  0  0
  3 12  1  0  0  0  0
  4  3  1  0  0  0  0
  4 15  1  0  0  0  0
  4  5  1  0  0  0  0
  5 16  1  0  0  0  0
  6  7  3  0  0  0  0
  7 17  1  0  0  0  0
  8  1  1  0  0  0  0
  9  1  1  0  0  0  0
 14  4  1  0  0  0  0
M  END
