Lattice="14.78863458 0.0 0.0 0.0 15.12965359 0.0 0.0 0.0 11.44976642" Properties=species:S:1:pos:R:3:GW_charged:R:1:dKS_charged:R:1:dKS_neutral:R:1 pbc="T T T"
 OpenBabel12102409443D
Lattice="14.78863458 0.0 0.0 0.0 15.12965359 0.0 0.0 0.0 11.44976642" Properties=species:S:1:pos:R:3:GW_charged:R:1:dKS_charged:R:1:dKS_neutral:R:1 pbc="T T T"
 19 19  0  0  0  0  0  0  0  0999 V2000
    7.8508   10.0820    6.0425 C   0  0  0  0  0  0  0  0  0  0  0  0
    7.6006    8.6194    6.0655 C   0  0  0  0  0  0  0  0  0  0  0  0
    6.4656    7.8482    6.0728 C   0  0  0  0  0  0  0  0  0  0  0  0
    5.0422    8.3076    6.0600 C   0  0  0  0  0  0  0  0  0  0  0  0
    6.9181    6.4852    6.0969 C   0  0  0  0  0  0  0  0  0  0  0  0
    8.2824    6.5075    6.1080 C   0  0  0  0  0  0  0  0  0  0  0  0
    9.3350    5.4614    6.0908 C   0  0  0  0  0  0  0  0  0  0  0  0
    9.9334    5.2503    4.7975 O   0  0  0  0  0  0  0  0  0  0  0  0
    8.7166    7.8147    6.0913 O   0  0  0  0  0  0  0  0  0  0  0  0
    8.4232   10.3805    5.1516 H   0  0  0  0  0  0  0  0  0  0  0  0
    6.9017   10.6297    6.0317 H   0  0  0  0  0  0  0  0  0  0  0  0
    8.4205   10.4085    6.9253 H   0  0  0  0  0  0  0  0  0  0  0  0
    4.5054    7.9218    5.1810 H   0  0  0  0  0  0  0  0  0  0  0  0
    4.5000    7.9555    6.9498 H   0  0  0  0  0  0  0  0  0  0  0  0
    4.9662    9.4018    6.0389 H   0  0  0  0  0  0  0  0  0  0  0  0
    6.2978    5.5943    6.1000 H   0  0  0  0  0  0  0  0  0  0  0  0
   10.1136    5.6994    6.8378 H   0  0  0  0  0  0  0  0  0  0  0  0
    8.8857    4.5000    6.3676 H   0  0  0  0  0  0  0  0  0  0  0  0
   10.2886    6.1025    4.5000 H   0  0  0  0  0  0  0  0  0  0  0  0
  1  2  1  0  0  0  0
  1 12  1  0  0  0  0
  2  3  2  0  0  0  0
  2  9  1  0  0  0  0
  3  5  1  0  0  0  0
  4  3  1  0  0  0  0
  4 14  1  0  0  0  0
  5 16  1  0  0  0  0
  5  6  2  0  0  0  0
  7  6  1  0  0  0  0
  7 18  1  0  0  0  0
  7 17  1  0  0  0  0
  8  7  1  0  0  0  0
  9  6  1  0  0  0  0
 10  1  1  0  0  0  0
 11  1  1  0  0  0  0
 13  4  1  0  0  0  0
 15  4  1  0  0  0  0
 19  8  1  0  0  0  0
M  END
