Lattice="12.155521910000001 0.0 0.0 0.0 16.5116275 0.0 0.0 0.0 12.13877326" Properties=species:S:1:pos:R:3:GW_charged:R:1:dKS_charged:R:1:dKS_neutral:R:1 pbc="T T T"
 OpenBabel12102409453D
Lattice="12.155521910000001 0.0 0.0 0.0 16.5116275 0.0 0.0 0.0 12.13877326" Properties=species:S:1:pos:R:3:GW_charged:R:1:dKS_charged:R:1:dKS_neutral:R:1 pbc="T T T"
 19 21  0  0  1  0  0  0  0  0999 V2000
    5.5040    5.5690    5.4529 C   0  0  0  0  0  0  0  0  0  0  0  0
    5.5051    6.7806    5.4783 C   0  0  0  0  0  0  0  0  0  0  0  0
    5.4755    8.2274    5.4760 C   0  0  1  0  0  0  0  0  0  0  0  0
    5.3952    8.9016    6.8906 C   0  0  1  0  0  0  0  0  0  0  0  0
    6.9271    8.5907    7.0000 C   0  0  0  0  0  0  0  0  0  0  0  0
    6.8785    8.9298    5.4709 C   0  0  2  0  0  0  0  0  0  0  0  0
    6.5386   10.4298    5.5284 C   0  0  1  0  0  0  0  0  0  0  0  0
    5.1533   10.9280    5.1932 C   0  0  0  0  0  0  0  0  0  0  0  0
    5.4377   10.4088    6.5821 C   0  0  1  0  0  0  0  0  0  0  0  0
    5.5052    4.5000    5.4330 H   0  0  0  0  0  0  0  0  0  0  0  0
    4.7488    8.5589    4.7234 H   0  0  0  0  0  0  0  0  0  0  0  0
    4.6688    8.5480    7.6297 H   0  0  0  0  0  0  0  0  0  0  0  0
    7.5259    9.2533    7.6388 H   0  0  0  0  0  0  0  0  0  0  0  0
    7.1456    7.5365    7.2073 H   0  0  0  0  0  0  0  0  0  0  0  0
    7.6555    8.6048    4.7712 H   0  0  0  0  0  0  0  0  0  0  0  0
    7.3651   11.1380    5.5711 H   0  0  0  0  0  0  0  0  0  0  0  0
    5.0600   12.0116    5.1172 H   0  0  0  0  0  0  0  0  0  0  0  0
    4.5000   10.3999    4.5000 H   0  0  0  0  0  0  0  0  0  0  0  0
    5.4301   11.1012    7.4230 H   0  0  0  0  0  0  0  0  0  0  0  0
  1  2  3  0  0  0  0
  3 11  1  6  0  0  0
  3  2  1  0  0  0  0
  3  4  1  0  0  0  0
  4  5  1  0  0  0  0
  4 12  1  1  0  0  0
  5 14  1  0  0  0  0
  5 13  1  0  0  0  0
  6 15  1  6  0  0  0
  6  3  1  0  0  0  0
  6  7  1  0  0  0  0
  6  5  1  0  0  0  0
  7 16  1  1  0  0  0
  7  9  1  0  0  0  0
  8  7  1  0  0  0  0
  8  9  1  0  0  0  0
  9  4  1  0  0  0  0
  9 19  1  1  0  0  0
 10  1  1  0  0  0  0
 17  8  1  0  0  0  0
 18  8  1  0  0  0  0
M  END
