Lattice="15.12383494 0.0 0.0 0.0 14.87503105 0.0 0.0 0.0 12.8345413" Properties=species:S:1:pos:R:3:GW_charged:R:1:dKS_charged:R:1:dKS_neutral:R:1 pbc="T T T"
 OpenBabel12102411063D
Lattice="15.12383494 0.0 0.0 0.0 14.87503105 0.0 0.0 0.0 12.8345413" Properties=species:S:1:pos:R:3:GW_charged:R:1:dKS_charged:R:1:dKS_neutral:R:1 pbc="T T T"
 23 24  0  0  0  0  0  0  0  0999 V2000
    8.2404    9.9159    5.4987 C   0  0  0  0  0  0  0  0  0  0  0  0
    9.6284   10.1028    5.8897 O   0  0  0  0  0  0  0  0  0  0  0  0
    9.7539    8.6890    6.2058 C   0  0  0  0  0  0  0  0  0  0  0  0
    8.3591    8.3807    5.6186 C   0  0  0  0  0  0  0  0  0  0  0  0
    7.3549    7.6388    6.4809 C   0  0  0  0  0  0  0  0  0  0  0  0
    5.9327    7.5727    5.8974 C   0  0  0  0  0  0  0  0  0  0  0  0
    5.2296    6.4629    6.7067 C   0  0  0  0  0  0  0  0  0  0  0  0
    6.3669    5.5396    7.2361 C   0  0  0  0  0  0  0  0  0  0  0  0
    7.6831    6.1538    6.7147 C   0  0  0  0  0  0  0  0  0  0  0  0
    7.5492   10.3750    6.2281 H   0  0  0  0  0  0  0  0  0  0  0  0
    8.0371   10.3310    4.5000 H   0  0  0  0  0  0  0  0  0  0  0  0
   10.6238    8.2341    5.7084 H   0  0  0  0  0  0  0  0  0  0  0  0
    9.8334    8.5234    7.2952 H   0  0  0  0  0  0  0  0  0  0  0  0
    8.4282    7.8974    4.6320 H   0  0  0  0  0  0  0  0  0  0  0  0
    7.3030    8.1421    7.4655 H   0  0  0  0  0  0  0  0  0  0  0  0
    5.4043    8.5349    5.9424 H   0  0  0  0  0  0  0  0  0  0  0  0
    5.9969    7.2906    4.8333 H   0  0  0  0  0  0  0  0  0  0  0  0
    4.6706    6.8980    7.5465 H   0  0  0  0  0  0  0  0  0  0  0  0
    4.5000    5.9151    6.0966 H   0  0  0  0  0  0  0  0  0  0  0  0
    6.3621    5.5210    8.3345 H   0  0  0  0  0  0  0  0  0  0  0  0
    6.2452    4.5000    6.9059 H   0  0  0  0  0  0  0  0  0  0  0  0
    7.9664    5.6958    5.7524 H   0  0  0  0  0  0  0  0  0  0  0  0
    8.5270    6.0031    7.4019 H   0  0  0  0  0  0  0  0  0  0  0  0
  1  4  1  0  0  0  0
  1  2  1  0  0  0  0
  1 10  1  0  0  0  0
  2  3  1  0  0  0  0
  3 13  1  0  0  0  0
  4  3  1  0  0  0  0
  4  5  1  0  0  0  0
  5  9  1  0  0  0  0
  5 15  1  0  0  0  0
  6 16  1  0  0  0  0
  6  5  1  0  0  0  0
  6  7  1  0  0  0  0
  7  8  1  0  0  0  0
  7 18  1  0  0  0  0
  8 20  1  0  0  0  0
  9  8  1  0  0  0  0
  9 23  1  0  0  0  0
 11  1  1  0  0  0  0
 12  3  1  0  0  0  0
 14  4  1  0  0  0  0
 17  6  1  0  0  0  0
 19  7  1  0  0  0  0
 21  8  1  0  0  0  0
 22  9  1  0  0  0  0
M  END
