Lattice="13.63960106 0.0 0.0 0.0 15.221722159999999 0.0 0.0 0.0 13.352977450000001" Properties=species:S:1:pos:R:3:GW_charged:R:1:dKS_charged:R:1:dKS_neutral:R:1 pbc="T T T"
 OpenBabel12102411073D
Lattice="13.63960106 0.0 0.0 0.0 15.221722159999999 0.0 0.0 0.0 13.352977450000001" Properties=species:S:1:pos:R:3:GW_charged:R:1:dKS_charged:R:1:dKS_neutral:R:1 pbc="T T T"
 25 26  0  0  0  0  0  0  0  0999 V2000
    5.5995    9.3669    7.7784 C   0  0  0  0  0  0  0  0  0  0  0  0
    7.0340    9.7276    7.2951 C   0  0  0  0  0  0  0  0  0  0  0  0
    7.4309    8.6232    6.2893 C   0  0  0  0  0  0  0  0  0  0  0  0
    6.5174    7.4168    6.6193 C   0  0  0  0  0  0  0  0  0  0  0  0
    5.1951    8.1205    6.9676 C   0  0  0  0  0  0  0  0  0  0  0  0
    6.4302    6.3769    5.4896 C   0  0  0  0  0  0  0  0  0  0  0  0
    7.7134    5.5331    5.6144 C   0  0  0  0  0  0  0  0  0  0  0  0
    8.1153    5.6102    7.1156 C   0  0  0  0  0  0  0  0  0  0  0  0
    7.0969    6.5665    7.7768 C   0  0  0  0  0  0  0  0  0  0  0  0
    5.6060    9.1370    8.8530 H   0  0  0  0  0  0  0  0  0  0  0  0
    4.8926   10.1952    7.6406 H   0  0  0  0  0  0  0  0  0  0  0  0
    7.0744   10.7217    6.8311 H   0  0  0  0  0  0  0  0  0  0  0  0
    7.7307    9.7552    8.1439 H   0  0  0  0  0  0  0  0  0  0  0  0
    7.2223    8.9533    5.2594 H   0  0  0  0  0  0  0  0  0  0  0  0
    8.5018    8.3800    6.3327 H   0  0  0  0  0  0  0  0  0  0  0  0
    4.5000    7.4619    7.5083 H   0  0  0  0  0  0  0  0  0  0  0  0
    4.6928    8.4214    6.0337 H   0  0  0  0  0  0  0  0  0  0  0  0
    5.5423    5.7444    5.6530 H   0  0  0  0  0  0  0  0  0  0  0  0
    6.3152    6.8423    4.5000 H   0  0  0  0  0  0  0  0  0  0  0  0
    7.5616    4.5000    5.2760 H   0  0  0  0  0  0  0  0  0  0  0  0
    8.5094    5.9545    4.9846 H   0  0  0  0  0  0  0  0  0  0  0  0
    8.1045    4.6231    7.5960 H   0  0  0  0  0  0  0  0  0  0  0  0
    9.1396    5.9929    7.2209 H   0  0  0  0  0  0  0  0  0  0  0  0
    7.5464    7.1722    8.5761 H   0  0  0  0  0  0  0  0  0  0  0  0
    6.2781    5.9914    8.2374 H   0  0  0  0  0  0  0  0  0  0  0  0
  1 10  1  0  0  0  0
  2  1  1  0  0  0  0
  2 13  1  0  0  0  0
  3 15  1  0  0  0  0
  3  4  1  0  0  0  0
  3  2  1  0  0  0  0
  4  5  1  0  0  0  0
  4  9  1  0  0  0  0
  5 16  1  0  0  0  0
  5  1  1  0  0  0  0
  6  7  1  0  0  0  0
  6 18  1  0  0  0  0
  6  4  1  0  0  0  0
  7  8  1  0  0  0  0
  8 23  1  0  0  0  0
  8 22  1  0  0  0  0
  8  9  1  0  0  0  0
  9 25  1  0  0  0  0
  9 24  1  0  0  0  0
 11  1  1  0  0  0  0
 12  2  1  0  0  0  0
 14  3  1  0  0  0  0
 17  5  1  0  0  0  0
 19  6  1  0  0  0  0
 20  7  1  0  0  0  0
 21  7  1  0  0  0  0
M  END
