Lattice="13.46852915 0.0 0.0 0.0 12.604696239999999 0.0 0.0 0.0 13.32115362" Properties=species:S:1:pos:R:3:GW_charged:R:1:dKS_charged:R:1:dKS_neutral:R:1 pbc="T T T"
 OpenBabel12102409263D
Lattice="13.46852915 0.0 0.0 0.0 12.604696239999999 0.0 0.0 0.0 13.32115362" Properties=species:S:1:pos:R:3:GW_charged:R:1:dKS_charged:R:1:dKS_neutral:R:1 pbc="T T T"
 18 17  0  0  0  0  0  0  0  0999 V2000
    6.4587    7.6888    6.6634 C   0  0  0  0  0  0  0  0  0  0  0  0
    6.4902    6.1505    6.6570 C   0  0  0  0  0  0  0  0  0  0  0  0
    7.2265    5.6338    7.9055 C   0  0  0  0  0  0  0  0  0  0  0  0
    5.0543    5.5999    6.6338 C   0  0  0  0  0  0  0  0  0  0  0  0
    7.1993    5.6487    5.3885 C   0  0  0  0  0  0  0  0  0  0  0  0
    8.5468    6.1342    5.3589 O   0  0  0  0  0  0  0  0  0  0  0  0
    7.4738    8.1047    6.6483 H   0  0  0  0  0  0  0  0  0  0  0  0
    5.9208    8.0779    5.7862 H   0  0  0  0  0  0  0  0  0  0  0  0
    5.9479    8.0621    7.5625 H   0  0  0  0  0  0  0  0  0  0  0  0
    6.7259    5.9796    8.8212 H   0  0  0  0  0  0  0  0  0  0  0  0
    7.2449    4.5341    7.9280 H   0  0  0  0  0  0  0  0  0  0  0  0
    8.2643    5.9890    7.9271 H   0  0  0  0  0  0  0  0  0  0  0  0
    4.5027    5.9503    5.7489 H   0  0  0  0  0  0  0  0  0  0  0  0
    5.0446    4.5000    6.6255 H   0  0  0  0  0  0  0  0  0  0  0  0
    4.5000    5.9305    7.5233 H   0  0  0  0  0  0  0  0  0  0  0  0
    7.1859    4.5424    5.3810 H   0  0  0  0  0  0  0  0  0  0  0  0
    6.6413    6.0000    4.5000 H   0  0  0  0  0  0  0  0  0  0  0  0
    8.9685    5.8043    4.5529 H   0  0  0  0  0  0  0  0  0  0  0  0
  1  9  1  0  0  0  0
  2  1  1  0  0  0  0
  2  3  1  0  0  0  0
  3 12  1  0  0  0  0
  3 11  1  0  0  0  0
  3 10  1  0  0  0  0
  4  2  1  0  0  0  0
  4 15  1  0  0  0  0
  5  2  1  0  0  0  0
  6  5  1  0  0  0  0
  7  1  1  0  0  0  0
  8  1  1  0  0  0  0
 13  4  1  0  0  0  0
 14  4  1  0  0  0  0
 16  5  1  0  0  0  0
 17  5  1  0  0  0  0
 18  6  1  0  0  0  0
M  END
