Lattice="14.22024596 0.0 0.0 0.0 13.93977198 0.0 0.0 0.0 13.07491726" Properties=species:S:1:pos:R:3:GW_charged:R:1:dKS_charged:R:1:dKS_neutral:R:1 pbc="T T T"
 OpenBabel12102409393D
Lattice="14.22024596 0.0 0.0 0.0 13.93977198 0.0 0.0 0.0 13.07491726" Properties=species:S:1:pos:R:3:GW_charged:R:1:dKS_charged:R:1:dKS_neutral:R:1 pbc="T T T"
 19 19  0  0  0  0  0  0  0  0999 V2000
    8.7160    8.8431    6.9583 C   0  0  0  0  0  0  0  0  0  0  0  0
    8.7231    7.3737    6.5056 C   0  0  0  0  0  0  0  0  0  0  0  0
    7.3778    6.7152    6.5743 C   0  0  0  0  0  0  0  0  0  0  0  0
    6.6539    6.2530    5.5424 C   0  0  0  0  0  0  0  0  0  0  0  0
    5.3692    5.5978    5.9773 C   0  0  0  0  0  0  0  0  0  0  0  0
    5.2466    6.0252    7.4609 C   0  0  0  0  0  0  0  0  0  0  0  0
    6.6754    6.4318    7.8881 C   0  0  0  0  0  0  0  0  0  0  0  0
    9.7202    9.2820    6.8833 H   0  0  0  0  0  0  0  0  0  0  0  0
    8.0366    9.4398    6.3346 H   0  0  0  0  0  0  0  0  0  0  0  0
    8.3877    8.9454    8.0016 H   0  0  0  0  0  0  0  0  0  0  0  0
    9.1058    7.3091    5.4761 H   0  0  0  0  0  0  0  0  0  0  0  0
    9.4328    6.8105    7.1369 H   0  0  0  0  0  0  0  0  0  0  0  0
    6.9739    6.2953    4.5000 H   0  0  0  0  0  0  0  0  0  0  0  0
    4.5000    5.9081    5.3781 H   0  0  0  0  0  0  0  0  0  0  0  0
    5.4368    4.5000    5.8699 H   0  0  0  0  0  0  0  0  0  0  0  0
    4.5836    6.8992    7.5330 H   0  0  0  0  0  0  0  0  0  0  0  0
    4.8168    5.2413    8.0973 H   0  0  0  0  0  0  0  0  0  0  0  0
    7.1980    5.6155    8.4199 H   0  0  0  0  0  0  0  0  0  0  0  0
    6.6779    7.2912    8.5749 H   0  0  0  0  0  0  0  0  0  0  0  0
  1 10  1  0  0  0  0
  2  3  1  0  0  0  0
  2  1  1  0  0  0  0
  2 12  1  0  0  0  0
  3  7  1  0  0  0  0
  4  5  1  0  0  0  0
  4  3  2  0  0  0  0
  5  6  1  0  0  0  0
  6 16  1  0  0  0  0
  6  7  1  0  0  0  0
  6 17  1  0  0  0  0
  7 18  1  0  0  0  0
  7 19  1  0  0  0  0
  8  1  1  0  0  0  0
  9  1  1  0  0  0  0
 11  2  1  0  0  0  0
 13  4  1  0  0  0  0
 14  5  1  0  0  0  0
 15  5  1  0  0  0  0
M  END
