Lattice="12.997836490000001 0.0 0.0 0.0 14.26045262 0.0 0.0 0.0 13.26814804" Properties=species:S:1:pos:R:3:GW_charged:R:1:dKS_charged:R:1:dKS_neutral:R:1 pbc="T T T"
 OpenBabel12102411063D
Lattice="12.997836490000001 0.0 0.0 0.0 14.26045262 0.0 0.0 0.0 13.26814804" Properties=species:S:1:pos:R:3:GW_charged:R:1:dKS_charged:R:1:dKS_neutral:R:1 pbc="T T T"
 21 23  0  0  1  0  0  0  0  0999 V2000
    5.2614    9.1885    6.5056 C   0  0  0  0  0  0  0  0  0  0  0  0
    6.6038    8.4883    6.4542 C   0  0  1  0  0  0  0  0  0  0  0  0
    7.4392    7.9110    7.6021 C   0  0  0  0  0  0  0  0  0  0  0  0
    6.7696    6.5287    7.8267 C   0  0  1  0  0  0  0  0  0  0  0  0
    5.2969    6.9563    7.7999 C   0  0  0  0  0  0  0  0  0  0  0  0
    5.2915    7.6893    6.4470 C   0  0  1  0  0  0  0  0  0  0  0  0
    5.1951    6.7049    5.3362 C   0  0  0  0  0  0  0  0  0  0  0  0
    6.0213    5.6522    5.4731 C   0  0  0  0  0  0  0  0  0  0  0  0
    6.9904    5.5295    6.6392 C   0  0  0  0  0  0  0  0  0  0  0  0
    4.9101    9.6314    7.4393 H   0  0  0  0  0  0  0  0  0  0  0  0
    4.9921    9.7605    5.6160 H   0  0  0  0  0  0  0  0  0  0  0  0
    7.1084    8.5676    5.4917 H   0  0  0  0  0  0  0  0  0  0  0  0
    8.4978    7.8383    7.3163 H   0  0  0  0  0  0  0  0  0  0  0  0
    7.3909    8.5097    8.5265 H   0  0  0  0  0  0  0  0  0  0  0  0
    7.0893    6.0536    8.7681 H   0  0  0  0  0  0  0  0  0  0  0  0
    4.5820    6.1241    7.8125 H   0  0  0  0  0  0  0  0  0  0  0  0
    5.0630    7.6286    8.6389 H   0  0  0  0  0  0  0  0  0  0  0  0
    4.5000    6.8056    4.5000 H   0  0  0  0  0  0  0  0  0  0  0  0
    6.0135    4.8346    4.7490 H   0  0  0  0  0  0  0  0  0  0  0  0
    8.0249    5.6243    6.2627 H   0  0  0  0  0  0  0  0  0  0  0  0
    6.9257    4.5000    7.0284 H   0  0  0  0  0  0  0  0  0  0  0  0
  1 10  1  0  0  0  0
  2 12  1  6  0  0  0
  2  1  1  0  0  0  0
  2  3  1  0  0  0  0
  3  4  1  0  0  0  0
  3 14  1  0  0  0  0
  4 15  1  1  0  0  0
  5 16  1  0  0  0  0
  5  4  1  0  0  0  0
  5 17  1  0  0  0  0
  6  7  1  6  0  0  0
  6  2  1  0  0  0  0
  6  1  1  0  0  0  0
  6  5  1  0  0  0  0
  7  8  2  0  0  0  0
  8  9  1  0  0  0  0
  9 21  1  0  0  0  0
  9  4  1  0  0  0  0
 11  1  1  0  0  0  0
 13  3  1  0  0  0  0
 18  7  1  0  0  0  0
 19  8  1  0  0  0  0
 20  9  1  0  0  0  0
M  END
