Lattice="13.057281159999999 0.0 0.0 0.0 14.32942852 0.0 0.0 0.0 13.123343890000001" Properties=species:S:1:pos:R:3:GW_charged:R:1:dKS_charged:R:1:dKS_neutral:R:1 pbc="T T T"
 OpenBabel12102411063D
Lattice="13.057281159999999 0.0 0.0 0.0 14.32942852 0.0 0.0 0.0 13.123343890000001" Properties=species:S:1:pos:R:3:GW_charged:R:1:dKS_charged:R:1:dKS_neutral:R:1 pbc="T T T"
 21 23  0  0  1  0  0  0  0  0999 V2000
    5.0439    8.9305    6.2765 C   0  0  0  0  0  0  0  0  0  0  0  0
    6.2962    8.4029    5.5990 C   0  0  1  0  0  0  0  0  0  0  0  0
    7.5506    7.9638    6.3557 C   0  0  0  0  0  0  0  0  0  0  0  0
    7.5556    6.5460    6.9297 C   0  0  2  0  0  0  0  0  0  0  0  0
    6.9667    5.4962    5.9446 C   0  0  0  0  0  0  0  0  0  0  0  0
    5.6100    5.6055    6.6915 C   0  0  1  0  0  0  0  0  0  0  0  0
    6.3777    6.2272    7.8923 C   0  0  0  0  0  0  0  0  0  0  0  0
    4.6217    6.4303    6.0845 O   0  0  0  0  0  0  0  0  0  0  0  0
    4.9760    7.6522    5.4807 C   0  0  1  0  0  0  0  0  0  0  0  0
    4.9904    8.8170    7.3585 H   0  0  0  0  0  0  0  0  0  0  0  0
    4.5623    9.8294    5.8927 H   0  0  0  0  0  0  0  0  0  0  0  0
    6.5407    8.9206    4.6696 H   0  0  0  0  0  0  0  0  0  0  0  0
    8.3955    8.0351    5.6532 H   0  0  0  0  0  0  0  0  0  0  0  0
    7.7658    8.6834    7.1623 H   0  0  0  0  0  0  0  0  0  0  0  0
    8.5573    6.3251    7.3251 H   0  0  0  0  0  0  0  0  0  0  0  0
    6.9636    5.7451    4.8751 H   0  0  0  0  0  0  0  0  0  0  0  0
    7.4093    4.5000    6.0750 H   0  0  0  0  0  0  0  0  0  0  0  0
    5.0769    4.6670    6.8897 H   0  0  0  0  0  0  0  0  0  0  0  0
    6.6464    5.4524    8.6233 H   0  0  0  0  0  0  0  0  0  0  0  0
    5.8955    7.0551    8.4279 H   0  0  0  0  0  0  0  0  0  0  0  0
    4.5000    7.7143    4.5000 H   0  0  0  0  0  0  0  0  0  0  0  0
  1 10  1  0  0  0  0
  2 12  1  6  0  0  0
  2  1  1  0  0  0  0
  2  3  1  0  0  0  0
  3  4  1  0  0  0  0
  3 14  1  0  0  0  0
  4 15  1  1  0  0  0
  4  7  1  0  0  0  0
  5 17  1  0  0  0  0
  5  6  1  0  0  0  0
  5  4  1  0  0  0  0
  6 18  1  1  0  0  0
  6  7  1  0  0  0  0
  7 20  1  0  0  0  0
  7 19  1  0  0  0  0
  8  6  1  0  0  0  0
  9 21  1  6  0  0  0
  9  2  1  0  0  0  0
  9  8  1  0  0  0  0
  9  1  1  0  0  0  0
 11  1  1  0  0  0  0
 13  3  1  0  0  0  0
 16  5  1  0  0  0  0
M  END
