Lattice="13.380271950000001 0.0 0.0 0.0 14.81261023 0.0 0.0 0.0 12.62814741" Properties=species:S:1:pos:R:3:GW_charged:R:1:dKS_charged:R:1:dKS_neutral:R:1 pbc="T T T"
 OpenBabel12102409263D
Lattice="13.380271950000001 0.0 0.0 0.0 14.81261023 0.0 0.0 0.0 12.62814741" Properties=species:S:1:pos:R:3:GW_charged:R:1:dKS_charged:R:1:dKS_neutral:R:1 pbc="T T T"
 17 16  0  0  1  0  0  0  0  0999 V2000
    7.9127    9.7805    6.1327 C   0  0  0  0  0  0  0  0  0  0  0  0
    7.7050    8.2708    6.1988 C   0  0  1  0  0  0  0  0  0  0  0  0
    7.8637    7.7767    7.5383 O   0  0  0  0  0  0  0  0  0  0  0  0
    6.3458    7.8473    5.5954 C   0  0  0  0  0  0  0  0  0  0  0  0
    6.2467    6.3309    5.4544 C   0  0  0  0  0  0  0  0  0  0  0  0
    5.5403    5.5760    6.5547 C   0  0  0  0  0  0  0  0  0  0  0  0
    6.7577    5.7680    4.5000 O   0  0  0  0  0  0  0  0  0  0  0  0
    8.8803   10.0497    6.5754 H   0  0  0  0  0  0  0  0  0  0  0  0
    7.8955   10.1388    5.0946 H   0  0  0  0  0  0  0  0  0  0  0  0
    7.1193   10.3126    6.6817 H   0  0  0  0  0  0  0  0  0  0  0  0
    8.4985    7.7656    5.6276 H   0  0  0  0  0  0  0  0  0  0  0  0
    7.3390    8.3422    8.1281 H   0  0  0  0  0  0  0  0  0  0  0  0
    5.5330    8.2523    6.2191 H   0  0  0  0  0  0  0  0  0  0  0  0
    6.2598    8.2758    4.5872 H   0  0  0  0  0  0  0  0  0  0  0  0
    4.5000    5.9219    6.6503 H   0  0  0  0  0  0  0  0  0  0  0  0
    5.5592    4.5000    6.3561 H   0  0  0  0  0  0  0  0  0  0  0  0
    6.0387    5.7952    7.5112 H   0  0  0  0  0  0  0  0  0  0  0  0
  1  2  1  0  0  0  0
  1  8  1  0  0  0  0
  1 10  1  0  0  0  0
  2 11  1  6  0  0  0
  2  3  1  0  0  0  0
  3 12  1  0  0  0  0
  4  2  1  0  0  0  0
  4 13  1  0  0  0  0
  5  4  1  0  0  0  0
  5  6  1  0  0  0  0
  6 15  1  0  0  0  0
  6 17  1  0  0  0  0
  7  5  2  0  0  0  0
  9  1  1  0  0  0  0
 14  4  1  0  0  0  0
 16  6  1  0  0  0  0
M  END
