Lattice="15.48926525 0.0 0.0 0.0 12.9478627 0.0 0.0 0.0 14.34428658" Properties=species:S:1:pos:R:3:GW_charged:R:1:dKS_charged:R:1:dKS_neutral:R:1 pbc="T T T"
 OpenBabel12102411083D
Lattice="15.48926525 0.0 0.0 0.0 12.9478627 0.0 0.0 0.0 14.34428658" Properties=species:S:1:pos:R:3:GW_charged:R:1:dKS_charged:R:1:dKS_neutral:R:1 pbc="T T T"
 25 25  0  0  1  0  0  0  0  0999 V2000
    6.7338    7.8728    7.3673 C   0  0  0  0  0  0  0  0  0  0  0  0
    6.6530    6.3795    7.7303 C   0  0  0  0  0  0  0  0  0  0  0  0
    6.9708    6.1833    9.2254 C   0  0  0  0  0  0  0  0  0  0  0  0
    5.2140    5.8836    7.4842 C   0  0  0  0  0  0  0  0  0  0  0  0
    7.5819    5.5262    6.8197 C   0  0  0  0  0  0  0  0  0  0  0  0
    9.0130    5.9733    6.5557 C   0  0  1  0  0  0  0  0  0  0  0  0
    9.9698    6.1528    7.7142 C   0  0  0  0  0  0  0  0  0  0  0  0
    9.5821    5.6437    5.2336 C   0  0  0  0  0  0  0  0  0  0  0  0
    9.1534    6.9834    5.5176 O   0  0  0  0  0  0  0  0  0  0  0  0
    7.7270    8.2944    7.5704 H   0  0  0  0  0  0  0  0  0  0  0  0
    6.5238    8.0362    6.3016 H   0  0  0  0  0  0  0  0  0  0  0  0
    6.0010    8.4479    7.9517 H   0  0  0  0  0  0  0  0  0  0  0  0
    6.2240    6.7016    9.8443 H   0  0  0  0  0  0  0  0  0  0  0  0
    6.9470    5.1182    9.4996 H   0  0  0  0  0  0  0  0  0  0  0  0
    7.9544    6.5790    9.5044 H   0  0  0  0  0  0  0  0  0  0  0  0
    4.9135    6.0390    6.4381 H   0  0  0  0  0  0  0  0  0  0  0  0
    5.1166    4.8104    7.7066 H   0  0  0  0  0  0  0  0  0  0  0  0
    4.5000    6.4228    8.1231 H   0  0  0  0  0  0  0  0  0  0  0  0
    7.6171    4.5000    7.2255 H   0  0  0  0  0  0  0  0  0  0  0  0
    7.0995    5.4477    5.8333 H   0  0  0  0  0  0  0  0  0  0  0  0
    9.9739    5.2638    8.3603 H   0  0  0  0  0  0  0  0  0  0  0  0
   10.9893    6.3207    7.3460 H   0  0  0  0  0  0  0  0  0  0  0  0
    9.6915    7.0167    8.3311 H   0  0  0  0  0  0  0  0  0  0  0  0
   10.6639    5.5104    5.1306 H   0  0  0  0  0  0  0  0  0  0  0  0
    8.9741    5.1041    4.5000 H   0  0  0  0  0  0  0  0  0  0  0  0
  1 10  1  0  0  0  0
  1  2  1  0  0  0  0
  1 12  1  0  0  0  0
  2  3  1  0  0  0  0
  3 14  1  0  0  0  0
  3 15  1  0  0  0  0
  3 13  1  0  0  0  0
  4 17  1  0  0  0  0
  4  2  1  0  0  0  0
  4 18  1  0  0  0  0
  5 19  1  0  0  0  0
  5  2  1  0  0  0  0
  6  5  1  1  0  0  0
  6  7  1  0  0  0  0
  7 23  1  0  0  0  0
  7 21  1  0  0  0  0
  8  9  1  0  0  0  0
  8  6  1  0  0  0  0
  9  6  1  0  0  0  0
 11  1  1  0  0  0  0
 16  4  1  0  0  0  0
 20  5  1  0  0  0  0
 22  7  1  0  0  0  0
 24  8  1  0  0  0  0
 25  8  1  0  0  0  0
M  END
