Lattice="12.18561846 0.0 0.0 0.0 14.71471578 0.0 0.0 0.0 13.02964749" Properties=species:S:1:pos:R:3:GW_charged:R:1:dKS_charged:R:1:dKS_neutral:R:1 pbc="T T T"
 OpenBabel12102409323D
Lattice="12.18561846 0.0 0.0 0.0 14.71471578 0.0 0.0 0.0 13.02964749" Properties=species:S:1:pos:R:3:GW_charged:R:1:dKS_charged:R:1:dKS_neutral:R:1 pbc="T T T"
 17 16  0  0  1  0  0  0  0  0999 V2000
    6.6647    9.7284    6.3814 C   0  0  0  0  0  0  0  0  0  0  0  0
    6.6025    8.2066    6.5071 C   0  0  0  0  0  0  0  0  0  0  0  0
    5.1903    7.6546    6.2256 C   0  0  1  0  0  0  0  0  0  0  0  0
    4.7442    8.0303    4.9422 O   0  0  0  0  0  0  0  0  0  0  0  0
    5.1299    6.1321    6.3608 C   0  0  0  0  0  0  0  0  0  0  0  0
    5.5308    5.4916    7.6649 C   0  0  0  0  0  0  0  0  0  0  0  0
    4.7631    5.4725    5.3975 O   0  0  0  0  0  0  0  0  0  0  0  0
    7.6856   10.0940    6.5539 H   0  0  0  0  0  0  0  0  0  0  0  0
    6.3497   10.0496    5.3813 H   0  0  0  0  0  0  0  0  0  0  0  0
    6.0053   10.2147    7.1150 H   0  0  0  0  0  0  0  0  0  0  0  0
    7.2995    7.7377    5.7946 H   0  0  0  0  0  0  0  0  0  0  0  0
    6.9164    7.9007    7.5172 H   0  0  0  0  0  0  0  0  0  0  0  0
    4.5000    8.0673    6.9936 H   0  0  0  0  0  0  0  0  0  0  0  0
    4.5328    7.1782    4.5000 H   0  0  0  0  0  0  0  0  0  0  0  0
    5.2608    6.1112    8.5296 H   0  0  0  0  0  0  0  0  0  0  0  0
    5.0740    4.5000    7.7468 H   0  0  0  0  0  0  0  0  0  0  0  0
    6.6247    5.3680    7.6808 H   0  0  0  0  0  0  0  0  0  0  0  0
  1  2  1  0  0  0  0
  1  8  1  0  0  0  0
  1 10  1  0  0  0  0
  2 12  1  0  0  0  0
  3  5  1  0  0  0  0
  3  2  1  0  0  0  0
  3 13  1  1  0  0  0
  4  3  1  0  0  0  0
  5  6  1  0  0  0  0
  6 17  1  0  0  0  0
  6 16  1  0  0  0  0
  6 15  1  0  0  0  0
  7  5  2  0  0  0  0
  9  1  1  0  0  0  0
 11  2  1  0  0  0  0
 14  4  1  0  0  0  0
M  END
