Lattice="11.95197135 0.0 0.0 0.0 14.82401777 0.0 0.0 0.0 13.105882789999999" Properties=species:S:1:pos:R:3:GW_charged:R:1:dKS_charged:R:1:dKS_neutral:R:1 pbc="T T T"
 OpenBabel12102409263D
Lattice="11.95197135 0.0 0.0 0.0 14.82401777 0.0 0.0 0.0 13.105882789999999" Properties=species:S:1:pos:R:3:GW_charged:R:1:dKS_charged:R:1:dKS_neutral:R:1 pbc="T T T"
 17 18  0  0  1  0  0  0  0  0999 V2000
    5.5238    9.8146    6.5780 C   0  0  0  0  0  0  0  0  0  0  0  0
    5.7232    8.3338    6.5618 C   0  0  1  0  0  0  0  0  0  0  0  0
    6.3024    7.4226    5.4501 C   0  0  0  0  0  0  0  0  0  0  0  0
    5.6816    6.5234    6.5491 C   0  0  1  0  0  0  0  0  0  0  0  0
    5.4144    5.0532    6.5445 C   0  0  0  0  0  0  0  0  0  0  0  0
    6.3556    7.4060    7.6301 C   0  0  0  0  0  0  0  0  0  0  0  0
    4.5000    7.4560    6.5850 O   0  0  0  0  0  0  0  0  0  0  0  0
    6.4968   10.3240    6.5583 H   0  0  0  0  0  0  0  0  0  0  0  0
    4.9454   10.1362    5.7017 H   0  0  0  0  0  0  0  0  0  0  0  0
    4.9887   10.1226    7.4860 H   0  0  0  0  0  0  0  0  0  0  0  0
    5.7558    7.4418    4.5000 H   0  0  0  0  0  0  0  0  0  0  0  0
    7.3940    7.3984    5.3244 H   0  0  0  0  0  0  0  0  0  0  0  0
    6.3630    4.5000    6.5169 H   0  0  0  0  0  0  0  0  0  0  0  0
    4.8657    4.7573    7.4484 H   0  0  0  0  0  0  0  0  0  0  0  0
    4.8219    4.7709    5.6642 H   0  0  0  0  0  0  0  0  0  0  0  0
    7.4520    7.3803    7.7021 H   0  0  0  0  0  0  0  0  0  0  0  0
    5.8559    7.4107    8.6059 H   0  0  0  0  0  0  0  0  0  0  0  0
  1 10  1  0  0  0  0
  2  1  1  1  0  0  0
  2  7  1  0  0  0  0
  2  6  1  0  0  0  0
  3  4  1  0  0  0  0
  3  2  1  0  0  0  0
  4  5  1  6  0  0  0
  4  7  1  0  0  0  0
  4  6  1  0  0  0  0
  5 14  1  0  0  0  0
  6 16  1  0  0  0  0
  6 17  1  0  0  0  0
  8  1  1  0  0  0  0
  9  1  1  0  0  0  0
 11  3  1  0  0  0  0
 12  3  1  0  0  0  0
 13  5  1  0  0  0  0
 15  5  1  0  0  0  0
M  END
