Lattice="14.15828868 0.0 0.0 0.0 13.0101967 0.0 0.0 0.0 12.927462949999999" Properties=species:S:1:pos:R:3:GW_charged:R:1:dKS_charged:R:1:dKS_neutral:R:1 pbc="T T T"
 OpenBabel12102411063D
Lattice="14.15828868 0.0 0.0 0.0 13.0101967 0.0 0.0 0.0 12.927462949999999" Properties=species:S:1:pos:R:3:GW_charged:R:1:dKS_charged:R:1:dKS_neutral:R:1 pbc="T T T"
 21 23  0  0  1  0  0  0  0  0999 V2000
    5.2641    7.2107    5.5263 C   0  0  0  0  0  0  0  0  0  0  0  0
    6.7383    7.7909    5.6399 C   0  0  0  0  0  0  0  0  0  0  0  0
    7.5382    6.4984    5.5436 C   0  0  1  0  0  0  0  0  0  0  0  0
    8.6481    5.7058    6.2968 C   0  0  1  0  0  0  0  0  0  0  0  0
    8.4553    6.0277    7.7841 C   0  0  0  0  0  0  0  0  0  0  0  0
    6.9151    5.8363    7.8176 C   0  0  0  0  0  0  0  0  0  0  0  0
    6.6969    5.5095    6.3201 C   0  0  1  0  0  0  0  0  0  0  0  0
    5.3060    5.6407    5.7505 C   0  0  0  0  0  0  0  0  0  0  0  0
    7.7858    4.5000    6.1173 O   0  0  0  0  0  0  0  0  0  0  0  0
    4.6061    7.6882    6.2630 H   0  0  0  0  0  0  0  0  0  0  0  0
    4.8430    7.4323    4.5380 H   0  0  0  0  0  0  0  0  0  0  0  0
    6.9506    8.5102    4.8400 H   0  0  0  0  0  0  0  0  0  0  0  0
    6.8768    8.3131    6.5960 H   0  0  0  0  0  0  0  0  0  0  0  0
    7.5693    6.1534    4.5000 H   0  0  0  0  0  0  0  0  0  0  0  0
    9.6583    5.5676    5.8964 H   0  0  0  0  0  0  0  0  0  0  0  0
    8.9950    5.3203    8.4245 H   0  0  0  0  0  0  0  0  0  0  0  0
    8.7786    7.0465    8.0399 H   0  0  0  0  0  0  0  0  0  0  0  0
    6.5997    4.9806    8.4275 H   0  0  0  0  0  0  0  0  0  0  0  0
    6.3653    6.7220    8.1629 H   0  0  0  0  0  0  0  0  0  0  0  0
    4.5000    5.2984    6.4125 H   0  0  0  0  0  0  0  0  0  0  0  0
    5.2189    5.1069    4.7955 H   0  0  0  0  0  0  0  0  0  0  0  0
  1  2  1  0  0  0  0
  1  8  1  0  0  0  0
  1 10  1  0  0  0  0
  2 13  1  0  0  0  0
  3 14  1  6  0  0  0
  3  2  1  0  0  0  0
  3  4  1  0  0  0  0
  3  7  1  0  0  0  0
  4 15  1  6  0  0  0
  4  5  1  0  0  0  0
  5  6  1  0  0  0  0
  5 17  1  0  0  0  0
  5 16  1  0  0  0  0
  6 19  1  0  0  0  0
  6 18  1  0  0  0  0
  7  9  1  6  0  0  0
  7  6  1  0  0  0  0
  8  7  1  0  0  0  0
  8 20  1  0  0  0  0
  9  4  1  0  0  0  0
 11  1  1  0  0  0  0
 12  2  1  0  0  0  0
 21  8  1  0  0  0  0
M  END
