Lattice="13.42201911 0.0 0.0 0.0 15.20246266 0.0 0.0 0.0 12.21220645" Properties=species:S:1:pos:R:3:GW_charged:R:1:dKS_charged:R:1:dKS_neutral:R:1 pbc="T T T"
 OpenBabel12102409383D
Lattice="13.42201911 0.0 0.0 0.0 15.20246266 0.0 0.0 0.0 12.21220645" Properties=species:S:1:pos:R:3:GW_charged:R:1:dKS_charged:R:1:dKS_neutral:R:1 pbc="T T T"
 17 17  0  0  1  0  0  0  0  0999 V2000
    8.0001   10.2888    5.6619 C   0  0  0  0  0  0  0  0  0  0  0  0
    7.9810    8.8349    5.6638 C   0  0  0  0  0  0  0  0  0  0  0  0
    7.9729    7.6202    5.6676 C   0  0  0  0  0  0  0  0  0  0  0  0
    7.9541    6.1869    5.6636 C   0  0  1  0  0  0  0  0  0  0  0  0
    7.4467    5.4170    6.8789 C   0  0  0  0  0  0  0  0  0  0  0  0
    6.6319    5.4170    5.6171 C   0  0  1  0  0  0  0  0  0  0  0  0
    5.3122    6.1429    5.5391 C   0  0  0  0  0  0  0  0  0  0  0  0
    8.9220   10.6713    5.1997 H   0  0  0  0  0  0  0  0  0  0  0  0
    7.1513   10.7025    5.0975 H   0  0  0  0  0  0  0  0  0  0  0  0
    7.9504   10.6932    6.6837 H   0  0  0  0  0  0  0  0  0  0  0  0
    8.7827    5.7231    5.1250 H   0  0  0  0  0  0  0  0  0  0  0  0
    7.9870    4.5159    7.1654 H   0  0  0  0  0  0  0  0  0  0  0  0
    7.0838    6.0172    7.7122 H   0  0  0  0  0  0  0  0  0  0  0  0
    6.6838    4.5000    5.0267 H   0  0  0  0  0  0  0  0  0  0  0  0
    5.3383    7.0790    6.1120 H   0  0  0  0  0  0  0  0  0  0  0  0
    5.0621    6.3997    4.5000 H   0  0  0  0  0  0  0  0  0  0  0  0
    4.5000    5.5200    5.9402 H   0  0  0  0  0  0  0  0  0  0  0  0
  1  2  1  0  0  0  0
  1 10  1  0  0  0  0
  2  3  3  0  0  0  0
  4 11  1  6  0  0  0
  4  3  1  0  0  0  0
  4  5  1  0  0  0  0
  5 12  1  0  0  0  0
  5 13  1  0  0  0  0
  6 14  1  6  0  0  0
  6  4  1  0  0  0  0
  6  5  1  0  0  0  0
  7  6  1  0  0  0  0
  7 17  1  0  0  0  0
  7 15  1  0  0  0  0
  8  1  1  0  0  0  0
  9  1  1  0  0  0  0
 16  7  1  0  0  0  0
M  END
