Lattice="12.32014232 0.0 0.0 0.0 14.771622 0.0 0.0 0.0 13.5863195" Properties=species:S:1:pos:R:3:GW_charged:R:1:dKS_charged:R:1:dKS_neutral:R:1 pbc="T T T"
 OpenBabel12102409393D
Lattice="12.32014232 0.0 0.0 0.0 14.771622 0.0 0.0 0.0 13.5863195" Properties=species:S:1:pos:R:3:GW_charged:R:1:dKS_charged:R:1:dKS_neutral:R:1 pbc="T T T"
 17 17  0  0  1  0  0  0  0  0999 V2000
    5.3078    9.6828    8.0853 C   0  0  0  0  0  0  0  0  0  0  0  0
    5.5931    8.2964    8.1347 O   0  0  0  0  0  0  0  0  0  0  0  0
    6.1663    7.7863    6.9219 C   0  0  1  0  0  0  0  0  0  0  0  0
    6.7373    6.3806    7.2025 C   0  0  0  0  0  0  0  0  0  0  0  0
    6.3238    5.4935    6.0048 C   0  0  0  0  0  0  0  0  0  0  0  0
    5.2584    6.3074    5.3194 C   0  0  0  0  0  0  0  0  0  0  0  0
    5.1734    7.5503    5.8058 C   0  0  0  0  0  0  0  0  0  0  0  0
    6.2072   10.2716    7.8239 H   0  0  0  0  0  0  0  0  0  0  0  0
    4.5101    9.9264    7.3608 H   0  0  0  0  0  0  0  0  0  0  0  0
    4.9695    9.9755    9.0863 H   0  0  0  0  0  0  0  0  0  0  0  0
    6.9548    8.4979    6.5977 H   0  0  0  0  0  0  0  0  0  0  0  0
    7.8201    6.3975    7.3719 H   0  0  0  0  0  0  0  0  0  0  0  0
    6.2643    6.0239    8.1276 H   0  0  0  0  0  0  0  0  0  0  0  0
    7.1702    5.3121    5.3212 H   0  0  0  0  0  0  0  0  0  0  0  0
    5.9630    4.5000    6.3109 H   0  0  0  0  0  0  0  0  0  0  0  0
    4.6550    5.9148    4.5000 H   0  0  0  0  0  0  0  0  0  0  0  0
    4.5000    8.3239    5.4381 H   0  0  0  0  0  0  0  0  0  0  0  0
  1  2  1  0  0  0  0
  1 10  1  0  0  0  0
  3 11  1  6  0  0  0
  3  4  1  0  0  0  0
  3  2  1  0  0  0  0
  4 12  1  0  0  0  0
  4 13  1  0  0  0  0
  5 15  1  0  0  0  0
  5  4  1  0  0  0  0
  6  7  2  0  0  0  0
  6  5  1  0  0  0  0
  7  3  1  0  0  0  0
  8  1  1  0  0  0  0
  9  1  1  0  0  0  0
 14  5  1  0  0  0  0
 16  6  1  0  0  0  0
 17  7  1  0  0  0  0
M  END
