Lattice="13.53507363 0.0 0.0 0.0 14.58592046 0.0 0.0 0.0 15.519230929999999" Properties=species:S:1:pos:R:3:GW_charged:R:1:dKS_charged:R:1:dKS_neutral:R:1 pbc="T T T"
 OpenBabel12102409443D
Lattice="13.53507363 0.0 0.0 0.0 14.58592046 0.0 0.0 0.0 15.519230929999999" Properties=species:S:1:pos:R:3:GW_charged:R:1:dKS_charged:R:1:dKS_neutral:R:1 pbc="T T T"
 21 21  0  0  0  0  0  0  0  0999 V2000
    5.2693    9.5579    5.4222 C   0  0  0  0  0  0  0  0  0  0  0  0
    5.4724    8.0425    5.3795 C   0  0  0  0  0  0  0  0  0  0  0  0
    6.1378    7.4859    6.6405 C   0  0  0  0  0  0  0  0  0  0  0  0
    6.3423    5.9621    6.5989 C   0  0  0  0  0  0  0  0  0  0  0  0
    6.9863    5.4125    7.8348 C   0  0  0  0  0  0  0  0  0  0  0  0
    8.2388    4.8776    7.9500 C   0  0  0  0  0  0  0  0  0  0  0  0
    8.4987    4.5000    9.2410 O   0  0  0  0  0  0  0  0  0  0  0  0
    7.3806    4.8056    9.9643 C   0  0  0  0  0  0  0  0  0  0  0  0
    6.4308    5.3630    9.1615 C   0  0  0  0  0  0  0  0  0  0  0  0
    6.2276   10.0859    5.5331 H   0  0  0  0  0  0  0  0  0  0  0  0
    4.7911    9.9276    4.5050 H   0  0  0  0  0  0  0  0  0  0  0  0
    4.6328    9.8515    6.2697 H   0  0  0  0  0  0  0  0  0  0  0  0
    4.5000    7.5437    5.2319 H   0  0  0  0  0  0  0  0  0  0  0  0
    6.0824    7.7768    4.5000 H   0  0  0  0  0  0  0  0  0  0  0  0
    7.1151    7.9724    6.7932 H   0  0  0  0  0  0  0  0  0  0  0  0
    5.5306    7.7480    7.5228 H   0  0  0  0  0  0  0  0  0  0  0  0
    5.3661    5.4726    6.4440 H   0  0  0  0  0  0  0  0  0  0  0  0
    6.9564    5.7002    5.7231 H   0  0  0  0  0  0  0  0  0  0  0  0
    9.0351    4.6973    7.2376 H   0  0  0  0  0  0  0  0  0  0  0  0
    7.4215    4.5638   11.0192 H   0  0  0  0  0  0  0  0  0  0  0  0
    5.4464    5.6991    9.4704 H   0  0  0  0  0  0  0  0  0  0  0  0
  1 10  1  0  0  0  0
  1 12  1  0  0  0  0
  2  1  1  0  0  0  0
  2  3  1  0  0  0  0
  3 15  1  0  0  0  0
  3 16  1  0  0  0  0
  4  3  1  0  0  0  0
  4  5  1  0  0  0  0
  5  6  2  0  0  0  0
  5  9  1  0  0  0  0
  6  7  1  0  0  0  0
  7  8  1  0  0  0  0
  8 20  1  0  0  0  0
  9 21  1  0  0  0  0
  9  8  2  0  0  0  0
 11  1  1  0  0  0  0
 13  2  1  0  0  0  0
 14  2  1  0  0  0  0
 17  4  1  0  0  0  0
 18  4  1  0  0  0  0
 19  6  1  0  0  0  0
M  END
