Lattice="12.85698142 0.0 0.0 0.0 13.5647015 0.0 0.0 0.0 14.22923085" Properties=species:S:1:pos:R:3:GW_charged:R:1:dKS_charged:R:1:dKS_neutral:R:1 pbc="T T T"
 OpenBabel12102411053D
Lattice="12.85698142 0.0 0.0 0.0 13.5647015 0.0 0.0 0.0 14.22923085" Properties=species:S:1:pos:R:3:GW_charged:R:1:dKS_charged:R:1:dKS_neutral:R:1 pbc="T T T"
 21 23  0  0  1  0  0  0  0  0999 V2000
    5.5893    8.3687    7.4987 C   0  0  0  0  0  0  0  0  0  0  0  0
    7.1102    8.2009    7.7843 C   0  0  1  0  0  0  0  0  0  0  0  0
    6.6762    7.0892    8.7837 C   0  0  0  0  0  0  0  0  0  0  0  0
    5.4323    6.8637    7.8721 C   0  0  2  0  0  0  0  0  0  0  0  0
    5.7073    5.8934    6.6733 C   0  0  1  0  0  0  0  0  0  0  0  0
    6.0816    6.6318    5.3528 C   0  0  0  0  0  0  0  0  0  0  0  0
    7.5490    6.6528    5.8717 C   0  0  2  0  0  0  0  0  0  0  0  0
    7.1685    5.3523    6.6379 C   0  0  0  0  0  0  0  0  0  0  0  0
    7.9174    7.7769    6.6795 O   0  0  0  0  0  0  0  0  0  0  0  0
    5.1491    9.0025    8.2803 H   0  0  0  0  0  0  0  0  0  0  0  0
    5.2617    8.7466    6.5258 H   0  0  0  0  0  0  0  0  0  0  0  0
    7.6572    9.0647    8.1818 H   0  0  0  0  0  0  0  0  0  0  0  0
    7.3649    6.2707    9.0124 H   0  0  0  0  0  0  0  0  0  0  0  0
    6.3746    7.5599    9.7292 H   0  0  0  0  0  0  0  0  0  0  0  0
    4.5000    6.5761    8.3743 H   0  0  0  0  0  0  0  0  0  0  0  0
    4.9049    5.1477    6.6096 H   0  0  0  0  0  0  0  0  0  0  0  0
    6.0164    5.9427    4.5000 H   0  0  0  0  0  0  0  0  0  0  0  0
    5.5951    7.5707    5.0731 H   0  0  0  0  0  0  0  0  0  0  0  0
    8.3570    6.5961    5.1319 H   0  0  0  0  0  0  0  0  0  0  0  0
    7.6982    5.0949    7.5596 H   0  0  0  0  0  0  0  0  0  0  0  0
    7.2419    4.5000    5.9489 H   0  0  0  0  0  0  0  0  0  0  0  0
  1  2  1  0  0  0  0
  1  4  1  0  0  0  0
  1 10  1  0  0  0  0
  2 12  1  1  0  0  0
  2  3  1  0  0  0  0
  3 13  1  0  0  0  0
  3 14  1  0  0  0  0
  4 15  1  1  0  0  0
  4  3  1  0  0  0  0
  5 16  1  6  0  0  0
  5  4  1  0  0  0  0
  6  7  1  0  0  0  0
  6  5  1  0  0  0  0
  7 19  1  6  0  0  0
  7  8  1  0  0  0  0
  7  9  1  0  0  0  0
  8  5  1  0  0  0  0
  8 20  1  0  0  0  0
  9  2  1  0  0  0  0
 11  1  1  0  0  0  0
 17  6  1  0  0  0  0
 18  6  1  0  0  0  0
 21  8  1  0  0  0  0
M  END
