Lattice="13.471660570000001 0.0 0.0 0.0 15.80434034 0.0 0.0 0.0 11.08181974" Properties=species:S:1:pos:R:3:GW_charged:R:1:dKS_charged:R:1:dKS_neutral:R:1 pbc="T T T"
 OpenBabel12102409393D
Lattice="13.471660570000001 0.0 0.0 0.0 15.80434034 0.0 0.0 0.0 11.08181974" Properties=species:S:1:pos:R:3:GW_charged:R:1:dKS_charged:R:1:dKS_neutral:R:1 pbc="T T T"
 17 16  0  0  0  0  0  0  0  0999 V2000
    7.9414   10.8655    5.3645 C   0  0  0  0  0  0  0  0  0  0  0  0
    7.9081    9.3368    5.4065 C   0  0  0  0  0  0  0  0  0  0  0  0
    6.4935    8.7936    5.5207 C   0  0  0  0  0  0  0  0  0  0  0  0
    6.5435    7.3693    5.5538 O   0  0  0  0  0  0  0  0  0  0  0  0
    5.2677    6.7787    5.6593 C   0  0  0  0  0  0  0  0  0  0  0  0
    5.4288    5.2720    5.6860 C   0  0  0  0  0  0  0  0  0  0  0  0
    4.5000    4.5000    5.7721 O   0  0  0  0  0  0  0  0  0  0  0  0
    8.9717   11.2343    5.2820 H   0  0  0  0  0  0  0  0  0  0  0  0
    7.3803   11.2585    4.5045 H   0  0  0  0  0  0  0  0  0  0  0  0
    7.5055   11.3043    6.2735 H   0  0  0  0  0  0  0  0  0  0  0  0
    8.3720    8.9196    4.5000 H   0  0  0  0  0  0  0  0  0  0  0  0
    8.4965    8.9652    6.2588 H   0  0  0  0  0  0  0  0  0  0  0  0
    6.0031    9.1728    6.4397 H   0  0  0  0  0  0  0  0  0  0  0  0
    5.8771    9.1270    4.6616 H   0  0  0  0  0  0  0  0  0  0  0  0
    4.7373    7.0922    6.5818 H   0  0  0  0  0  0  0  0  0  0  0  0
    4.6114    7.0471    4.8060 H   0  0  0  0  0  0  0  0  0  0  0  0
    6.4904    4.9238    5.6188 H   0  0  0  0  0  0  0  0  0  0  0  0
  1  2  1  0  0  0  0
  1 10  1  0  0  0  0
  2  3  1  0  0  0  0
  2 12  1  0  0  0  0
  3  4  1  0  0  0  0
  3 13  1  0  0  0  0
  4  5  1  0  0  0  0
  5  6  1  0  0  0  0
  5 15  1  0  0  0  0
  6  7  2  0  0  0  0
  8  1  1  0  0  0  0
  9  1  1  0  0  0  0
 11  2  1  0  0  0  0
 14  3  1  0  0  0  0
 16  5  1  0  0  0  0
 17  6  1  0  0  0  0
M  END
