Lattice="12.948414960000001 0.0 0.0 0.0 14.2588796 0.0 0.0 0.0 12.19455029" Properties=species:S:1:pos:R:3:GW_charged:R:1:dKS_charged:R:1:dKS_neutral:R:1 pbc="T T T"
 OpenBabel12102409383D
Lattice="12.948414960000001 0.0 0.0 0.0 14.2588796 0.0 0.0 0.0 12.19455029" Properties=species:S:1:pos:R:3:GW_charged:R:1:dKS_charged:R:1:dKS_neutral:R:1 pbc="T T T"
 17 17  0  0  0  0  0  0  0  0999 V2000
    4.5000    4.7730    7.6946 O   0  0  0  0  0  0  0  0  0  0  0  0
    5.1711    4.8787    6.6893 C   0  0  0  0  0  0  0  0  0  0  0  0
    6.5283    5.5284    6.6155 C   0  0  0  0  0  0  0  0  0  0  0  0
    6.5061    6.7575    5.7023 C   0  0  0  0  0  0  0  0  0  0  0  0
    5.7745    8.0445    6.1770 C   0  0  0  0  0  0  0  0  0  0  0  0
    6.9118    8.8751    5.5269 C   0  0  0  0  0  0  0  0  0  0  0  0
    7.8008    7.6035    5.5525 C   0  0  0  0  0  0  0  0  0  0  0  0
    4.7798    4.5000    5.7067 H   0  0  0  0  0  0  0  0  0  0  0  0
    6.8572    5.7929    7.6304 H   0  0  0  0  0  0  0  0  0  0  0  0
    7.2352    4.7882    6.1993 H   0  0  0  0  0  0  0  0  0  0  0  0
    6.1390    6.4709    4.7034 H   0  0  0  0  0  0  0  0  0  0  0  0
    4.7458    8.2078    5.8327 H   0  0  0  0  0  0  0  0  0  0  0  0
    5.7901    8.1242    7.2733 H   0  0  0  0  0  0  0  0  0  0  0  0
    6.6611    9.1729    4.5000 H   0  0  0  0  0  0  0  0  0  0  0  0
    7.2715    9.7589    6.0673 H   0  0  0  0  0  0  0  0  0  0  0  0
    8.4096    7.5576    6.4669 H   0  0  0  0  0  0  0  0  0  0  0  0
    8.4484    7.3992    4.6903 H   0  0  0  0  0  0  0  0  0  0  0  0
  2  1  2  0  0  0  0
  3  2  1  0  0  0  0
  3  9  1  0  0  0  0
  4  5  1  0  0  0  0
  4  3  1  0  0  0  0
  5 13  1  0  0  0  0
  6  7  1  0  0  0  0
  6 15  1  0  0  0  0
  6  5  1  0  0  0  0
  7  4  1  0  0  0  0
  7 16  1  0  0  0  0
  8  2  1  0  0  0  0
 10  3  1  0  0  0  0
 11  4  1  0  0  0  0
 12  5  1  0  0  0  0
 14  6  1  0  0  0  0
 17  7  1  0  0  0  0
M  END
