Lattice="14.11911337 0.0 0.0 0.0 13.171433610000001 0.0 0.0 0.0 13.89140174" Properties=species:S:1:pos:R:3:GW_charged:R:1:dKS_charged:R:1:dKS_neutral:R:1 pbc="T T T"
 OpenBabel12102411053D
Lattice="14.11911337 0.0 0.0 0.0 13.171433610000001 0.0 0.0 0.0 13.89140174" Properties=species:S:1:pos:R:3:GW_charged:R:1:dKS_charged:R:1:dKS_neutral:R:1 pbc="T T T"
 21 23  0  0  1  0  0  0  0  0999 V2000
    5.4111    7.5554    5.5169 C   0  0  0  0  0  0  0  0  0  0  0  0
    6.6812    7.9149    6.3284 C   0  0  0  0  0  0  0  0  0  0  0  0
    6.6698    6.4774    6.9392 C   0  0  0  0  0  0  0  0  0  0  0  0
    5.1864    6.3649    6.4845 C   0  0  0  0  0  0  0  0  0  0  0  0
    7.6430    5.5057    6.2210 C   0  0  0  0  0  0  0  0  0  0  0  0
    8.8415    5.4159    7.1381 C   0  0  1  0  0  0  0  0  0  0  0  0
    9.3139    6.6958    7.6159 O   0  0  0  0  0  0  0  0  0  0  0  0
    8.4586    5.9037    8.4723 C   0  0  1  0  0  0  0  0  0  0  0  0
    7.0077    6.3243    8.4379 C   0  0  0  0  0  0  0  0  0  0  0  0
    4.6194    8.3115    5.4498 H   0  0  0  0  0  0  0  0  0  0  0  0
    5.6506    7.2174    4.5000 H   0  0  0  0  0  0  0  0  0  0  0  0
    7.5850    8.2161    5.7851 H   0  0  0  0  0  0  0  0  0  0  0  0
    6.4735    8.6714    7.0978 H   0  0  0  0  0  0  0  0  0  0  0  0
    4.5000    6.6298    7.3015 H   0  0  0  0  0  0  0  0  0  0  0  0
    4.8647    5.4038    6.0594 H   0  0  0  0  0  0  0  0  0  0  0  0
    7.1977    4.5000    6.1321 H   0  0  0  0  0  0  0  0  0  0  0  0
    7.9023    5.8387    5.2056 H   0  0  0  0  0  0  0  0  0  0  0  0
    9.6191    4.6640    6.9827 H   0  0  0  0  0  0  0  0  0  0  0  0
    8.9284    5.5452    9.3914 H   0  0  0  0  0  0  0  0  0  0  0  0
    6.8108    7.2476    9.0017 H   0  0  0  0  0  0  0  0  0  0  0  0
    6.3976    5.5252    8.8937 H   0  0  0  0  0  0  0  0  0  0  0  0
  1  2  1  0  0  0  0
  1  4  1  0  0  0  0
  2  3  1  0  0  0  0
  2 13  1  0  0  0  0
  3  9  1  0  0  0  0
  4  3  1  0  0  0  0
  4 14  1  0  0  0  0
  5  3  1  0  0  0  0
  5  6  1  0  0  0  0
  6 18  1  6  0  0  0
  6  7  1  0  0  0  0
  6  8  1  0  0  0  0
  7  8  1  0  0  0  0
  8 19  1  1  0  0  0
  9  8  1  0  0  0  0
  9 21  1  0  0  0  0
  9 20  1  0  0  0  0
 10  1  1  0  0  0  0
 11  1  1  0  0  0  0
 12  2  1  0  0  0  0
 15  4  1  0  0  0  0
 16  5  1  0  0  0  0
 17  5  1  0  0  0  0
M  END
