Lattice="13.93835109 0.0 0.0 0.0 14.43095962 0.0 0.0 0.0 12.7335504" Properties=species:S:1:pos:R:3:GW_charged:R:1:dKS_charged:R:1:dKS_neutral:R:1 pbc="T T T"
 OpenBabel12102411053D
Lattice="13.93835109 0.0 0.0 0.0 14.43095962 0.0 0.0 0.0 12.7335504" Properties=species:S:1:pos:R:3:GW_charged:R:1:dKS_charged:R:1:dKS_neutral:R:1 pbc="T T T"
 21 23  0  0  1  0  0  0  0  0999 V2000
    5.1511    8.4753    6.7565 O   0  0  0  0  0  0  0  0  0  0  0  0
    6.4735    8.9954    6.4649 C   0  0  0  0  0  0  0  0  0  0  0  0
    7.1670    7.8917    5.6807 C   0  0  1  0  0  0  0  0  0  0  0  0
    8.6725    7.5227    5.7742 C   0  0  0  0  0  0  0  0  0  0  0  0
    8.5246    6.0962    6.3612 C   0  0  1  0  0  0  0  0  0  0  0  0
    7.5360    6.3614    7.5252 C   0  0  0  0  0  0  0  0  0  0  0  0
    6.5518    6.6403    6.3492 C   0  0  1  0  0  0  0  0  0  0  0  0
    5.1132    7.0381    6.5433 C   0  0  0  0  0  0  0  0  0  0  0  0
    7.2888    5.5028    5.5991 C   0  0  0  0  0  0  0  0  0  0  0  0
    6.3448    9.9310    5.9031 H   0  0  0  0  0  0  0  0  0  0  0  0
    6.9977    9.2287    7.4097 H   0  0  0  0  0  0  0  0  0  0  0  0
    6.8409    7.9452    4.6301 H   0  0  0  0  0  0  0  0  0  0  0  0
    9.1659    7.5371    4.7936 H   0  0  0  0  0  0  0  0  0  0  0  0
    9.2430    8.1790    6.4469 H   0  0  0  0  0  0  0  0  0  0  0  0
    9.4384    5.5081    6.5048 H   0  0  0  0  0  0  0  0  0  0  0  0
    7.2605    5.4481    8.0677 H   0  0  0  0  0  0  0  0  0  0  0  0
    7.7666    7.1688    8.2336 H   0  0  0  0  0  0  0  0  0  0  0  0
    4.6368    6.5748    7.4195 H   0  0  0  0  0  0  0  0  0  0  0  0
    4.5000    6.8169    5.6514 H   0  0  0  0  0  0  0  0  0  0  0  0
    7.2852    5.5272    4.5000 H   0  0  0  0  0  0  0  0  0  0  0  0
    7.0327    4.5000    5.9632 H   0  0  0  0  0  0  0  0  0  0  0  0
  2  1  1  0  0  0  0
  2 11  1  0  0  0  0
  3 12  1  6  0  0  0
  3  4  1  0  0  0  0
  3  7  1  0  0  0  0
  3  2  1  0  0  0  0
  4  5  1  0  0  0  0
  4 14  1  0  0  0  0
  5 15  1  1  0  0  0
  5  6  1  0  0  0  0
  6 16  1  0  0  0  0
  6 17  1  0  0  0  0
  7  9  1  6  0  0  0
  7  8  1  0  0  0  0
  7  6  1  0  0  0  0
  8  1  1  0  0  0  0
  8 18  1  0  0  0  0
  9 21  1  0  0  0  0
  9  5  1  0  0  0  0
 10  2  1  0  0  0  0
 13  4  1  0  0  0  0
 19  8  1  0  0  0  0
 20  9  1  0  0  0  0
M  END
