Lattice="13.55827583 0.0 0.0 0.0 13.733653610000001 0.0 0.0 0.0 14.331592239999999" Properties=species:S:1:pos:R:3:GW_charged:R:1:dKS_charged:R:1:dKS_neutral:R:1 pbc="T T T"
 OpenBabel12102411073D
Lattice="13.55827583 0.0 0.0 0.0 13.733653610000001 0.0 0.0 0.0 14.331592239999999" Properties=species:S:1:pos:R:3:GW_charged:R:1:dKS_charged:R:1:dKS_neutral:R:1 pbc="T T T"
 23 25  0  0  1  0  0  0  0  0999 V2000
    5.9163    7.6898    5.5431 C   0  0  0  0  0  0  0  0  0  0  0  0
    7.3137    8.2394    5.9254 C   0  0  0  0  0  0  0  0  0  0  0  0
    7.9826    7.1758    6.8401 C   0  0  1  0  0  0  0  0  0  0  0  0
    7.8134    7.4707    8.3418 C   0  0  0  0  0  0  0  0  0  0  0  0
    6.3396    7.5327    8.7521 C   0  0  0  0  0  0  0  0  0  0  0  0
    5.5869    6.2321    8.4132 C   0  0  0  0  0  0  0  0  0  0  0  0
    5.9941    5.5541    7.1140 C   0  0  1  0  0  0  0  0  0  0  0  0
    6.0143    6.1776    5.7309 C   0  0  2  0  0  0  0  0  0  0  0  0
    7.3156    5.8515    6.4405 C   0  0  1  0  0  0  0  0  0  0  0  0
    5.1171    8.1318    6.1569 H   0  0  0  0  0  0  0  0  0  0  0  0
    5.6672    7.9269    4.5000 H   0  0  0  0  0  0  0  0  0  0  0  0
    7.9153    8.3471    5.0112 H   0  0  0  0  0  0  0  0  0  0  0  0
    7.2728    9.2337    6.3945 H   0  0  0  0  0  0  0  0  0  0  0  0
    9.0583    7.1196    6.6206 H   0  0  0  0  0  0  0  0  0  0  0  0
    8.3264    6.6828    8.9191 H   0  0  0  0  0  0  0  0  0  0  0  0
    8.3132    8.4191    8.5931 H   0  0  0  0  0  0  0  0  0  0  0  0
    6.2546    7.7256    9.8316 H   0  0  0  0  0  0  0  0  0  0  0  0
    5.8612    8.3916    8.2585 H   0  0  0  0  0  0  0  0  0  0  0  0
    5.7780    5.5054    9.2199 H   0  0  0  0  0  0  0  0  0  0  0  0
    4.5000    6.4127    8.4221 H   0  0  0  0  0  0  0  0  0  0  0  0
    5.7076    4.5000    7.0902 H   0  0  0  0  0  0  0  0  0  0  0  0
    5.6656    5.5429    4.9163 H   0  0  0  0  0  0  0  0  0  0  0  0
    7.9498    5.0258    6.1190 H   0  0  0  0  0  0  0  0  0  0  0  0
  1  8  1  0  0  0  0
  1  2  1  0  0  0  0
  1 10  1  0  0  0  0
  2 13  1  0  0  0  0
  2  3  1  0  0  0  0
  3 14  1  6  0  0  0
  3  4  1  0  0  0  0
  4 16  1  0  0  0  0
  4  5  1  0  0  0  0
  4 15  1  0  0  0  0
  5 17  1  0  0  0  0
  6 20  1  0  0  0  0
  6  5  1  0  0  0  0
  6 19  1  0  0  0  0
  7 21  1  6  0  0  0
  7  6  1  0  0  0  0
  8 22  1  6  0  0  0
  8  9  1  0  0  0  0
  8  7  1  0  0  0  0
  9 23  1  6  0  0  0
  9  3  1  0  0  0  0
  9  7  1  0  0  0  0
 11  1  1  0  0  0  0
 12  2  1  0  0  0  0
 18  5  1  0  0  0  0
M  END
