Lattice="12.13765961 0.0 0.0 0.0 13.166941569999999 0.0 0.0 0.0 15.58294553" Properties=species:S:1:pos:R:3:GW_charged:R:1:dKS_charged:R:1:dKS_neutral:R:1 pbc="T T T"
 OpenBabel12102409403D
Lattice="12.13765961 0.0 0.0 0.0 13.166941569999999 0.0 0.0 0.0 15.58294553" Properties=species:S:1:pos:R:3:GW_charged:R:1:dKS_charged:R:1:dKS_neutral:R:1 pbc="T T T"
 20 19  0  0  1  0  0  0  0  0999 V2000
    5.7305    8.1908    9.0065 C   0  0  0  0  0  0  0  0  0  0  0  0
    5.8443    6.6681    8.9494 C   0  0  0  0  0  0  0  0  0  0  0  0
    6.6290    6.1412   10.1610 C   0  0  0  0  0  0  0  0  0  0  0  0
    4.5000    6.1582    8.9771 O   0  0  0  0  0  0  0  0  0  0  0  0
    6.5293    6.1816    7.6449 C   0  0  1  0  0  0  0  0  0  0  0  0
    6.4063    4.7541    7.6275 O   0  0  0  0  0  0  0  0  0  0  0  0
    5.9165    6.7547    6.3683 C   0  0  0  0  0  0  0  0  0  0  0  0
    6.4786    6.0017    5.2753 O   0  0  0  0  0  0  0  0  0  0  0  0
    6.7127    8.6669    8.8831 H   0  0  0  0  0  0  0  0  0  0  0  0
    5.0523    8.5702    8.2322 H   0  0  0  0  0  0  0  0  0  0  0  0
    5.3249    8.4917    9.9809 H   0  0  0  0  0  0  0  0  0  0  0  0
    6.0960    6.4059   11.0829 H   0  0  0  0  0  0  0  0  0  0  0  0
    6.7315    5.0499   10.1154 H   0  0  0  0  0  0  0  0  0  0  0  0
    7.6377    6.5769   10.2031 H   0  0  0  0  0  0  0  0  0  0  0  0
    4.5795    5.2154    8.7419 H   0  0  0  0  0  0  0  0  0  0  0  0
    7.6008    6.4592    7.6793 H   0  0  0  0  0  0  0  0  0  0  0  0
    6.5151    4.5000    6.6923 H   0  0  0  0  0  0  0  0  0  0  0  0
    4.8210    6.6410    6.4008 H   0  0  0  0  0  0  0  0  0  0  0  0
    6.1679    7.8224    6.2661 H   0  0  0  0  0  0  0  0  0  0  0  0
    5.9108    6.1148    4.5000 H   0  0  0  0  0  0  0  0  0  0  0  0
  1 11  1  0  0  0  0
  2  4  1  0  0  0  0
  2  1  1  0  0  0  0
  2  3  1  0  0  0  0
  3 14  1  0  0  0  0
  3 12  1  0  0  0  0
  5 16  1  1  0  0  0
  5  2  1  0  0  0  0
  6  5  1  0  0  0  0
  7 18  1  0  0  0  0
  7  5  1  0  0  0  0
  8  7  1  0  0  0  0
  9  1  1  0  0  0  0
 10  1  1  0  0  0  0
 13  3  1  0  0  0  0
 15  4  1  0  0  0  0
 17  6  1  0  0  0  0
 19  7  1  0  0  0  0
 20  8  1  0  0  0  0
M  END
