Lattice="13.3073967 0.0 0.0 0.0 14.01303479 0.0 0.0 0.0 13.108848850000001" Properties=species:S:1:pos:R:3:GW_charged:R:1:dKS_charged:R:1:dKS_neutral:R:1 pbc="T T T"
 OpenBabel12102411063D
Lattice="13.3073967 0.0 0.0 0.0 14.01303479 0.0 0.0 0.0 13.108848850000001" Properties=species:S:1:pos:R:3:GW_charged:R:1:dKS_charged:R:1:dKS_neutral:R:1 pbc="T T T"
 23 25  0  0  1  0  0  0  0  0999 V2000
    5.2656    8.7712    6.4964 C   0  0  0  0  0  0  0  0  0  0  0  0
    6.8169    8.6669    6.4195 C   0  0  1  0  0  0  0  0  0  0  0  0
    7.1117    8.0351    7.7930 C   0  0  0  0  0  0  0  0  0  0  0  0
    6.1039    6.8377    7.7318 C   0  0  2  0  0  0  0  0  0  0  0  0
    6.7944    5.4726    7.5772 C   0  0  0  0  0  0  0  0  0  0  0  0
    7.9269    5.5205    6.5389 C   0  0  0  0  0  0  0  0  0  0  0  0
    7.5245    6.2721    5.2554 C   0  0  0  0  0  0  0  0  0  0  0  0
    6.5631    7.4382    5.4721 C   0  0  1  0  0  0  0  0  0  0  0  0
    5.3562    7.2273    6.4322 C   0  0  2  0  0  0  0  0  0  0  0  0
    4.8311    9.2336    7.3946 H   0  0  0  0  0  0  0  0  0  0  0  0
    4.8185    9.2000    5.5905 H   0  0  0  0  0  0  0  0  0  0  0  0
    7.4396    9.5130    6.1044 H   0  0  0  0  0  0  0  0  0  0  0  0
    8.1543    7.7205    7.9219 H   0  0  0  0  0  0  0  0  0  0  0  0
    6.8775    8.7328    8.6088 H   0  0  0  0  0  0  0  0  0  0  0  0
    5.4283    6.8255    8.5993 H   0  0  0  0  0  0  0  0  0  0  0  0
    7.1961    5.1343    8.5447 H   0  0  0  0  0  0  0  0  0  0  0  0
    6.0380    4.7269    7.2791 H   0  0  0  0  0  0  0  0  0  0  0  0
    8.8074    6.0032    6.9866 H   0  0  0  0  0  0  0  0  0  0  0  0
    8.2489    4.5000    6.2854 H   0  0  0  0  0  0  0  0  0  0  0  0
    8.4248    6.6133    4.7206 H   0  0  0  0  0  0  0  0  0  0  0  0
    7.0171    5.5705    4.5719 H   0  0  0  0  0  0  0  0  0  0  0  0
    6.2118    7.8152    4.5000 H   0  0  0  0  0  0  0  0  0  0  0  0
    4.5000    6.5995    6.1529 H   0  0  0  0  0  0  0  0  0  0  0  0
  1 10  1  0  0  0  0
  2 12  1  6  0  0  0
  2  1  1  0  0  0  0
  2  3  1  0  0  0  0
  3 13  1  0  0  0  0
  3 14  1  0  0  0  0
  4  3  1  0  0  0  0
  4 15  1  1  0  0  0
  5  4  1  0  0  0  0
  5 16  1  0  0  0  0
  6 18  1  0  0  0  0
  6  5  1  0  0  0  0
  7  8  1  0  0  0  0
  7  6  1  0  0  0  0
  8 22  1  6  0  0  0
  8  2  1  0  0  0  0
  8  9  1  0  0  0  0
  9 23  1  6  0  0  0
  9  1  1  0  0  0  0
  9  4  1  0  0  0  0
 11  1  1  0  0  0  0
 17  5  1  0  0  0  0
 19  6  1  0  0  0  0
 20  7  1  0  0  0  0
 21  7  1  0  0  0  0
M  END
