Lattice="14.264775799999999 0.0 0.0 0.0 12.49723727 0.0 0.0 0.0 13.26773966" Properties=species:S:1:pos:R:3:GW_charged:R:1:dKS_charged:R:1:dKS_neutral:R:1 pbc="T T T"
 OpenBabel12102409403D
Lattice="14.264775799999999 0.0 0.0 0.0 12.49723727 0.0 0.0 0.0 13.26773966" Properties=species:S:1:pos:R:3:GW_charged:R:1:dKS_charged:R:1:dKS_neutral:R:1 pbc="T T T"
 18 18  0  0  0  0  0  0  0  0999 V2000
    5.6464    7.5035    7.8814 C   0  0  0  0  0  0  0  0  0  0  0  0
    5.5568    5.9751    7.7464 C   0  0  0  0  0  0  0  0  0  0  0  0
    6.2869    5.4366    6.5526 C   0  0  0  0  0  0  0  0  0  0  0  0
    5.7387    5.0052    5.3781 C   0  0  0  0  0  0  0  0  0  0  0  0
    6.7062    4.6012    4.5000 O   0  0  0  0  0  0  0  0  0  0  0  0
    7.9014    4.7820    5.1404 C   0  0  0  0  0  0  0  0  0  0  0  0
    7.7169    5.2896    6.3948 C   0  0  0  0  0  0  0  0  0  0  0  0
    8.7743    5.6086    7.4029 C   0  0  0  0  0  0  0  0  0  0  0  0
    6.6877    7.8392    7.9760 H   0  0  0  0  0  0  0  0  0  0  0  0
    5.2196    7.9972    6.9981 H   0  0  0  0  0  0  0  0  0  0  0  0
    5.1000    7.8545    8.7677 H   0  0  0  0  0  0  0  0  0  0  0  0
    5.9533    5.5053    8.6611 H   0  0  0  0  0  0  0  0  0  0  0  0
    4.5000    5.6752    7.6866 H   0  0  0  0  0  0  0  0  0  0  0  0
    4.7170    4.9200    5.0265 H   0  0  0  0  0  0  0  0  0  0  0  0
    8.7849    4.5000    4.5795 H   0  0  0  0  0  0  0  0  0  0  0  0
    8.8236    6.6865    7.6166 H   0  0  0  0  0  0  0  0  0  0  0  0
    8.5833    5.1008    8.3598 H   0  0  0  0  0  0  0  0  0  0  0  0
    9.7648    5.2942    7.0510 H   0  0  0  0  0  0  0  0  0  0  0  0
  1  9  1  0  0  0  0
  1 11  1  0  0  0  0
  2  1  1  0  0  0  0
  2 12  1  0  0  0  0
  3  2  1  0  0  0  0
  4  3  2  0  0  0  0
  5  6  1  0  0  0  0
  5  4  1  0  0  0  0
  6  7  2  0  0  0  0
  7  3  1  0  0  0  0
  7  8  1  0  0  0  0
  8 16  1  0  0  0  0
  8 17  1  0  0  0  0
 10  1  1  0  0  0  0
 13  2  1  0  0  0  0
 14  4  1  0  0  0  0
 15  6  1  0  0  0  0
 18  8  1  0  0  0  0
M  END
