Lattice="13.33610762 0.0 0.0 0.0 13.57792153 0.0 0.0 0.0 12.15349676" Properties=species:S:1:pos:R:3:GW_charged:R:1:dKS_charged:R:1:dKS_neutral:R:1 pbc="T T T"
 OpenBabel12102409263D
Lattice="13.33610762 0.0 0.0 0.0 13.57792153 0.0 0.0 0.0 12.15349676" Properties=species:S:1:pos:R:3:GW_charged:R:1:dKS_charged:R:1:dKS_neutral:R:1 pbc="T T T"
 16 16  0  0  1  0  0  0  0  0999 V2000
    6.9175    8.5860    5.7322 C   0  0  0  0  0  0  0  0  0  0  0  0
    7.0695    7.0662    5.5588 C   0  0  0  0  0  0  0  0  0  0  0  0
    7.8878    6.4549    6.7009 C   0  0  0  0  0  0  0  0  0  0  0  0
    5.6952    6.4429    5.3750 C   0  0  1  0  0  0  0  0  0  0  0  0
    5.2848    5.1184    5.8643 C   0  0  0  0  0  0  0  0  0  0  0  0
    4.8481    6.3133    6.5364 O   0  0  0  0  0  0  0  0  0  0  0  0
    7.8986    9.0779    5.7755 H   0  0  0  0  0  0  0  0  0  0  0  0
    6.3536    9.0325    4.9010 H   0  0  0  0  0  0  0  0  0  0  0  0
    6.3809    8.8163    6.6634 H   0  0  0  0  0  0  0  0  0  0  0  0
    7.6055    6.8829    4.6100 H   0  0  0  0  0  0  0  0  0  0  0  0
    8.8361    6.9955    6.8201 H   0  0  0  0  0  0  0  0  0  0  0  0
    7.3438    6.5202    7.6535 H   0  0  0  0  0  0  0  0  0  0  0  0
    8.1324    5.4005    6.5158 H   0  0  0  0  0  0  0  0  0  0  0  0
    5.1540    6.8271    4.5000 H   0  0  0  0  0  0  0  0  0  0  0  0
    4.5000    4.5691    5.3352 H   0  0  0  0  0  0  0  0  0  0  0  0
    5.9861    4.5000    6.4303 H   0  0  0  0  0  0  0  0  0  0  0  0
  1  7  1  0  0  0  0
  1  9  1  0  0  0  0
  2  1  1  0  0  0  0
  2  3  1  0  0  0  0
  3 11  1  0  0  0  0
  3 12  1  0  0  0  0
  4 14  1  6  0  0  0
  4  2  1  0  0  0  0
  4  5  1  0  0  0  0
  4  6  1  0  0  0  0
  5 16  1  0  0  0  0
  5  6  1  0  0  0  0
  8  1  1  0  0  0  0
 10  2  1  0  0  0  0
 13  3  1  0  0  0  0
 15  5  1  0  0  0  0
M  END
