Lattice="13.24648419 0.0 0.0 0.0 13.76624647 0.0 0.0 0.0 13.23405301" Properties=species:S:1:pos:R:3:GW_charged:R:1:dKS_charged:R:1:dKS_neutral:R:1 pbc="T T T"
 OpenBabel12102409373D
Lattice="13.24648419 0.0 0.0 0.0 13.76624647 0.0 0.0 0.0 13.23405301" Properties=species:S:1:pos:R:3:GW_charged:R:1:dKS_charged:R:1:dKS_neutral:R:1 pbc="T T T"
 19 19  0  0  1  0  0  0  0  0999 V2000
    5.3388    8.7647    6.6405 C   0  0  0  0  0  0  0  0  0  0  0  0
    5.5042    7.2479    6.6372 C   0  0  1  0  0  0  0  0  0  0  0  0
    6.3028    6.6796    5.4507 C   0  0  0  0  0  0  0  0  0  0  0  0
    6.6220    5.2494    5.9002 C   0  0  0  0  0  0  0  0  0  0  0  0
    6.9458    5.3685    7.4108 C   0  0  1  0  0  0  0  0  0  0  0  0
    8.3541    5.3522    7.6918 O   0  0  0  0  0  0  0  0  0  0  0  0
    6.2576    6.6864    7.8625 C   0  0  0  0  0  0  0  0  0  0  0  0
    6.3187    9.2662    6.6576 H   0  0  0  0  0  0  0  0  0  0  0  0
    4.8016    9.1128    5.7469 H   0  0  0  0  0  0  0  0  0  0  0  0
    4.7760    9.1072    7.5204 H   0  0  0  0  0  0  0  0  0  0  0  0
    4.5000    6.7883    6.6082 H   0  0  0  0  0  0  0  0  0  0  0  0
    5.7545    6.7302    4.5000 H   0  0  0  0  0  0  0  0  0  0  0  0
    7.2306    7.2638    5.3153 H   0  0  0  0  0  0  0  0  0  0  0  0
    5.7319    4.6144    5.7662 H   0  0  0  0  0  0  0  0  0  0  0  0
    7.4474    4.7694    5.3592 H   0  0  0  0  0  0  0  0  0  0  0  0
    6.5655    4.5000    7.9634 H   0  0  0  0  0  0  0  0  0  0  0  0
    8.7465    6.1479    7.2983 H   0  0  0  0  0  0  0  0  0  0  0  0
    7.0425    7.3944    8.1768 H   0  0  0  0  0  0  0  0  0  0  0  0
    5.6050    6.5445    8.7341 H   0  0  0  0  0  0  0  0  0  0  0  0
  1  8  1  0  0  0  0
  1 10  1  0  0  0  0
  2 11  1  6  0  0  0
  2  1  1  0  0  0  0
  2  7  1  0  0  0  0
  3  4  1  0  0  0  0
  3  2  1  0  0  0  0
  4  5  1  0  0  0  0
  5  6  1  0  0  0  0
  5  7  1  0  0  0  0
  5 16  1  1  0  0  0
  7 18  1  0  0  0  0
  7 19  1  0  0  0  0
  9  1  1  0  0  0  0
 12  3  1  0  0  0  0
 13  3  1  0  0  0  0
 14  4  1  0  0  0  0
 15  4  1  0  0  0  0
 17  6  1  0  0  0  0
M  END
