Lattice="13.23214791 0.0 0.0 0.0 14.08344769 0.0 0.0 0.0 13.346109089999999" Properties=species:S:1:pos:R:3:GW_charged:R:1:dKS_charged:R:1:dKS_neutral:R:1 pbc="T T T"
 OpenBabel12102411043D
Lattice="13.23214791 0.0 0.0 0.0 14.08344769 0.0 0.0 0.0 13.346109089999999" Properties=species:S:1:pos:R:3:GW_charged:R:1:dKS_charged:R:1:dKS_neutral:R:1 pbc="T T T"
 21 23  0  0  1  0  0  0  0  0999 V2000
    5.4143    7.8301    5.5936 C   0  0  0  0  0  0  0  0  0  0  0  0
    6.7772    8.5212    5.5956 C   0  0  0  0  0  0  0  0  0  0  0  0
    7.4922    8.4338    6.9448 C   0  0  0  0  0  0  0  0  0  0  0  0
    7.7154    7.0549    7.5591 C   0  0  2  0  0  0  0  0  0  0  0  0
    7.8966    5.7262    6.7724 C   0  0  1  0  0  0  0  0  0  0  0  0
    7.7015    5.0022    8.0675 O   0  0  0  0  0  0  0  0  0  0  0  0
    6.6187    6.0326    7.9955 C   0  0  2  0  0  0  0  0  0  0  0  0
    6.3613    5.5705    6.5335 C   0  0  1  0  0  0  0  0  0  0  0  0
    5.5142    6.3068    5.4996 C   0  0  0  0  0  0  0  0  0  0  0  0
    4.8614    8.1131    6.5060 H   0  0  0  0  0  0  0  0  0  0  0  0
    4.8085    8.1914    4.7487 H   0  0  0  0  0  0  0  0  0  0  0  0
    7.4106    8.0791    4.8072 H   0  0  0  0  0  0  0  0  0  0  0  0
    6.6627    9.5834    5.3311 H   0  0  0  0  0  0  0  0  0  0  0  0
    8.4821    8.9081    6.8531 H   0  0  0  0  0  0  0  0  0  0  0  0
    6.9435    9.0437    7.6835 H   0  0  0  0  0  0  0  0  0  0  0  0
    8.4716    7.1250    8.3541 H   0  0  0  0  0  0  0  0  0  0  0  0
    8.7321    5.3949    6.1409 H   0  0  0  0  0  0  0  0  0  0  0  0
    5.9254    6.0826    8.8461 H   0  0  0  0  0  0  0  0  0  0  0  0
    6.1114    4.5000    6.5181 H   0  0  0  0  0  0  0  0  0  0  0  0
    4.5000    5.8806    5.5537 H   0  0  0  0  0  0  0  0  0  0  0  0
    5.8936    6.0317    4.5000 H   0  0  0  0  0  0  0  0  0  0  0  0
  1  2  1  0  0  0  0
  1 10  1  0  0  0  0
  2  3  1  0  0  0  0
  3  4  1  0  0  0  0
  3 15  1  0  0  0  0
  4  7  1  0  0  0  0
  4 16  1  1  0  0  0
  5 17  1  6  0  0  0
  5  4  1  0  0  0  0
  5  6  1  0  0  0  0
  7  6  1  0  0  0  0
  7 18  1  1  0  0  0
  8 19  1  6  0  0  0
  8  5  1  0  0  0  0
  8  7  1  0  0  0  0
  9 20  1  0  0  0  0
  9  1  1  0  0  0  0
  9  8  1  0  0  0  0
 11  1  1  0  0  0  0
 12  2  1  0  0  0  0
 13  2  1  0  0  0  0
 14  3  1  0  0  0  0
 21  9  1  0  0  0  0
M  END
