Lattice="15.646292039999999 0.0 0.0 0.0 14.34434048 0.0 0.0 0.0 13.21647724" Properties=species:S:1:pos:R:3:GW_charged:R:1:dKS_charged:R:1:dKS_neutral:R:1 pbc="T T T"
 OpenBabel12102409443D
Lattice="15.646292039999999 0.0 0.0 0.0 14.34434048 0.0 0.0 0.0 13.21647724" Properties=species:S:1:pos:R:3:GW_charged:R:1:dKS_charged:R:1:dKS_neutral:R:1 pbc="T T T"
 19 19  0  0  0  0  0  0  0  0999 V2000
   10.2470    9.4893    6.3575 O   0  0  0  0  0  0  0  0  0  0  0  0
   10.3058    8.0766    6.5851 C   0  0  0  0  0  0  0  0  0  0  0  0
    8.8907    7.5256    6.5138 C   0  0  0  0  0  0  0  0  0  0  0  0
    8.8410    6.0043    6.7299 C   0  0  0  0  0  0  0  0  0  0  0  0
    7.4538    5.4432    6.6537 C   0  0  0  0  0  0  0  0  0  0  0  0
    6.7275    4.8896    7.6703 C   0  0  0  0  0  0  0  0  0  0  0  0
    5.4884    4.5000    7.2363 O   0  0  0  0  0  0  0  0  0  0  0  0
    5.4274    4.8170    5.9087 C   0  0  0  0  0  0  0  0  0  0  0  0
    6.5933    5.3933    5.5016 C   0  0  0  0  0  0  0  0  0  0  0  0
   11.1463    9.8443    6.4141 H   0  0  0  0  0  0  0  0  0  0  0  0
   10.9404    7.5836    5.8242 H   0  0  0  0  0  0  0  0  0  0  0  0
   10.7460    7.8578    7.5765 H   0  0  0  0  0  0  0  0  0  0  0  0
    8.2687    8.0278    7.2697 H   0  0  0  0  0  0  0  0  0  0  0  0
    8.4604    7.7827    5.5340 H   0  0  0  0  0  0  0  0  0  0  0  0
    9.4775    5.5089    5.9775 H   0  0  0  0  0  0  0  0  0  0  0  0
    9.2764    5.7553    7.7102 H   0  0  0  0  0  0  0  0  0  0  0  0
    6.9401    4.7039    8.7165 H   0  0  0  0  0  0  0  0  0  0  0  0
    4.5000    4.5689    5.4074 H   0  0  0  0  0  0  0  0  0  0  0  0
    6.8207    5.7431    4.5000 H   0  0  0  0  0  0  0  0  0  0  0  0
  1 10  1  0  0  0  0
  1  2  1  0  0  0  0
  2 12  1  0  0  0  0
  3  2  1  0  0  0  0
  3  4  1  0  0  0  0
  3 13  1  0  0  0  0
  4 16  1  0  0  0  0
  5  4  1  0  0  0  0
  5  6  2  0  0  0  0
  6 17  1  0  0  0  0
  7  6  1  0  0  0  0
  8  7  1  0  0  0  0
  9  8  2  0  0  0  0
  9  5  1  0  0  0  0
 11  2  1  0  0  0  0
 14  3  1  0  0  0  0
 15  4  1  0  0  0  0
 18  8  1  0  0  0  0
 19  9  1  0  0  0  0
M  END
