Lattice="15.00078908 0.0 0.0 0.0 14.5971212 0.0 0.0 0.0 12.8521279" Properties=species:S:1:pos:R:3:GW_charged:R:1:dKS_charged:R:1:dKS_neutral:R:1 pbc="T T T"
 OpenBabel12102409423D
Lattice="15.00078908 0.0 0.0 0.0 14.5971212 0.0 0.0 0.0 12.8521279" Properties=species:S:1:pos:R:3:GW_charged:R:1:dKS_charged:R:1:dKS_neutral:R:1 pbc="T T T"
 18 18  0  0  1  0  0  0  0  0999 V2000
    6.0756    9.5914    6.1829 C   0  0  0  0  0  0  0  0  0  0  0  0
    6.2272    8.0748    6.1947 C   0  0  1  0  0  0  0  0  0  0  0  0
    4.9682    7.4307    6.0094 O   0  0  0  0  0  0  0  0  0  0  0  0
    7.4064    7.5546    5.3142 C   0  0  0  0  0  0  0  0  0  0  0  0
    8.2828    7.4656    6.6053 C   0  0  1  0  0  0  0  0  0  0  0  0
    6.9614    7.5194    7.4385 C   0  0  0  0  0  0  0  0  0  0  0  0
    9.1584    6.3270    6.7702 C   0  0  0  0  0  0  0  0  0  0  0  0
    9.8699    5.3552    6.9026 C   0  0  0  0  0  0  0  0  0  0  0  0
    7.0343   10.0971    6.3644 H   0  0  0  0  0  0  0  0  0  0  0  0
    5.7051    9.9372    5.2049 H   0  0  0  0  0  0  0  0  0  0  0  0
    5.3661    9.9097    6.9587 H   0  0  0  0  0  0  0  0  0  0  0  0
    4.5000    7.8768    5.2856 H   0  0  0  0  0  0  0  0  0  0  0  0
    7.1787    6.5536    4.9301 H   0  0  0  0  0  0  0  0  0  0  0  0
    7.7716    8.1937    4.5000 H   0  0  0  0  0  0  0  0  0  0  0  0
    8.8589    8.3933    6.7408 H   0  0  0  0  0  0  0  0  0  0  0  0
    6.9598    8.1264    8.3521 H   0  0  0  0  0  0  0  0  0  0  0  0
    6.6024    6.5088    7.6648 H   0  0  0  0  0  0  0  0  0  0  0  0
   10.5008    4.5000    7.0205 H   0  0  0  0  0  0  0  0  0  0  0  0
  1  2  1  0  0  0  0
  1  9  1  0  0  0  0
  1 11  1  0  0  0  0
  2  3  1  6  0  0  0
  2  6  1  0  0  0  0
  4  2  1  0  0  0  0
  4  5  1  0  0  0  0
  5 15  1  1  0  0  0
  5  7  1  0  0  0  0
  5  6  1  0  0  0  0
  6 17  1  0  0  0  0
  6 16  1  0  0  0  0
  7  8  3  0  0  0  0
  8 18  1  0  0  0  0
 10  1  1  0  0  0  0
 12  3  1  0  0  0  0
 13  4  1  0  0  0  0
 14  4  1  0  0  0  0
M  END
