Lattice="14.925387409999999 0.0 0.0 0.0 18.12930507 0.0 0.0 0.0 12.34096233" Properties=species:S:1:pos:R:3:GW_charged:R:1:dKS_charged:R:1:dKS_neutral:R:1 pbc="T T T"
 OpenBabel12102410123D
Lattice="14.925387409999999 0.0 0.0 0.0 18.12930507 0.0 0.0 0.0 12.34096233" Properties=species:S:1:pos:R:3:GW_charged:R:1:dKS_charged:R:1:dKS_neutral:R:1 pbc="T T T"
 21 21  0  0  0  0  0  0  0  0999 V2000
    5.1160    5.5636    5.7756 C   0  0  0  0  0  0  0  0  0  0  0  0
    5.1888    6.7657    5.8835 C   0  0  0  0  0  0  0  0  0  0  0  0
    5.2463    8.2128    6.0219 C   0  0  0  0  0  0  0  0  0  0  0  0
    6.5537    8.6852    5.7184 O   0  0  0  0  0  0  0  0  0  0  0  0
    6.6420   10.1017    5.8490 C   0  0  0  0  0  0  0  0  0  0  0  0
    8.0628   10.5337    5.5178 C   0  0  0  0  0  0  0  0  0  0  0  0
    8.2471   12.0308    5.6328 C   0  0  0  0  0  0  0  0  0  0  0  0
    8.5075   12.6660    6.9792 C   0  0  0  0  0  0  0  0  0  0  0  0
    9.6040   12.6110    5.9424 C   0  0  0  0  0  0  0  0  0  0  0  0
    5.0596    4.5000    5.6779 H   0  0  0  0  0  0  0  0  0  0  0  0
    4.5000    8.6786    5.3463 H   0  0  0  0  0  0  0  0  0  0  0  0
    4.9625    8.4968    7.0558 H   0  0  0  0  0  0  0  0  0  0  0  0
    5.9177   10.5912    5.1666 H   0  0  0  0  0  0  0  0  0  0  0  0
    6.3771   10.4079    6.8804 H   0  0  0  0  0  0  0  0  0  0  0  0
    8.7562   10.0159    6.1990 H   0  0  0  0  0  0  0  0  0  0  0  0
    8.3113   10.1947    4.5000 H   0  0  0  0  0  0  0  0  0  0  0  0
    7.6322   12.6185    4.9469 H   0  0  0  0  0  0  0  0  0  0  0  0
    8.0506   13.6293    7.1997 H   0  0  0  0  0  0  0  0  0  0  0  0
    8.5914   12.0036    7.8410 H   0  0  0  0  0  0  0  0  0  0  0  0
   10.4254   11.9142    6.1074 H   0  0  0  0  0  0  0  0  0  0  0  0
    9.8960   13.5369    5.4498 H   0  0  0  0  0  0  0  0  0  0  0  0
  1  2  3  0  0  0  0
  2  3  1  0  0  0  0
  3 12  1  0  0  0  0
  4  5  1  0  0  0  0
  4  3  1  0  0  0  0
  5 14  1  0  0  0  0
  6  7  1  0  0  0  0
  6  5  1  0  0  0  0
  6 15  1  0  0  0  0
  7  9  1  0  0  0  0
  7  8  1  0  0  0  0
  8 18  1  0  0  0  0
  8 19  1  0  0  0  0
  9 20  1  0  0  0  0
  9  8  1  0  0  0  0
 10  1  1  0  0  0  0
 11  3  1  0  0  0  0
 13  5  1  0  0  0  0
 16  6  1  0  0  0  0
 17  7  1  0  0  0  0
 21  9  1  0  0  0  0
M  END
