Lattice="11.77640699 0.0 0.0 0.0 12.59366414 0.0 0.0 0.0 12.11594758" Properties=species:S:1:pos:R:3:GW_charged:R:1:dKS_charged:R:1:dKS_neutral:R:1 pbc="T T T"
 OpenBabel12102409263D
Lattice="11.77640699 0.0 0.0 0.0 12.59366414 0.0 0.0 0.0 12.11594758" Properties=species:S:1:pos:R:3:GW_charged:R:1:dKS_charged:R:1:dKS_neutral:R:1 pbc="T T T"
 11 10  0  0  0  0  0  0  0  0999 V2000
    5.4820    7.6658    6.7146 C   0  0  0  0  0  0  0  0  0  0  0  0
    5.5266    6.1373    6.6643 C   0  0  0  0  0  0  0  0  0  0  0  0
    6.2351    5.5984    5.4199 C   0  0  0  0  0  0  0  0  0  0  0  0
    6.4955    8.0937    6.7142 H   0  0  0  0  0  0  0  0  0  0  0  0
    4.9526    8.0773    5.8425 H   0  0  0  0  0  0  0  0  0  0  0  0
    4.9689    8.0282    7.6159 H   0  0  0  0  0  0  0  0  0  0  0  0
    6.0302    5.7556    7.5668 H   0  0  0  0  0  0  0  0  0  0  0  0
    4.5000    5.7393    6.7026 H   0  0  0  0  0  0  0  0  0  0  0  0
    7.2764    5.9500    5.3714 H   0  0  0  0  0  0  0  0  0  0  0  0
    6.2545    4.5000    5.4066 H   0  0  0  0  0  0  0  0  0  0  0  0
    5.7333    5.9333    4.5000 H   0  0  0  0  0  0  0  0  0  0  0  0
  1  6  1  0  0  0  0
  2  8  1  0  0  0  0
  2  1  1  0  0  0  0
  2  7  1  0  0  0  0
  3  2  1  0  0  0  0
  4  1  1  0  0  0  0
  5  1  1  0  0  0  0
  9  3  1  0  0  0  0
 10  3  1  0  0  0  0
 11  3  1  0  0  0  0
M  END
