Lattice="13.86227283 0.0 0.0 0.0 14.737093139999999 0.0 0.0 0.0 14.243994050000001" Properties=species:S:1:pos:R:3:GW_charged:R:1:dKS_charged:R:1:dKS_neutral:R:1 pbc="T T T"
 OpenBabel12102410113D
Lattice="13.86227283 0.0 0.0 0.0 14.737093139999999 0.0 0.0 0.0 14.243994050000001" Properties=species:S:1:pos:R:3:GW_charged:R:1:dKS_charged:R:1:dKS_neutral:R:1 pbc="T T T"
 19 19  0  0  1  0  0  0  0  0999 V2000
    6.8973    5.5464    5.8162 C   0  0  0  0  0  0  0  0  0  0  0  0
    6.6633    6.7324    5.7472 C   0  0  0  0  0  0  0  0  0  0  0  0
    6.3822    8.1671    5.6695 C   0  0  1  0  0  0  0  0  0  0  0  0
    5.4571    8.6337    6.8237 C   0  0  0  0  0  0  0  0  0  0  0  0
    5.9812    8.4241    8.2178 C   0  0  0  0  0  0  0  0  0  0  0  0
    7.2086    8.6795    8.6851 C   0  0  0  0  0  0  0  0  0  0  0  0
    8.4091    9.2520    7.9907 C   0  0  0  0  0  0  0  0  0  0  0  0
    8.4737    9.4129    6.5004 C   0  0  0  0  0  0  0  0  0  0  0  0
    7.6695    8.9622    5.5313 C   0  0  0  0  0  0  0  0  0  0  0  0
    7.1075    4.5000    5.8792 H   0  0  0  0  0  0  0  0  0  0  0  0
    5.8131    8.3272    4.7372 H   0  0  0  0  0  0  0  0  0  0  0  0
    5.2400    9.7015    6.6564 H   0  0  0  0  0  0  0  0  0  0  0  0
    4.5000    8.1040    6.7204 H   0  0  0  0  0  0  0  0  0  0  0  0
    5.2598    8.0193    8.9315 H   0  0  0  0  0  0  0  0  0  0  0  0
    7.3842    8.4678    9.7440 H   0  0  0  0  0  0  0  0  0  0  0  0
    8.6217   10.2371    8.4499 H   0  0  0  0  0  0  0  0  0  0  0  0
    9.2908    8.6496    8.2835 H   0  0  0  0  0  0  0  0  0  0  0  0
    9.3623    9.9595    6.1694 H   0  0  0  0  0  0  0  0  0  0  0  0
    7.9677    9.1645    4.5000 H   0  0  0  0  0  0  0  0  0  0  0  0
  1 10  1  0  0  0  0
  2  1  3  0  0  0  0
  3 11  1  6  0  0  0
  3  2  1  0  0  0  0
  3  4  1  0  0  0  0
  4  5  1  0  0  0  0
  5  6  2  0  0  0  0
  5 14  1  0  0  0  0
  6 15  1  0  0  0  0
  7 17  1  0  0  0  0
  7 16  1  0  0  0  0
  7  6  1  0  0  0  0
  8  7  1  0  0  0  0
  9  3  1  0  0  0  0
  9  8  2  0  0  0  0
 12  4  1  0  0  0  0
 13  4  1  0  0  0  0
 18  8  1  0  0  0  0
 19  9  1  0  0  0  0
M  END
