Lattice="13.23269704 0.0 0.0 0.0 14.035841699999999 0.0 0.0 0.0 13.11929329" Properties=species:S:1:pos:R:3:GW_charged:R:1:dKS_charged:R:1:dKS_neutral:R:1 pbc="T T T"
 OpenBabel12102411063D
Lattice="13.23269704 0.0 0.0 0.0 14.035841699999999 0.0 0.0 0.0 13.11929329" Properties=species:S:1:pos:R:3:GW_charged:R:1:dKS_charged:R:1:dKS_neutral:R:1 pbc="T T T"
 21 23  0  0  1  0  0  0  0  0999 V2000
    5.2720    8.7971    6.5115 C   0  0  0  0  0  0  0  0  0  0  0  0
    6.8225    8.6921    6.4237 C   0  0  1  0  0  0  0  0  0  0  0  0
    7.1225    8.0542    7.7915 C   0  0  0  0  0  0  0  0  0  0  0  0
    6.1251    6.8544    7.7121 C   0  0  2  0  0  0  0  0  0  0  0  0
    6.7489    5.5697    7.5649 O   0  0  0  0  0  0  0  0  0  0  0  0
    7.8317    5.5612    6.6327 C   0  0  0  0  0  0  0  0  0  0  0  0
    7.5102    6.2770    5.3107 C   0  0  0  0  0  0  0  0  0  0  0  0
    6.5638    7.4610    5.4804 C   0  0  1  0  0  0  0  0  0  0  0  0
    5.3536    7.2520    6.4362 C   0  0  2  0  0  0  0  0  0  0  0  0
    4.8432    9.2602    7.4119 H   0  0  0  0  0  0  0  0  0  0  0  0
    4.8169    9.2261    5.6097 H   0  0  0  0  0  0  0  0  0  0  0  0
    7.4448    9.5358    6.1041 H   0  0  0  0  0  0  0  0  0  0  0  0
    8.1617    7.7348    7.9285 H   0  0  0  0  0  0  0  0  0  0  0  0
    6.8767    8.7328    8.6193 H   0  0  0  0  0  0  0  0  0  0  0  0
    5.4886    6.7558    8.6001 H   0  0  0  0  0  0  0  0  0  0  0  0
    8.7327    6.0005    7.0967 H   0  0  0  0  0  0  0  0  0  0  0  0
    8.0499    4.5000    6.4566 H   0  0  0  0  0  0  0  0  0  0  0  0
    8.4499    6.5866    4.8270 H   0  0  0  0  0  0  0  0  0  0  0  0
    7.0203    5.5685    4.6243 H   0  0  0  0  0  0  0  0  0  0  0  0
    6.2247    7.8250    4.5000 H   0  0  0  0  0  0  0  0  0  0  0  0
    4.5000    6.6195    6.1678 H   0  0  0  0  0  0  0  0  0  0  0  0
  1 10  1  0  0  0  0
  2 12  1  6  0  0  0
  2  1  1  0  0  0  0
  2  3  1  0  0  0  0
  3 13  1  0  0  0  0
  3 14  1  0  0  0  0
  4  3  1  0  0  0  0
  4 15  1  1  0  0  0
  5  4  1  0  0  0  0
  6 16  1  0  0  0  0
  6  5  1  0  0  0  0
  7  8  1  0  0  0  0
  7  6  1  0  0  0  0
  8 20  1  6  0  0  0
  8  2  1  0  0  0  0
  8  9  1  0  0  0  0
  9 21  1  6  0  0  0
  9  1  1  0  0  0  0
  9  4  1  0  0  0  0
 11  1  1  0  0  0  0
 17  6  1  0  0  0  0
 18  7  1  0  0  0  0
 19  7  1  0  0  0  0
M  END
