Lattice="14.62317504 0.0 0.0 0.0 14.343554000000001 0.0 0.0 0.0 13.66879798" Properties=species:S:1:pos:R:3:GW_charged:R:1:dKS_charged:R:1:dKS_neutral:R:1 pbc="T T T"
 OpenBabel12102410113D
Lattice="14.62317504 0.0 0.0 0.0 14.343554000000001 0.0 0.0 0.0 13.66879798" Properties=species:S:1:pos:R:3:GW_charged:R:1:dKS_charged:R:1:dKS_neutral:R:1 pbc="T T T"
 21 22  0  0  1  0  0  0  0  0999 V2000
    5.1734    5.5675    6.9435 C   0  0  0  0  0  0  0  0  0  0  0  0
    5.2146    6.7787    6.9724 C   0  0  0  0  0  0  0  0  0  0  0  0
    5.2793    8.2242    7.0316 C   0  0  1  0  0  0  0  0  0  0  0  0
    5.0514    8.8110    8.4673 C   0  0  0  0  0  0  0  0  0  0  0  0
    6.5849    8.9240    8.6421 C   0  0  0  0  0  0  0  0  0  0  0  0
    6.7440    8.8212    7.1012 C   0  0  1  0  0  0  0  0  0  0  0  0
    7.8923    8.0578    6.5170 C   0  0  0  0  0  0  0  0  0  0  0  0
    8.3045    8.2838    5.0826 C   0  0  0  0  0  0  0  0  0  0  0  0
    9.1879    8.7703    6.2057 C   0  0  0  0  0  0  0  0  0  0  0  0
    5.1252    4.5000    6.9092 H   0  0  0  0  0  0  0  0  0  0  0  0
    4.6480    8.6501    6.2386 H   0  0  0  0  0  0  0  0  0  0  0  0
    4.5633    9.7925    8.4109 H   0  0  0  0  0  0  0  0  0  0  0  0
    4.5000    8.1757    9.1688 H   0  0  0  0  0  0  0  0  0  0  0  0
    6.9837    9.8199    9.1333 H   0  0  0  0  0  0  0  0  0  0  0  0
    6.9997    8.0366    9.1394 H   0  0  0  0  0  0  0  0  0  0  0  0
    6.7055    9.8292    6.6583 H   0  0  0  0  0  0  0  0  0  0  0  0
    7.9840    7.0324    6.8801 H   0  0  0  0  0  0  0  0  0  0  0  0
    8.6317    7.4244    4.5000 H   0  0  0  0  0  0  0  0  0  0  0  0
    7.7539    9.0290    4.5086 H   0  0  0  0  0  0  0  0  0  0  0  0
    9.2342    9.8436    6.3897 H   0  0  0  0  0  0  0  0  0  0  0  0
   10.1232    8.2454    6.3932 H   0  0  0  0  0  0  0  0  0  0  0  0
  1  2  3  0  0  0  0
  2  3  1  0  0  0  0
  3 11  1  6  0  0  0
  3  6  1  0  0  0  0
  3  4  1  0  0  0  0
  4  5  1  0  0  0  0
  4 13  1  0  0  0  0
  5 14  1  0  0  0  0
  5 15  1  0  0  0  0
  6 16  1  6  0  0  0
  6  5  1  0  0  0  0
  7 17  1  0  0  0  0
  7  6  1  0  0  0  0
  8  9  1  0  0  0  0
  8  7  1  0  0  0  0
  9 20  1  0  0  0  0
  9 21  1  0  0  0  0
  9  7  1  0  0  0  0
 10  1  1  0  0  0  0
 12  4  1  0  0  0  0
 18  8  1  0  0  0  0
 19  8  1  0  0  0  0
M  END
