Lattice="13.950371950000001 0.0 0.0 0.0 15.59040637 0.0 0.0 0.0 10.78956514" Properties=species:S:1:pos:R:3:GW_charged:R:1:dKS_charged:R:1:dKS_neutral:R:1 pbc="T T T"
 OpenBabel12102409263D
Lattice="13.950371950000001 0.0 0.0 0.0 15.59040637 0.0 0.0 0.0 10.78956514" Properties=species:S:1:pos:R:3:GW_charged:R:1:dKS_charged:R:1:dKS_neutral:R:1 pbc="T T T"
 20 19  0  0  0  0  0  0  0  0999 V2000
    8.4241   10.6799    5.3965 C   0  0  0  0  0  0  0  0  0  0  0  0
    8.4041    9.1505    5.3885 C   0  0  0  0  0  0  0  0  0  0  0  0
    6.9909    8.5604    5.3988 C   0  0  0  0  0  0  0  0  0  0  0  0
    6.9595    7.0300    5.3909 C   0  0  0  0  0  0  0  0  0  0  0  0
    5.5463    6.4399    5.4012 C   0  0  0  0  0  0  0  0  0  0  0  0
    5.5263    4.9105    5.3931 C   0  0  0  0  0  0  0  0  0  0  0  0
    9.4504   11.0719    5.3888 H   0  0  0  0  0  0  0  0  0  0  0  0
    7.9058   11.0904    4.5174 H   0  0  0  0  0  0  0  0  0  0  0  0
    7.9227   11.0809    6.2896 H   0  0  0  0  0  0  0  0  0  0  0  0
    8.9448    8.7794    4.5019 H   0  0  0  0  0  0  0  0  0  0  0  0
    8.9616    8.7700    6.2605 H   0  0  0  0  0  0  0  0  0  0  0  0
    6.4490    8.9320    6.2860 H   0  0  0  0  0  0  0  0  0  0  0  0
    6.4323    8.9414    4.5261 H   0  0  0  0  0  0  0  0  0  0  0  0
    7.5013    6.6585    4.5037 H   0  0  0  0  0  0  0  0  0  0  0  0
    7.5181    6.6490    6.2635 H   0  0  0  0  0  0  0  0  0  0  0  0
    5.0055    6.8110    6.2877 H   0  0  0  0  0  0  0  0  0  0  0  0
    4.9888    6.8205    4.5292 H   0  0  0  0  0  0  0  0  0  0  0  0
    4.5000    4.5185    5.4009 H   0  0  0  0  0  0  0  0  0  0  0  0
    6.0276    4.5095    4.5000 H   0  0  0  0  0  0  0  0  0  0  0  0
    6.0446    4.5000    6.2721 H   0  0  0  0  0  0  0  0  0  0  0  0
  1  9  1  0  0  0  0
  2  1  1  0  0  0  0
  2  3  1  0  0  0  0
  2 11  1  0  0  0  0
  3 12  1  0  0  0  0
  4  3  1  0  0  0  0
  4  5  1  0  0  0  0
  4 15  1  0  0  0  0
  5 16  1  0  0  0  0
  6 18  1  0  0  0  0
  6  5  1  0  0  0  0
  6 20  1  0  0  0  0
  7  1  1  0  0  0  0
  8  1  1  0  0  0  0
 10  2  1  0  0  0  0
 13  3  1  0  0  0  0
 14  4  1  0  0  0  0
 17  5  1  0  0  0  0
 19  6  1  0  0  0  0
M  END
