Lattice="12.80786941 0.0 0.0 0.0 15.243478849999999 0.0 0.0 0.0 12.13730309" Properties=species:S:1:pos:R:3:GW_charged:R:1:dKS_charged:R:1:dKS_neutral:R:1 pbc="T T T"
 OpenBabel12102409273D
Lattice="12.80786941 0.0 0.0 0.0 15.243478849999999 0.0 0.0 0.0 12.13730309" Properties=species:S:1:pos:R:3:GW_charged:R:1:dKS_charged:R:1:dKS_neutral:R:1 pbc="T T T"
 15 14  0  0  1  0  0  0  0  0999 V2000
    6.5206   10.3328    6.6179 C   0  0  0  0  0  0  0  0  0  0  0  0
    6.5235    8.8797    6.6405 C   0  0  0  0  0  0  0  0  0  0  0  0
    6.5251    7.6668    6.6837 C   0  0  0  0  0  0  0  0  0  0  0  0
    6.5491    6.2089    6.6653 C   0  0  1  0  0  0  0  0  0  0  0  0
    5.1360    5.5959    6.5293 C   0  0  0  0  0  0  0  0  0  0  0  0
    7.4020    5.7463    5.4784 C   0  0  0  0  0  0  0  0  0  0  0  0
    8.3079    4.9493    5.5576 O   0  0  0  0  0  0  0  0  0  0  0  0
    7.3924   10.7225    6.0732 H   0  0  0  0  0  0  0  0  0  0  0  0
    5.6168   10.7228    6.1282 H   0  0  0  0  0  0  0  0  0  0  0  0
    6.5535   10.7435    7.6373 H   0  0  0  0  0  0  0  0  0  0  0  0
    7.0328    5.8218    7.5756 H   0  0  0  0  0  0  0  0  0  0  0  0
    5.1904    4.5000    6.5541 H   0  0  0  0  0  0  0  0  0  0  0  0
    4.5000    5.9382    7.3545 H   0  0  0  0  0  0  0  0  0  0  0  0
    4.6644    5.9069    5.5876 H   0  0  0  0  0  0  0  0  0  0  0  0
    7.1071    6.2048    4.5000 H   0  0  0  0  0  0  0  0  0  0  0  0
  1  2  1  0  0  0  0
  1 10  1  0  0  0  0
  2  3  3  0  0  0  0
  4  3  1  0  0  0  0
  4 11  1  1  0  0  0
  5 12  1  0  0  0  0
  5  4  1  0  0  0  0
  5 13  1  0  0  0  0
  6  7  2  0  0  0  0
  6  4  1  0  0  0  0
  8  1  1  0  0  0  0
  9  1  1  0  0  0  0
 14  5  1  0  0  0  0
 15  6  1  0  0  0  0
M  END
