Lattice="12.4406481 0.0 0.0 0.0 15.24826598 0.0 0.0 0.0 14.62095392" Properties=species:S:1:pos:R:3:GW_charged:R:1:dKS_charged:R:1:dKS_neutral:R:1 pbc="T T T"
 OpenBabel12102409263D
Lattice="12.4406481 0.0 0.0 0.0 15.24826598 0.0 0.0 0.0 14.62095392" Properties=species:S:1:pos:R:3:GW_charged:R:1:dKS_charged:R:1:dKS_neutral:R:1 pbc="T T T"
 21 20  0  0  0  0  0  0  0  0999 V2000
    5.4914   10.3353    9.2192 C   0  0  0  0  0  0  0  0  0  0  0  0
    5.5269    8.8192    9.2194 C   0  0  0  0  0  0  0  0  0  0  0  0
    6.1885    8.3761    8.0421 O   0  0  0  0  0  0  0  0  0  0  0  0
    6.2648    6.9606    7.9567 C   0  0  0  0  0  0  0  0  0  0  0  0
    6.9552    6.5584    6.6551 C   0  0  0  0  0  0  0  0  0  0  0  0
    7.1768    5.0420    6.6270 C   0  0  0  0  0  0  0  0  0  0  0  0
    6.1700    7.0392    5.4302 C   0  0  0  0  0  0  0  0  0  0  0  0
    6.5084   10.7483    9.2000 H   0  0  0  0  0  0  0  0  0  0  0  0
    4.9508   10.7118    8.3410 H   0  0  0  0  0  0  0  0  0  0  0  0
    4.9854   10.7056   10.1210 H   0  0  0  0  0  0  0  0  0  0  0  0
    6.0580    8.4397   10.1155 H   0  0  0  0  0  0  0  0  0  0  0  0
    4.5000    8.4030    9.2523 H   0  0  0  0  0  0  0  0  0  0  0  0
    6.8254    6.5595    8.8254 H   0  0  0  0  0  0  0  0  0  0  0  0
    5.2448    6.5222    7.9960 H   0  0  0  0  0  0  0  0  0  0  0  0
    7.9406    7.0550    6.6520 H   0  0  0  0  0  0  0  0  0  0  0  0
    6.2189    4.5000    6.6486 H   0  0  0  0  0  0  0  0  0  0  0  0
    7.7037    4.7402    5.7117 H   0  0  0  0  0  0  0  0  0  0  0  0
    7.7740    4.7011    7.4847 H   0  0  0  0  0  0  0  0  0  0  0  0
    6.7014    6.7945    4.5000 H   0  0  0  0  0  0  0  0  0  0  0  0
    5.1811    6.5565    5.3859 H   0  0  0  0  0  0  0  0  0  0  0  0
    6.0143    8.1245    5.4615 H   0  0  0  0  0  0  0  0  0  0  0  0
  1  2  1  0  0  0  0
  1 10  1  0  0  0  0
  2 12  1  0  0  0  0
  2 11  1  0  0  0  0
  3  2  1  0  0  0  0
  4 14  1  0  0  0  0
  4  3  1  0  0  0  0
  4 13  1  0  0  0  0
  5  4  1  0  0  0  0
  6 16  1  0  0  0  0
  6  5  1  0  0  0  0
  6 18  1  0  0  0  0
  7 21  1  0  0  0  0
  7  5  1  0  0  0  0
  8  1  1  0  0  0  0
  9  1  1  0  0  0  0
 15  5  1  0  0  0  0
 17  6  1  0  0  0  0
 19  7  1  0  0  0  0
 20  7  1  0  0  0  0
M  END
