Lattice="14.2905142 0.0 0.0 0.0 15.01321635 0.0 0.0 0.0 12.55384727" Properties=species:S:1:pos:R:3:GW_charged:R:1:dKS_charged:R:1:dKS_neutral:R:1 pbc="T T T"
 OpenBabel12102409423D
Lattice="14.2905142 0.0 0.0 0.0 15.01321635 0.0 0.0 0.0 12.55384727" Properties=species:S:1:pos:R:3:GW_charged:R:1:dKS_charged:R:1:dKS_neutral:R:1 pbc="T T T"
 19 20  0  0  0  0  0  0  0  0999 V2000
    5.2721    9.5020    6.3896 C   0  0  0  0  0  0  0  0  0  0  0  0
    6.7558    9.5861    5.9446 C   0  0  0  0  0  0  0  0  0  0  0  0
    7.0543    8.3619    6.8530 C   0  0  0  0  0  0  0  0  0  0  0  0
    5.5274    8.0332    6.8137 C   0  0  0  0  0  0  0  0  0  0  0  0
    8.0359    7.3234    6.4332 C   0  0  0  0  0  0  0  0  0  0  0  0
    8.8284    7.3102    5.3186 C   0  0  0  0  0  0  0  0  0  0  0  0
    9.5903    6.1719    5.2690 O   0  0  0  0  0  0  0  0  0  0  0  0
    9.2701    5.4435    6.3794 C   0  0  0  0  0  0  0  0  0  0  0  0
    8.3328    6.0949    7.1232 C   0  0  0  0  0  0  0  0  0  0  0  0
    5.0734   10.1457    7.2572 H   0  0  0  0  0  0  0  0  0  0  0  0
    4.5000    9.6891    5.6336 H   0  0  0  0  0  0  0  0  0  0  0  0
    6.8613    9.3277    4.8815 H   0  0  0  0  0  0  0  0  0  0  0  0
    7.3096   10.5132    6.1379 H   0  0  0  0  0  0  0  0  0  0  0  0
    7.3081    8.7181    7.8649 H   0  0  0  0  0  0  0  0  0  0  0  0
    5.0584    7.6641    7.7345 H   0  0  0  0  0  0  0  0  0  0  0  0
    5.3083    7.3316    5.9974 H   0  0  0  0  0  0  0  0  0  0  0  0
    8.9735    8.0041    4.5000 H   0  0  0  0  0  0  0  0  0  0  0  0
    9.7905    4.5000    6.4897 H   0  0  0  0  0  0  0  0  0  0  0  0
    7.8955    5.7487    8.0538 H   0  0  0  0  0  0  0  0  0  0  0  0
  1  4  1  0  0  0  0
  1 10  1  0  0  0  0
  2 13  1  0  0  0  0
  2  1  1  0  0  0  0
  2  3  1  0  0  0  0
  3 14  1  0  0  0  0
  4  3  1  0  0  0  0
  4 15  1  0  0  0  0
  5  3  1  0  0  0  0
  5  9  1  0  0  0  0
  6  5  2  0  0  0  0
  7  6  1  0  0  0  0
  7  8  1  0  0  0  0
  8 18  1  0  0  0  0
  8  9  2  0  0  0  0
  9 19  1  0  0  0  0
 11  1  1  0  0  0  0
 12  2  1  0  0  0  0
 16  4  1  0  0  0  0
 17  6  1  0  0  0  0
M  END
