Lattice="13.361232600000001 0.0 0.0 0.0 14.75905798 0.0 0.0 0.0 13.370121730000001" Properties=species:S:1:pos:R:3:GW_charged:R:1:dKS_charged:R:1:dKS_neutral:R:1 pbc="T T T"
 OpenBabel12102411073D
Lattice="13.361232600000001 0.0 0.0 0.0 14.75905798 0.0 0.0 0.0 13.370121730000001" Properties=species:S:1:pos:R:3:GW_charged:R:1:dKS_charged:R:1:dKS_neutral:R:1 pbc="T T T"
 23 25  0  0  1  0  0  0  0  0999 V2000
    6.6797    9.7910    5.5100 C   0  0  0  0  0  0  0  0  0  0  0  0
    8.1283    9.4935    5.8212 C   0  0  0  0  0  0  0  0  0  0  0  0
    7.1284    8.3676    5.7338 C   0  0  0  0  0  0  0  0  0  0  0  0
    6.7049    7.6175    6.9765 C   0  0  1  0  0  0  0  0  0  0  0  0
    5.2986    6.9751    6.8739 C   0  0  0  0  0  0  0  0  0  0  0  0
    5.3073    5.7954    7.8679 C   0  0  0  0  0  0  0  0  0  0  0  0
    6.7587    5.3397    7.9198 C   0  0  1  0  0  0  0  0  0  0  0  0
    7.4790    5.1619    6.6045 C   0  0  0  0  0  0  0  0  0  0  0  0
    7.6174    6.4586    7.3692 C   0  0  1  0  0  0  0  0  0  0  0  0
    6.0788   10.2591    6.2899 H   0  0  0  0  0  0  0  0  0  0  0  0
    6.4213   10.1052    4.5000 H   0  0  0  0  0  0  0  0  0  0  0  0
    8.8612    9.6026    5.0235 H   0  0  0  0  0  0  0  0  0  0  0  0
    8.5012    9.7628    6.8096 H   0  0  0  0  0  0  0  0  0  0  0  0
    7.1961    7.7432    4.8391 H   0  0  0  0  0  0  0  0  0  0  0  0
    6.7035    8.3307    7.8216 H   0  0  0  0  0  0  0  0  0  0  0  0
    4.5000    7.6991    7.0792 H   0  0  0  0  0  0  0  0  0  0  0  0
    5.1322    6.6152    5.8476 H   0  0  0  0  0  0  0  0  0  0  0  0
    5.0020    6.1352    8.8701 H   0  0  0  0  0  0  0  0  0  0  0  0
    4.6118    4.9953    7.5733 H   0  0  0  0  0  0  0  0  0  0  0  0
    7.0900    4.7458    8.7712 H   0  0  0  0  0  0  0  0  0  0  0  0
    8.3434    4.5000    6.5973 H   0  0  0  0  0  0  0  0  0  0  0  0
    6.9017    5.1406    5.6792 H   0  0  0  0  0  0  0  0  0  0  0  0
    8.5874    6.6942    7.8061 H   0  0  0  0  0  0  0  0  0  0  0  0
  1  3  1  0  0  0  0
  1  2  1  0  0  0  0
  1 10  1  0  0  0  0
  2 13  1  0  0  0  0
  3  2  1  0  0  0  0
  3  4  1  0  0  0  0
  4  9  1  0  0  0  0
  4 15  1  1  0  0  0
  5  4  1  0  0  0  0
  5 16  1  0  0  0  0
  5  6  1  0  0  0  0
  6  7  1  0  0  0  0
  6 18  1  0  0  0  0
  7 20  1  1  0  0  0
  8  9  1  0  0  0  0
  8  7  1  0  0  0  0
  9 23  1  1  0  0  0
  9  7  1  0  0  0  0
 11  1  1  0  0  0  0
 12  2  1  0  0  0  0
 14  3  1  0  0  0  0
 17  5  1  0  0  0  0
 19  6  1  0  0  0  0
 21  8  1  0  0  0  0
 22  8  1  0  0  0  0
M  END
