Lattice="13.39427473 0.0 0.0 0.0 14.73473523 0.0 0.0 0.0 13.20853087" Properties=species:S:1:pos:R:3:GW_charged:R:1:dKS_charged:R:1:dKS_neutral:R:1 pbc="T T T"
 OpenBabel12102411063D
Lattice="13.39427473 0.0 0.0 0.0 14.73473523 0.0 0.0 0.0 13.20853087" Properties=species:S:1:pos:R:3:GW_charged:R:1:dKS_charged:R:1:dKS_neutral:R:1 pbc="T T T"
 23 25  0  0  1  0  0  0  0  0999 V2000
    6.9660    9.7173    6.6269 C   0  0  0  0  0  0  0  0  0  0  0  0
    8.2924    8.9726    6.6099 C   0  0  0  0  0  0  0  0  0  0  0  0
    6.9995    8.2210    6.6183 C   0  0  0  0  0  0  0  0  0  0  0  0
    6.3910    7.3004    7.6878 C   0  0  1  0  0  0  0  0  0  0  0  0
    5.2910    6.9819    6.6285 C   0  0  0  0  0  0  0  0  0  0  0  0
    6.3700    7.3119    5.5512 C   0  0  2  0  0  0  0  0  0  0  0  0
    7.2923    6.1054    5.3129 C   0  0  0  0  0  0  0  0  0  0  0  0
    7.4344    5.2571    6.5981 C   0  0  0  0  0  0  0  0  0  0  0  0
    7.3178    6.0915    7.8949 C   0  0  0  0  0  0  0  0  0  0  0  0
    6.6791   10.2247    7.5487 H   0  0  0  0  0  0  0  0  0  0  0  0
    6.6613   10.2347    5.7164 H   0  0  0  0  0  0  0  0  0  0  0  0
    8.8764    8.9918    5.6890 H   0  0  0  0  0  0  0  0  0  0  0  0
    8.8943    8.9816    7.5194 H   0  0  0  0  0  0  0  0  0  0  0  0
    6.0813    7.7564    8.6389 H   0  0  0  0  0  0  0  0  0  0  0  0
    4.8358    5.9820    6.6275 H   0  0  0  0  0  0  0  0  0  0  0  0
    4.5000    7.7413    6.6403 H   0  0  0  0  0  0  0  0  0  0  0  0
    6.0417    7.7781    4.6113 H   0  0  0  0  0  0  0  0  0  0  0  0
    6.9001    5.4753    4.5000 H   0  0  0  0  0  0  0  0  0  0  0  0
    8.2739    6.4751    4.9769 H   0  0  0  0  0  0  0  0  0  0  0  0
    6.6371    4.5000    6.6019 H   0  0  0  0  0  0  0  0  0  0  0  0
    8.3769    4.6925    6.5858 H   0  0  0  0  0  0  0  0  0  0  0  0
    8.3058    6.4578    8.2154 H   0  0  0  0  0  0  0  0  0  0  0  0
    6.9417    5.4526    8.7085 H   0  0  0  0  0  0  0  0  0  0  0  0
  1 10  1  0  0  0  0
  2  3  1  0  0  0  0
  2  1  1  0  0  0  0
  2 13  1  0  0  0  0
  3  1  1  0  0  0  0
  3  4  1  0  0  0  0
  4  9  1  0  0  0  0
  4 14  1  1  0  0  0
  5 16  1  0  0  0  0
  5  4  1  0  0  0  0
  6 17  1  6  0  0  0
  6  3  1  0  0  0  0
  6  5  1  0  0  0  0
  7  6  1  0  0  0  0
  7  8  1  0  0  0  0
  8 20  1  0  0  0  0
  8  9  1  0  0  0  0
  9 22  1  0  0  0  0
  9 23  1  0  0  0  0
 11  1  1  0  0  0  0
 12  2  1  0  0  0  0
 15  5  1  0  0  0  0
 18  7  1  0  0  0  0
 19  7  1  0  0  0  0
 21  8  1  0  0  0  0
M  END
