Lattice="12.58323543 0.0 0.0 0.0 12.58213565 0.0 0.0 0.0 14.24317793" Properties=species:S:1:pos:R:3:GW_charged:R:1:dKS_charged:R:1:dKS_neutral:R:1 pbc="T T T"
 OpenBabel12102409263D
Lattice="12.58323543 0.0 0.0 0.0 12.58213565 0.0 0.0 0.0 14.24317793" Properties=species:S:1:pos:R:3:GW_charged:R:1:dKS_charged:R:1:dKS_neutral:R:1 pbc="T T T"
 14 13  0  0  0  0  0  0  0  0999 V2000
    6.2643    7.6689    7.5734 C   0  0  0  0  0  0  0  0  0  0  0  0
    6.2932    6.1287    7.5887 C   0  0  0  0  0  0  0  0  0  0  0  0
    7.0389    5.5958    8.8269 C   0  0  0  0  0  0  0  0  0  0  0  0
    4.9445    5.6056    7.5570 O   0  0  0  0  0  0  0  0  0  0  0  0
    6.9482    5.6366    6.3699 C   0  0  0  0  0  0  0  0  0  0  0  0
    7.5297    5.2559    5.3803 C   0  0  0  0  0  0  0  0  0  0  0  0
    7.2803    8.0821    7.5346 H   0  0  0  0  0  0  0  0  0  0  0  0
    5.7057    8.0235    6.6997 H   0  0  0  0  0  0  0  0  0  0  0  0
    5.7753    8.0431    8.4852 H   0  0  0  0  0  0  0  0  0  0  0  0
    6.5527    5.9626    9.7432 H   0  0  0  0  0  0  0  0  0  0  0  0
    7.0224    4.5000    8.8302 H   0  0  0  0  0  0  0  0  0  0  0  0
    8.0832    5.9334    8.8340 H   0  0  0  0  0  0  0  0  0  0  0  0
    4.5000    5.9241    8.3599 H   0  0  0  0  0  0  0  0  0  0  0  0
    8.0302    4.9119    4.5000 H   0  0  0  0  0  0  0  0  0  0  0  0
  1  2  1  0  0  0  0
  1  9  1  0  0  0  0
  2  3  1  0  0  0  0
  3 11  1  0  0  0  0
  3 12  1  0  0  0  0
  3 10  1  0  0  0  0
  4  2  1  0  0  0  0
  4 13  1  0  0  0  0
  5  2  1  0  0  0  0
  6  5  3  0  0  0  0
  7  1  1  0  0  0  0
  8  1  1  0  0  0  0
 14  6  1  0  0  0  0
M  END
