Lattice="12.98621602 0.0 0.0 0.0 13.53536419 0.0 0.0 0.0 13.677660490000001" Properties=species:S:1:pos:R:3:GW_charged:R:1:dKS_charged:R:1:dKS_neutral:R:1 pbc="T T T"
 OpenBabel12102409373D
Lattice="12.98621602 0.0 0.0 0.0 13.53536419 0.0 0.0 0.0 13.677660490000001" Properties=species:S:1:pos:R:3:GW_charged:R:1:dKS_charged:R:1:dKS_neutral:R:1 pbc="T T T"
 19 20  0  0  1  0  0  0  0  0999 V2000
    5.4582    8.5976    8.2677 C   0  0  0  0  0  0  0  0  0  0  0  0
    5.5195    7.0710    8.1788 C   0  0  0  0  0  0  0  0  0  0  0  0
    6.2251    6.5728    6.9416 C   0  0  1  0  0  0  0  0  0  0  0  0
    7.7032    6.8488    6.5077 C   0  0  0  0  0  0  0  0  0  0  0  0
    7.1057    5.9414    5.3976 C   0  0  1  0  0  0  0  0  0  0  0  0
    6.4726    5.0873    6.5299 C   0  0  0  0  0  0  0  0  0  0  0  0
    5.8333    6.8308    5.4485 C   0  0  0  0  0  0  0  0  0  0  0  0
    6.4663    9.0354    8.2826 H   0  0  0  0  0  0  0  0  0  0  0  0
    4.9251    9.0246    7.4066 H   0  0  0  0  0  0  0  0  0  0  0  0
    4.9387    8.9261    9.1777 H   0  0  0  0  0  0  0  0  0  0  0  0
    6.0332    6.6626    9.0648 H   0  0  0  0  0  0  0  0  0  0  0  0
    4.5000    6.6516    8.1948 H   0  0  0  0  0  0  0  0  0  0  0  0
    7.9466    7.8811    6.2200 H   0  0  0  0  0  0  0  0  0  0  0  0
    8.4862    6.4056    7.1394 H   0  0  0  0  0  0  0  0  0  0  0  0
    7.6176    5.5743    4.5000 H   0  0  0  0  0  0  0  0  0  0  0  0
    7.1656    4.5153    7.1633 H   0  0  0  0  0  0  0  0  0  0  0  0
    5.5815    4.5000    6.2660 H   0  0  0  0  0  0  0  0  0  0  0  0
    4.8954    6.3710    5.1056 H   0  0  0  0  0  0  0  0  0  0  0  0
    5.9398    7.8618    5.0833 H   0  0  0  0  0  0  0  0  0  0  0  0
  1  8  1  0  0  0  0
  1 10  1  0  0  0  0
  2 12  1  0  0  0  0
  2  1  1  0  0  0  0
  2 11  1  0  0  0  0
  3  2  1  1  0  0  0
  4  3  1  0  0  0  0
  4 14  1  0  0  0  0
  5 15  1  6  0  0  0
  5  7  1  0  0  0  0
  5  4  1  0  0  0  0
  5  6  1  0  0  0  0
  6  3  1  0  0  0  0
  6 16  1  0  0  0  0
  7  3  1  0  0  0  0
  9  1  1  0  0  0  0
 13  4  1  0  0  0  0
 17  6  1  0  0  0  0
 18  7  1  0  0  0  0
 19  7  1  0  0  0  0
M  END
