Lattice="15.24144852 0.0 0.0 0.0 15.04016694 0.0 0.0 0.0 12.49913351" Properties=species:S:1:pos:R:3:GW_charged:R:1:dKS_charged:R:1:dKS_neutral:R:1 pbc="T T T"
 OpenBabel12102410123D
Lattice="15.24144852 0.0 0.0 0.0 15.04016694 0.0 0.0 0.0 12.49913351" Properties=species:S:1:pos:R:3:GW_charged:R:1:dKS_charged:R:1:dKS_neutral:R:1 pbc="T T T"
 21 23  0  0  1  0  0  0  0  0999 V2000
    6.6527    7.8684    5.5785 C   0  0  0  0  0  0  0  0  0  0  0  0
    6.5997    6.3682    5.3640 C   0  0  0  0  0  0  0  0  0  0  0  0
    6.5708    5.4321    6.5484 C   0  0  0  0  0  0  0  0  0  0  0  0
    5.3454    5.5946    5.6798 C   0  0  0  0  0  0  0  0  0  0  0  0
    8.0457    8.3579    5.8247 C   0  0  2  0  0  0  0  0  0  0  0  0
    8.9481    8.1093    7.0494 C   0  0  0  0  0  0  0  0  0  0  0  0
    9.6704    9.4653    6.7407 C   0  0  0  0  0  0  0  0  0  0  0  0
    8.7447    9.6297    5.5301 C   0  0  1  0  0  0  0  0  0  0  0  0
    8.9364    8.4750    4.6865 O   0  0  0  0  0  0  0  0  0  0  0  0
    6.2413    8.3946    4.7030 H   0  0  0  0  0  0  0  0  0  0  0  0
    6.0237    8.1406    6.4427 H   0  0  0  0  0  0  0  0  0  0  0  0
    7.1708    6.0243    4.5000 H   0  0  0  0  0  0  0  0  0  0  0  0
    7.1300    4.5000    6.4874 H   0  0  0  0  0  0  0  0  0  0  0  0
    6.5497    5.8745    7.5443 H   0  0  0  0  0  0  0  0  0  0  0  0
    4.5000    6.1461    6.0915 H   0  0  0  0  0  0  0  0  0  0  0  0
    5.0640    4.7731    5.0233 H   0  0  0  0  0  0  0  0  0  0  0  0
    8.3982    8.1339    7.9991 H   0  0  0  0  0  0  0  0  0  0  0  0
    9.5491    7.1929    7.0004 H   0  0  0  0  0  0  0  0  0  0  0  0
    9.4984   10.2188    7.5199 H   0  0  0  0  0  0  0  0  0  0  0  0
   10.7414    9.4217    6.5043 H   0  0  0  0  0  0  0  0  0  0  0  0
    8.3955   10.5402    5.0421 H   0  0  0  0  0  0  0  0  0  0  0  0
  1 11  1  0  0  0  0
  2  1  1  0  0  0  0
  2  4  1  0  0  0  0
  2  3  1  0  0  0  0
  3 14  1  0  0  0  0
  4 15  1  0  0  0  0
  4  3  1  0  0  0  0
  5  1  1  6  0  0  0
  5  6  1  0  0  0  0
  6 17  1  0  0  0  0
  7  6  1  0  0  0  0
  7 19  1  0  0  0  0
  8 21  1  6  0  0  0
  8  5  1  0  0  0  0
  8  7  1  0  0  0  0
  9  8  1  0  0  0  0
  9  5  1  0  0  0  0
 10  1  1  0  0  0  0
 12  2  1  0  0  0  0
 13  3  1  0  0  0  0
 16  4  1  0  0  0  0
 18  6  1  0  0  0  0
 20  7  1  0  0  0  0
M  END
