Lattice="13.29473954 0.0 0.0 0.0 13.91454564 0.0 0.0 0.0 13.05426039" Properties=species:S:1:pos:R:3:GW_charged:R:1:dKS_charged:R:1:dKS_neutral:R:1 pbc="T T T"
 OpenBabel12102409373D
Lattice="13.29473954 0.0 0.0 0.0 13.91454564 0.0 0.0 0.0 13.05426039" Properties=species:S:1:pos:R:3:GW_charged:R:1:dKS_charged:R:1:dKS_neutral:R:1 pbc="T T T"
 17 18  0  0  1  0  0  0  0  0999 V2000
    6.7607    8.9913    6.4809 C   0  0  0  0  0  0  0  0  0  0  0  0
    6.7972    7.4820    6.4814 C   0  0  1  0  0  0  0  0  0  0  0  0
    7.7446    6.6459    5.5424 C   0  0  0  0  0  0  0  0  0  0  0  0
    7.3867    5.5135    6.5618 C   0  0  1  0  0  0  0  0  0  0  0  0
    7.4346    6.6390    7.6482 C   0  0  0  0  0  0  0  0  0  0  0  0
    5.8732    5.4120    6.3386 C   0  0  0  0  0  0  0  0  0  0  0  0
    5.4876    6.6955    6.2861 C   0  0  0  0  0  0  0  0  0  0  0  0
    7.7636    9.4145    6.6300 H   0  0  0  0  0  0  0  0  0  0  0  0
    6.3721    9.3777    5.5273 H   0  0  0  0  0  0  0  0  0  0  0  0
    6.1133    9.3720    7.2844 H   0  0  0  0  0  0  0  0  0  0  0  0
    7.4280    6.5087    4.5000 H   0  0  0  0  0  0  0  0  0  0  0  0
    8.7947    6.9693    5.6005 H   0  0  0  0  0  0  0  0  0  0  0  0
    7.9717    4.5921    6.6449 H   0  0  0  0  0  0  0  0  0  0  0  0
    8.4567    6.9618    7.8972 H   0  0  0  0  0  0  0  0  0  0  0  0
    6.8313    6.4955    8.5543 H   0  0  0  0  0  0  0  0  0  0  0  0
    5.2894    4.5000    6.2497 H   0  0  0  0  0  0  0  0  0  0  0  0
    4.5000    7.1272    6.1421 H   0  0  0  0  0  0  0  0  0  0  0  0
  1  8  1  0  0  0  0
  1 10  1  0  0  0  0
  2  1  1  1  0  0  0
  2  5  1  0  0  0  0
  3 12  1  0  0  0  0
  3  2  1  0  0  0  0
  3  4  1  0  0  0  0
  4 13  1  1  0  0  0
  4  5  1  0  0  0  0
  5 14  1  0  0  0  0
  5 15  1  0  0  0  0
  6  4  1  0  0  0  0
  7  6  2  0  0  0  0
  7  2  1  0  0  0  0
  9  1  1  0  0  0  0
 11  3  1  0  0  0  0
 16  6  1  0  0  0  0
 17  7  1  0  0  0  0
M  END
