Lattice="14.52516072 0.0 0.0 0.0 14.44944116 0.0 0.0 0.0 14.165024970000001" Properties=species:S:1:pos:R:3:GW_charged:R:1:dKS_charged:R:1:dKS_neutral:R:1 pbc="T T T"
 OpenBabel12102409443D
Lattice="14.52516072 0.0 0.0 0.0 14.44944116 0.0 0.0 0.0 14.165024970000001" Properties=species:S:1:pos:R:3:GW_charged:R:1:dKS_charged:R:1:dKS_neutral:R:1 pbc="T T T"
 19 20  0  0  0  0  0  0  0  0999 V2000
    7.9074    5.5669    7.3988 C   0  0  0  0  0  0  0  0  0  0  0  0
    7.8664    6.7762    7.4691 C   0  0  0  0  0  0  0  0  0  0  0  0
    7.7937    8.2114    7.5333 C   0  0  0  0  0  0  0  0  0  0  0  0
    8.1997    8.8723    8.8483 C   0  0  0  0  0  0  0  0  0  0  0  0
    9.1115    8.9715    7.6616 C   0  0  0  0  0  0  0  0  0  0  0  0
    6.6813    8.8607    6.7329 C   0  0  0  0  0  0  0  0  0  0  0  0
    6.4971    8.4767    5.2488 C   0  0  0  0  0  0  0  0  0  0  0  0
    5.0774    8.2317    5.4485 O   0  0  0  0  0  0  0  0  0  0  0  0
    5.2363    8.3398    6.8903 C   0  0  0  0  0  0  0  0  0  0  0  0
    7.9492    4.5000    7.3414 H   0  0  0  0  0  0  0  0  0  0  0  0
    7.6336    9.7539    9.1463 H   0  0  0  0  0  0  0  0  0  0  0  0
    8.4873    8.2140    9.6650 H   0  0  0  0  0  0  0  0  0  0  0  0
   10.0252    8.3814    7.6635 H   0  0  0  0  0  0  0  0  0  0  0  0
    9.1796    9.9222    7.1342 H   0  0  0  0  0  0  0  0  0  0  0  0
    6.7385    9.9494    6.8677 H   0  0  0  0  0  0  0  0  0  0  0  0
    6.6772    9.2623    4.5000 H   0  0  0  0  0  0  0  0  0  0  0  0
    7.0299    7.5563    4.9572 H   0  0  0  0  0  0  0  0  0  0  0  0
    5.1688    7.3542    7.3803 H   0  0  0  0  0  0  0  0  0  0  0  0
    4.5000    9.0259    7.3345 H   0  0  0  0  0  0  0  0  0  0  0  0
  1  2  3  0  0  0  0
  2  3  1  0  0  0  0
  3  5  1  0  0  0  0
  3  4  1  0  0  0  0
  4 11  1  0  0  0  0
  4 12  1  0  0  0  0
  5 13  1  0  0  0  0
  5  4  1  0  0  0  0
  6 15  1  0  0  0  0
  6  9  1  0  0  0  0
  6  3  1  0  0  0  0
  7  8  1  0  0  0  0
  7  6  1  0  0  0  0
  8  9  1  0  0  0  0
  9 19  1  0  0  0  0
  9 18  1  0  0  0  0
 10  1  1  0  0  0  0
 14  5  1  0  0  0  0
 16  7  1  0  0  0  0
 17  7  1  0  0  0  0
M  END
