Lattice="13.53773077 0.0 0.0 0.0 15.1852092 0.0 0.0 0.0 10.81189536" Properties=species:S:1:pos:R:3:GW_charged:R:1:dKS_charged:R:1:dKS_neutral:R:1 pbc="T T T"
 OpenBabel12102409263D
Lattice="13.53773077 0.0 0.0 0.0 15.1852092 0.0 0.0 0.0 10.81189536" Properties=species:S:1:pos:R:3:GW_charged:R:1:dKS_charged:R:1:dKS_neutral:R:1 pbc="T T T"
 16 15  0  0  0  0  0  0  0  0999 V2000
    8.1348   10.3353    5.4075 O   0  0  0  0  0  0  0  0  0  0  0  0
    8.2078    8.9041    5.3992 C   0  0  0  0  0  0  0  0  0  0  0  0
    6.7889    8.3576    5.4098 C   0  0  0  0  0  0  0  0  0  0  0  0
    6.7488    6.8276    5.4021 C   0  0  0  0  0  0  0  0  0  0  0  0
    5.3299    6.2811    5.4127 C   0  0  0  0  0  0  0  0  0  0  0  0
    5.4029    4.8499    5.4044 O   0  0  0  0  0  0  0  0  0  0  0  0
    9.0377   10.6852    5.4006 H   0  0  0  0  0  0  0  0  0  0  0  0
    8.7425    8.5449    4.5000 H   0  0  0  0  0  0  0  0  0  0  0  0
    8.7594    8.5355    6.2842 H   0  0  0  0  0  0  0  0  0  0  0  0
    6.2715    8.7503    6.2996 H   0  0  0  0  0  0  0  0  0  0  0  0
    6.2547    8.7597    4.5342 H   0  0  0  0  0  0  0  0  0  0  0  0
    7.2662    6.4349    4.5123 H   0  0  0  0  0  0  0  0  0  0  0  0
    7.2830    6.4255    6.2776 H   0  0  0  0  0  0  0  0  0  0  0  0
    4.7953    6.6403    6.3119 H   0  0  0  0  0  0  0  0  0  0  0  0
    4.7783    6.6497    4.5277 H   0  0  0  0  0  0  0  0  0  0  0  0
    4.5000    4.5000    5.4112 H   0  0  0  0  0  0  0  0  0  0  0  0
  2  1  1  0  0  0  0
  2  3  1  0  0  0  0
  2  9  1  0  0  0  0
  3 10  1  0  0  0  0
  4  3  1  0  0  0  0
  4  5  1  0  0  0  0
  4 13  1  0  0  0  0
  5 14  1  0  0  0  0
  6 16  1  0  0  0  0
  6  5  1  0  0  0  0
  7  1  1  0  0  0  0
  8  2  1  0  0  0  0
 11  3  1  0  0  0  0
 12  4  1  0  0  0  0
 15  5  1  0  0  0  0
M  END
