Lattice="15.16126122 0.0 0.0 0.0 15.35780624 0.0 0.0 0.0 13.23931877" Properties=species:S:1:pos:R:3:GW_charged:R:1:dKS_charged:R:1:dKS_neutral:R:1 pbc="T T T"
 OpenBabel12102410123D
Lattice="15.16126122 0.0 0.0 0.0 15.35780624 0.0 0.0 0.0 13.23931877" Properties=species:S:1:pos:R:3:GW_charged:R:1:dKS_charged:R:1:dKS_neutral:R:1 pbc="T T T"
 21 22  0  0  0  0  0  0  0  0999 V2000
    6.6093    7.6636    6.4609 C   0  0  0  0  0  0  0  0  0  0  0  0
    6.5874    6.1527    6.5053 C   0  0  0  0  0  0  0  0  0  0  0  0
    6.5869    5.4299    7.8323 C   0  0  0  0  0  0  0  0  0  0  0  0
    5.3498    5.4250    6.9660 C   0  0  0  0  0  0  0  0  0  0  0  0
    8.0050    8.2374    6.6047 C   0  0  0  0  0  0  0  0  0  0  0  0
    8.8022    7.9231    5.4726 O   0  0  0  0  0  0  0  0  0  0  0  0
    9.8531    8.8871    5.5131 C   0  0  0  0  0  0  0  0  0  0  0  0
    9.1599   10.1540    6.0550 C   0  0  0  0  0  0  0  0  0  0  0  0
    7.9567    9.6648    6.6647 O   0  0  0  0  0  0  0  0  0  0  0  0
    6.1874    8.0392    5.5162 H   0  0  0  0  0  0  0  0  0  0  0  0
    5.9980    8.0775    7.2774 H   0  0  0  0  0  0  0  0  0  0  0  0
    7.1514    5.6717    5.7048 H   0  0  0  0  0  0  0  0  0  0  0  0
    7.1605    4.5090    7.9221 H   0  0  0  0  0  0  0  0  0  0  0  0
    6.5680    6.0343    8.7393 H   0  0  0  0  0  0  0  0  0  0  0  0
    4.5000    6.0257    7.2898 H   0  0  0  0  0  0  0  0  0  0  0  0
    5.0757    4.5000    6.4615 H   0  0  0  0  0  0  0  0  0  0  0  0
    8.5054    7.8501    7.5205 H   0  0  0  0  0  0  0  0  0  0  0  0
   10.6613    8.5522    6.1885 H   0  0  0  0  0  0  0  0  0  0  0  0
   10.2557    9.0002    4.5000 H   0  0  0  0  0  0  0  0  0  0  0  0
    9.7813   10.6804    6.7967 H   0  0  0  0  0  0  0  0  0  0  0  0
    8.8818   10.8578    5.2569 H   0  0  0  0  0  0  0  0  0  0  0  0
  1  2  1  0  0  0  0
  1  5  1  0  0  0  0
  1 11  1  0  0  0  0
  2  4  1  0  0  0  0
  2  3  1  0  0  0  0
  3 13  1  0  0  0  0
  3 14  1  0  0  0  0
  4 15  1  0  0  0  0
  4  3  1  0  0  0  0
  5  9  1  0  0  0  0
  5 17  1  0  0  0  0
  6  7  1  0  0  0  0
  6  5  1  0  0  0  0
  7  8  1  0  0  0  0
  7 18  1  0  0  0  0
  8  9  1  0  0  0  0
  8 20  1  0  0  0  0
 10  1  1  0  0  0  0
 12  2  1  0  0  0  0
 16  4  1  0  0  0  0
 19  7  1  0  0  0  0
 21  8  1  0  0  0  0
M  END
