Lattice="12.782287929999999 0.0 0.0 0.0 14.64102428 0.0 0.0 0.0 14.26875703" Properties=species:S:1:pos:R:3:GW_charged:R:1:dKS_charged:R:1:dKS_neutral:R:1 pbc="T T T"
 OpenBabel12102409403D
Lattice="12.782287929999999 0.0 0.0 0.0 14.64102428 0.0 0.0 0.0 14.26875703" Properties=species:S:1:pos:R:3:GW_charged:R:1:dKS_charged:R:1:dKS_neutral:R:1 pbc="T T T"
 22 21  0  0  0  0  0  0  0  0999 V2000
    5.3639    9.6364    5.4287 C   0  0  0  0  0  0  0  0  0  0  0  0
    5.5145    8.1285    5.6392 C   0  0  0  0  0  0  0  0  0  0  0  0
    6.2728    7.6771    6.9133 C   0  0  0  0  0  0  0  0  0  0  0  0
    7.7211    8.1923    6.9057 C   0  0  0  0  0  0  0  0  0  0  0  0
    5.5506    8.1537    8.1838 C   0  0  0  0  0  0  0  0  0  0  0  0
    6.2809    6.1164    6.8799 C   0  0  0  0  0  0  0  0  0  0  0  0
    6.9529    5.4784    8.0018 C   0  0  0  0  0  0  0  0  0  0  0  0
    7.5164    4.9645    8.9428 C   0  0  0  0  0  0  0  0  0  0  0  0
    6.3359   10.1410    5.3461 H   0  0  0  0  0  0  0  0  0  0  0  0
    4.8133    9.8384    4.5000 H   0  0  0  0  0  0  0  0  0  0  0  0
    4.8076   10.1141    6.2464 H   0  0  0  0  0  0  0  0  0  0  0  0
    4.5120    7.6685    5.6576 H   0  0  0  0  0  0  0  0  0  0  0  0
    6.0284    7.6952    4.7645 H   0  0  0  0  0  0  0  0  0  0  0  0
    7.7564    9.2876    6.9735 H   0  0  0  0  0  0  0  0  0  0  0  0
    8.2823    7.7879    7.7586 H   0  0  0  0  0  0  0  0  0  0  0  0
    8.2452    7.8940    5.9855 H   0  0  0  0  0  0  0  0  0  0  0  0
    4.5000    7.8273    8.1911 H   0  0  0  0  0  0  0  0  0  0  0  0
    6.0350    7.7480    9.0820 H   0  0  0  0  0  0  0  0  0  0  0  0
    5.5638    9.2486    8.2646 H   0  0  0  0  0  0  0  0  0  0  0  0
    5.2388    5.7572    6.8371 H   0  0  0  0  0  0  0  0  0  0  0  0
    6.7581    5.7842    5.9425 H   0  0  0  0  0  0  0  0  0  0  0  0
    8.0117    4.5000    9.7688 H   0  0  0  0  0  0  0  0  0  0  0  0
  1  2  1  0  0  0  0
  1 11  1  0  0  0  0
  2 12  1  0  0  0  0
  2  3  1  0  0  0  0
  3  5  1  0  0  0  0
  4  3  1  0  0  0  0
  4 14  1  0  0  0  0
  4 15  1  0  0  0  0
  5 17  1  0  0  0  0
  5 19  1  0  0  0  0
  5 18  1  0  0  0  0
  6  3  1  0  0  0  0
  6  7  1  0  0  0  0
  7  8  3  0  0  0  0
  8 22  1  0  0  0  0
  9  1  1  0  0  0  0
 10  1  1  0  0  0  0
 13  2  1  0  0  0  0
 16  4  1  0  0  0  0
 20  6  1  0  0  0  0
 21  6  1  0  0  0  0
M  END
