Lattice="14.37543149 0.0 0.0 0.0 13.25405333 0.0 0.0 0.0 12.87520709" Properties=species:S:1:pos:R:3:GW_charged:R:1:dKS_charged:R:1:dKS_neutral:R:1 pbc="T T T"
 OpenBabel12102409263D
Lattice="14.37543149 0.0 0.0 0.0 13.25405333 0.0 0.0 0.0 12.87520709" Properties=species:S:1:pos:R:3:GW_charged:R:1:dKS_charged:R:1:dKS_neutral:R:1 pbc="T T T"
 19 19  0  0  0  0  0  0  0  0999 V2000
    5.7945    7.9879    6.2410 C   0  0  0  0  0  0  0  0  0  0  0  0
    6.3830    6.5826    6.3113 C   0  0  0  0  0  0  0  0  0  0  0  0
    5.2985    5.5289    6.0665 C   0  0  0  0  0  0  0  0  0  0  0  0
    7.6617    6.3279    5.4466 C   0  0  0  0  0  0  0  0  0  0  0  0
    8.2897    5.5831    6.6514 C   0  0  0  0  0  0  0  0  0  0  0  0
    9.6737    5.7165    6.9255 O   0  0  0  0  0  0  0  0  0  0  0  0
    7.2466    6.2605    7.5754 C   0  0  0  0  0  0  0  0  0  0  0  0
    6.5633    8.7541    6.4151 H   0  0  0  0  0  0  0  0  0  0  0  0
    5.3462    8.1811    5.2546 H   0  0  0  0  0  0  0  0  0  0  0  0
    5.0065    8.1261    6.9968 H   0  0  0  0  0  0  0  0  0  0  0  0
    4.8399    5.6628    5.0756 H   0  0  0  0  0  0  0  0  0  0  0  0
    5.6965    4.5055    6.1117 H   0  0  0  0  0  0  0  0  0  0  0  0
    4.5000    5.6077    6.8191 H   0  0  0  0  0  0  0  0  0  0  0  0
    7.5483    5.7828    4.5000 H   0  0  0  0  0  0  0  0  0  0  0  0
    8.1989    7.2682    5.2482 H   0  0  0  0  0  0  0  0  0  0  0  0
    8.1228    4.5000    6.5846 H   0  0  0  0  0  0  0  0  0  0  0  0
    9.8754    6.6632    6.9947 H   0  0  0  0  0  0  0  0  0  0  0  0
    7.6589    7.1805    8.0179 H   0  0  0  0  0  0  0  0  0  0  0  0
    6.7927    5.6601    8.3752 H   0  0  0  0  0  0  0  0  0  0  0  0
  1  2  1  0  0  0  0
  1  8  1  0  0  0  0
  1 10  1  0  0  0  0
  2  7  1  0  0  0  0
  3 12  1  0  0  0  0
  3  2  1  0  0  0  0
  3 13  1  0  0  0  0
  4  2  1  0  0  0  0
  4  5  1  0  0  0  0
  5  6  1  0  0  0  0
  5  7  1  0  0  0  0
  6 17  1  0  0  0  0
  7 18  1  0  0  0  0
  7 19  1  0  0  0  0
  9  1  1  0  0  0  0
 11  3  1  0  0  0  0
 14  4  1  0  0  0  0
 15  4  1  0  0  0  0
 16  5  1  0  0  0  0
M  END
