Lattice="10.539232890000001 0.0 0.0 0.0 14.82394159 0.0 0.0 0.0 13.31748324" Properties=species:S:1:pos:R:3:GW_charged:R:1:dKS_charged:R:1:dKS_neutral:R:1 pbc="T T T"
 OpenBabel12102409263D
Lattice="10.539232890000001 0.0 0.0 0.0 14.82394159 0.0 0.0 0.0 13.31748324" Properties=species:S:1:pos:R:3:GW_charged:R:1:dKS_charged:R:1:dKS_neutral:R:1 pbc="T T T"
 15 15  0  0  0  0  0  0  0  0999 V2000
    5.0117    9.9167    6.6760 C   0  0  0  0  0  0  0  0  0  0  0  0
    5.0137    8.4101    6.6679 C   0  0  0  0  0  0  0  0  0  0  0  0
    5.0198    7.6958    5.4615 C   0  0  0  0  0  0  0  0  0  0  0  0
    5.0517    6.3005    5.4508 C   0  0  0  0  0  0  0  0  0  0  0  0
    5.0762    5.5898    6.6522 C   0  0  0  0  0  0  0  0  0  0  0  0
    5.0663    6.2874    7.8615 C   0  0  0  0  0  0  0  0  0  0  0  0
    5.0344    7.6827    7.8663 C   0  0  0  0  0  0  0  0  0  0  0  0
    6.0392   10.3121    6.6682 H   0  0  0  0  0  0  0  0  0  0  0  0
    4.5000   10.3239    5.7944 H   0  0  0  0  0  0  0  0  0  0  0  0
    4.5172   10.3144    7.5717 H   0  0  0  0  0  0  0  0  0  0  0  0
    4.9970    8.2418    4.5164 H   0  0  0  0  0  0  0  0  0  0  0  0
    5.0533    5.7665    4.5000 H   0  0  0  0  0  0  0  0  0  0  0  0
    5.0978    4.5000    6.6462 H   0  0  0  0  0  0  0  0  0  0  0  0
    5.0793    5.7431    8.8063 H   0  0  0  0  0  0  0  0  0  0  0  0
    5.0230    8.2185    8.8175 H   0  0  0  0  0  0  0  0  0  0  0  0
  1 10  1  0  0  0  0
  2  1  1  0  0  0  0
  2  7  1  0  0  0  0
  3  2  2  0  0  0  0
  4  3  1  0  0  0  0
  4  5  2  0  0  0  0
  5  6  1  0  0  0  0
  6  7  2  0  0  0  0
  6 14  1  0  0  0  0
  7 15  1  0  0  0  0
  8  1  1  0  0  0  0
  9  1  1  0  0  0  0
 11  3  1  0  0  0  0
 12  4  1  0  0  0  0
 13  5  1  0  0  0  0
M  END
