Lattice="11.75974479 0.0 0.0 0.0 13.49709881 0.0 0.0 0.0 13.11583697" Properties=species:S:1:pos:R:3:GW_charged:R:1:dKS_charged:R:1:dKS_neutral:R:1 pbc="T T T"
 OpenBabel11192412253D
Lattice="11.75974479 0.0 0.0 0.0 13.49709881 0.0 0.0 0.0 13.11583697" Properties=species:S:1:pos:R:3:GW_charged:R:1:dKS_charged:R:1:dKS_neutral:R:1 pbc="T T T"
 15 14  0  0  1  0  0  0  0  0999 V2000
    5.4785    8.5697    7.7186 C   0  0  0  0  0  0  0  0  0  0  0  0
    5.5233    7.0423    7.6702 C   0  0  0  0  0  0  0  0  0  0  0  0
    6.2416    6.4837    6.4430 C   0  0  1  0  0  0  0  0  0  0  0  0
    6.3579    4.9613    6.4759 C   0  0  0  0  0  0  0  0  0  0  0  0
    5.4990    6.9245    5.2902 O   0  0  0  0  0  0  0  0  0  0  0  0
    6.4919    8.9971    7.7390 H   0  0  0  0  0  0  0  0  0  0  0  0
    4.9624    8.9760    6.8400 H   0  0  0  0  0  0  0  0  0  0  0  0
    4.9520    8.9217    8.6158 H   0  0  0  0  0  0  0  0  0  0  0  0
    6.0277    6.6504    8.5673 H   0  0  0  0  0  0  0  0  0  0  0  0
    4.5000    6.6327    7.6801 H   0  0  0  0  0  0  0  0  0  0  0  0
    7.2597    6.9219    6.4054 H   0  0  0  0  0  0  0  0  0  0  0  0
    6.8659    4.5826    5.5764 H   0  0  0  0  0  0  0  0  0  0  0  0
    6.9404    4.6293    7.3472 H   0  0  0  0  0  0  0  0  0  0  0  0
    5.3617    4.5000    6.5256 H   0  0  0  0  0  0  0  0  0  0  0  0
    5.9378    6.5749    4.5000 H   0  0  0  0  0  0  0  0  0  0  0  0
  1  6  1  0  0  0  0
  1  8  1  0  0  0  0
  2 10  1  0  0  0  0
  2  1  1  0  0  0  0
  2  9  1  0  0  0  0
  3 11  1  6  0  0  0
  3  4  1  0  0  0  0
  3  2  1  0  0  0  0
  4 14  1  0  0  0  0
  4 13  1  0  0  0  0
  5  3  1  0  0  0  0
  7  1  1  0  0  0  0
 12  4  1  0  0  0  0
 15  5  1  0  0  0  0
M  END
