Lattice="13.52626244 0.0 0.0 0.0 14.05948205 0.0 0.0 0.0 13.72820892" Properties=species:S:1:pos:R:3:GW_charged:R:1:dKS_charged:R:1:dKS_neutral:R:1 pbc="T T T"
 OpenBabel12102411053D
Lattice="13.52626244 0.0 0.0 0.0 14.05948205 0.0 0.0 0.0 13.72820892" Properties=species:S:1:pos:R:3:GW_charged:R:1:dKS_charged:R:1:dKS_neutral:R:1 pbc="T T T"
 23 24  0  0  1  0  0  0  0  0999 V2000
    6.0606    7.6709    8.1997 C   0  0  0  0  0  0  0  0  0  0  0  0
    7.5850    7.8640    7.9457 C   0  0  1  0  0  0  0  0  0  0  0  0
    7.7567    6.3120    7.9918 C   0  0  0  0  0  0  0  0  0  0  0  0
    6.2045    6.1384    7.9627 C   0  0  2  0  0  0  0  0  0  0  0  0
    5.5563    5.6036    6.6801 C   0  0  0  0  0  0  0  0  0  0  0  0
    6.1947    5.9874    5.3411 C   0  0  0  0  0  0  0  0  0  0  0  0
    6.3764    7.3881    5.1332 O   0  0  0  0  0  0  0  0  0  0  0  0
    7.7049    7.8752    5.3225 C   0  0  0  0  0  0  0  0  0  0  0  0
    7.9521    8.5983    6.6506 C   0  0  0  0  0  0  0  0  0  0  0  0
    5.7650    7.9176    9.2282 H   0  0  0  0  0  0  0  0  0  0  0  0
    5.3924    8.1987    7.5073 H   0  0  0  0  0  0  0  0  0  0  0  0
    8.0961    8.3769    8.7725 H   0  0  0  0  0  0  0  0  0  0  0  0
    8.3287    5.8464    7.1779 H   0  0  0  0  0  0  0  0  0  0  0  0
    8.1960    5.9698    8.9373 H   0  0  0  0  0  0  0  0  0  0  0  0
    5.8243    5.5372    8.8005 H   0  0  0  0  0  0  0  0  0  0  0  0
    5.5441    4.5000    6.7045 H   0  0  0  0  0  0  0  0  0  0  0  0
    4.5000    5.9192    6.6773 H   0  0  0  0  0  0  0  0  0  0  0  0
    7.1643    5.4723    5.2193 H   0  0  0  0  0  0  0  0  0  0  0  0
    5.5408    5.6303    4.5291 H   0  0  0  0  0  0  0  0  0  0  0  0
    8.4191    7.0409    5.2037 H   0  0  0  0  0  0  0  0  0  0  0  0
    7.9019    8.5817    4.5000 H   0  0  0  0  0  0  0  0  0  0  0  0
    7.4123    9.5595    6.6414 H   0  0  0  0  0  0  0  0  0  0  0  0
    9.0263    8.8527    6.6616 H   0  0  0  0  0  0  0  0  0  0  0  0
  1 10  1  0  0  0  0
  2  3  1  0  0  0  0
  2  1  1  0  0  0  0
  2 12  1  1  0  0  0
  3 14  1  0  0  0  0
  4  3  1  0  0  0  0
  4  1  1  0  0  0  0
  4 15  1  1  0  0  0
  5 16  1  0  0  0  0
  5  4  1  0  0  0  0
  6  5  1  0  0  0  0
  7  8  1  0  0  0  0
  7  6  1  0  0  0  0
  8  9  1  0  0  0  0
  9 23  1  0  0  0  0
  9  2  1  0  0  0  0
 11  1  1  0  0  0  0
 13  3  1  0  0  0  0
 17  5  1  0  0  0  0
 18  6  1  0  0  0  0
 19  6  1  0  0  0  0
 20  8  1  0  0  0  0
 21  8  1  0  0  0  0
 22  9  1  0  0  0  0
M  END
