Lattice="11.73220569 0.0 0.0 0.0 14.721419000000001 0.0 0.0 0.0 12.91413107" Properties=species:S:1:pos:R:3:GW_charged:R:1:dKS_charged:R:1:dKS_neutral:R:1 pbc="T T T"
 OpenBabel12102409323D
Lattice="11.73220569 0.0 0.0 0.0 14.721419000000001 0.0 0.0 0.0 12.91413107" Properties=species:S:1:pos:R:3:GW_charged:R:1:dKS_charged:R:1:dKS_neutral:R:1 pbc="T T T"
 17 17  0  0  0  0  0  0  0  0999 V2000
    5.3724    9.6732    7.5635 C   0  0  0  0  0  0  0  0  0  0  0  0
    5.2458    8.2738    7.3823 O   0  0  0  0  0  0  0  0  0  0  0  0
    6.2187    7.7482    6.4806 C   0  0  0  0  0  0  0  0  0  0  0  0
    6.1236    6.2478    6.5249 C   0  0  0  0  0  0  0  0  0  0  0  0
    6.3988    5.7051    7.7985 O   0  0  0  0  0  0  0  0  0  0  0  0
    5.1234    5.5285    5.6480 C   0  0  0  0  0  0  0  0  0  0  0  0
    6.6124    5.4334    5.3696 C   0  0  0  0  0  0  0  0  0  0  0  0
    6.3668    9.9424    7.9645 H   0  0  0  0  0  0  0  0  0  0  0  0
    5.2177   10.2214    6.6160 H   0  0  0  0  0  0  0  0  0  0  0  0
    4.6018    9.9787    8.2806 H   0  0  0  0  0  0  0  0  0  0  0  0
    6.0419    8.1244    5.4546 H   0  0  0  0  0  0  0  0  0  0  0  0
    7.2322    8.0659    6.7953 H   0  0  0  0  0  0  0  0  0  0  0  0
    5.7873    6.1447    8.4141 H   0  0  0  0  0  0  0  0  0  0  0  0
    4.6419    4.6539    6.0806 H   0  0  0  0  0  0  0  0  0  0  0  0
    4.5000    6.1165    4.9756 H   0  0  0  0  0  0  0  0  0  0  0  0
    7.0203    5.9474    4.5000 H   0  0  0  0  0  0  0  0  0  0  0  0
    7.1104    4.5000    5.6255 H   0  0  0  0  0  0  0  0  0  0  0  0
  1  8  1  0  0  0  0
  1 10  1  0  0  0  0
  2  1  1  0  0  0  0
  3  4  1  0  0  0  0
  3 12  1  0  0  0  0
  3  2  1  0  0  0  0
  4  5  1  0  0  0  0
  5 13  1  0  0  0  0
  6 14  1  0  0  0  0
  6  4  1  0  0  0  0
  7 17  1  0  0  0  0
  7  6  1  0  0  0  0
  7  4  1  0  0  0  0
  9  1  1  0  0  0  0
 11  3  1  0  0  0  0
 15  6  1  0  0  0  0
 16  7  1  0  0  0  0
M  END
