Lattice="13.2960107 0.0 0.0 0.0 14.67175933 0.0 0.0 0.0 14.390409779999999" Properties=species:S:1:pos:R:3:GW_charged:R:1:dKS_charged:R:1:dKS_neutral:R:1 pbc="T T T"
 OpenBabel12102409383D
Lattice="13.2960107 0.0 0.0 0.0 14.67175933 0.0 0.0 0.0 14.390409779999999" Properties=species:S:1:pos:R:3:GW_charged:R:1:dKS_charged:R:1:dKS_neutral:R:1 pbc="T T T"
 21 21  0  0  1  0  0  0  0  0999 V2000
    5.4503    9.6703    9.0693 C   0  0  0  0  0  0  0  0  0  0  0  0
    5.4780    8.1502    8.9064 C   0  0  0  0  0  0  0  0  0  0  0  0
    6.5686    7.6623    7.9449 C   0  0  0  0  0  0  0  0  0  0  0  0
    6.5844    6.1566    7.7907 C   0  0  1  0  0  0  0  0  0  0  0  0
    5.6514    5.4616    6.8223 C   0  0  0  0  0  0  0  0  0  0  0  0
    7.1426    5.4483    6.5731 C   0  0  1  0  0  0  0  0  0  0  0  0
    7.7515    6.1810    5.3990 C   0  0  0  0  0  0  0  0  0  0  0  0
    6.4072   10.0486    9.4583 H   0  0  0  0  0  0  0  0  0  0  0  0
    5.2664   10.1718    8.1076 H   0  0  0  0  0  0  0  0  0  0  0  0
    4.6614    9.9887    9.7643 H   0  0  0  0  0  0  0  0  0  0  0  0
    5.6247    7.6751    9.8904 H   0  0  0  0  0  0  0  0  0  0  0  0
    4.5000    7.7944    8.5440 H   0  0  0  0  0  0  0  0  0  0  0  0
    6.4208    8.1446    6.9653 H   0  0  0  0  0  0  0  0  0  0  0  0
    7.5540    8.0068    8.3042 H   0  0  0  0  0  0  0  0  0  0  0  0
    6.7470    5.6279    8.7339 H   0  0  0  0  0  0  0  0  0  0  0  0
    5.1540    4.5420    7.1276 H   0  0  0  0  0  0  0  0  0  0  0  0
    5.0474    6.1004    6.1752 H   0  0  0  0  0  0  0  0  0  0  0  0
    7.6369    4.5000    6.7958 H   0  0  0  0  0  0  0  0  0  0  0  0
    7.2036    7.1000    5.1525 H   0  0  0  0  0  0  0  0  0  0  0  0
    8.7960    6.4623    5.5987 H   0  0  0  0  0  0  0  0  0  0  0  0
    7.7425    5.5479    4.5000 H   0  0  0  0  0  0  0  0  0  0  0  0
  1  8  1  0  0  0  0
  1 10  1  0  0  0  0
  2  1  1  0  0  0  0
  2 11  1  0  0  0  0
  3 14  1  0  0  0  0
  3  2  1  0  0  0  0
  4  3  1  0  0  0  0
  4 15  1  1  0  0  0
  5 16  1  0  0  0  0
  5  4  1  0  0  0  0
  6 18  1  1  0  0  0
  6  5  1  0  0  0  0
  6  4  1  0  0  0  0
  7 20  1  0  0  0  0
  7  6  1  0  0  0  0
  9  1  1  0  0  0  0
 12  2  1  0  0  0  0
 13  3  1  0  0  0  0
 17  5  1  0  0  0  0
 19  7  1  0  0  0  0
 21  7  1  0  0  0  0
M  END
