Lattice="13.26044194 0.0 0.0 0.0 14.93084796 0.0 0.0 0.0 13.27503101" Properties=species:S:1:pos:R:3:GW_charged:R:1:dKS_charged:R:1:dKS_neutral:R:1 pbc="T T T"
 OpenBabel12102411073D
Lattice="13.26044194 0.0 0.0 0.0 14.93084796 0.0 0.0 0.0 13.27503101" Properties=species:S:1:pos:R:3:GW_charged:R:1:dKS_charged:R:1:dKS_neutral:R:1 pbc="T T T"
 23 24  0  0  0  0  0  0  0  0999 V2000
    6.5164    9.9445    6.7730 C   0  0  0  0  0  0  0  0  0  0  0  0
    7.8790   10.0075    7.2730 O   0  0  0  0  0  0  0  0  0  0  0  0
    7.9631    8.5591    7.3242 C   0  0  0  0  0  0  0  0  0  0  0  0
    6.5121    8.3979    6.7931 C   0  0  0  0  0  0  0  0  0  0  0  0
    5.5283    7.7652    7.7826 C   0  0  0  0  0  0  0  0  0  0  0  0
    5.6994    6.2436    7.8729 C   0  0  0  0  0  0  0  0  0  0  0  0
    5.5904    5.5830    6.4937 C   0  0  0  0  0  0  0  0  0  0  0  0
    6.5726    6.2103    5.4976 C   0  0  0  0  0  0  0  0  0  0  0  0
    6.3975    7.7320    5.4180 C   0  0  0  0  0  0  0  0  0  0  0  0
    5.8058   10.4308    7.4627 H   0  0  0  0  0  0  0  0  0  0  0  0
    6.4261   10.4072    5.7755 H   0  0  0  0  0  0  0  0  0  0  0  0
    8.7604    8.1745    6.6661 H   0  0  0  0  0  0  0  0  0  0  0  0
    8.1410    8.1981    8.3512 H   0  0  0  0  0  0  0  0  0  0  0  0
    5.6504    8.2266    8.7750 H   0  0  0  0  0  0  0  0  0  0  0  0
    4.5000    7.9993    7.4547 H   0  0  0  0  0  0  0  0  0  0  0  0
    6.6866    6.0122    8.3094 H   0  0  0  0  0  0  0  0  0  0  0  0
    4.9543    5.8207    8.5629 H   0  0  0  0  0  0  0  0  0  0  0  0
    5.7665    4.5000    6.5736 H   0  0  0  0  0  0  0  0  0  0  0  0
    4.5611    5.7037    6.1137 H   0  0  0  0  0  0  0  0  0  0  0  0
    7.6053    5.9772    5.8101 H   0  0  0  0  0  0  0  0  0  0  0  0
    6.4478    5.7638    4.5000 H   0  0  0  0  0  0  0  0  0  0  0  0
    5.4038    7.9649    4.9961 H   0  0  0  0  0  0  0  0  0  0  0  0
    7.1374    8.1700    4.7298 H   0  0  0  0  0  0  0  0  0  0  0  0
  1  4  1  0  0  0  0
  1  2  1  0  0  0  0
  1 10  1  0  0  0  0
  2  3  1  0  0  0  0
  3 13  1  0  0  0  0
  4  3  1  0  0  0  0
  4  5  1  0  0  0  0
  5  6  1  0  0  0  0
  5 14  1  0  0  0  0
  6 16  1  0  0  0  0
  6 17  1  0  0  0  0
  7 18  1  0  0  0  0
  7  6  1  0  0  0  0
  8 20  1  0  0  0  0
  8  7  1  0  0  0  0
  9  8  1  0  0  0  0
  9  4  1  0  0  0  0
 11  1  1  0  0  0  0
 12  3  1  0  0  0  0
 15  5  1  0  0  0  0
 19  7  1  0  0  0  0
 21  8  1  0  0  0  0
 22  9  1  0  0  0  0
 23  9  1  0  0  0  0
M  END
