Lattice="14.78273392 0.0 0.0 0.0 17.19276677 0.0 0.0 0.0 12.32480131" Properties=species:S:1:pos:R:3:GW_charged:R:1:dKS_charged:R:1:dKS_neutral:R:1 pbc="T T T"
 OpenBabel12102410123D
Lattice="14.78273392 0.0 0.0 0.0 17.19276677 0.0 0.0 0.0 12.32480131" Properties=species:S:1:pos:R:3:GW_charged:R:1:dKS_charged:R:1:dKS_neutral:R:1 pbc="T T T"
 21 21  0  0  0  0  0  0  0  0999 V2000
    5.1062    5.5631    6.4860 C   0  0  0  0  0  0  0  0  0  0  0  0
    5.1345    6.7649    6.6160 C   0  0  0  0  0  0  0  0  0  0  0  0
    5.1390    8.2109    6.7757 C   0  0  0  0  0  0  0  0  0  0  0  0
    6.4679    8.7120    6.6881 O   0  0  0  0  0  0  0  0  0  0  0  0
    6.5062   10.1296    6.8361 C   0  0  0  0  0  0  0  0  0  0  0  0
    7.9358   10.5969    6.7000 C   0  0  0  0  0  0  0  0  0  0  0  0
    8.6245   10.5489    5.3084 C   0  0  0  0  0  0  0  0  0  0  0  0
    9.2806   11.9171    5.6317 C   0  0  0  0  0  0  0  0  0  0  0  0
    8.2069   12.1269    6.7329 C   0  0  0  0  0  0  0  0  0  0  0  0
    5.0890    4.5000    6.3704 H   0  0  0  0  0  0  0  0  0  0  0  0
    4.5000    8.6711    5.9946 H   0  0  0  0  0  0  0  0  0  0  0  0
    4.6890    8.4763    7.7542 H   0  0  0  0  0  0  0  0  0  0  0  0
    5.8711   10.6084    6.0618 H   0  0  0  0  0  0  0  0  0  0  0  0
    6.0954   10.4218    7.8248 H   0  0  0  0  0  0  0  0  0  0  0  0
    8.5549   10.0809    7.4493 H   0  0  0  0  0  0  0  0  0  0  0  0
    9.2777    9.6956    5.0925 H   0  0  0  0  0  0  0  0  0  0  0  0
    7.8835   10.6327    4.5000 H   0  0  0  0  0  0  0  0  0  0  0  0
   10.2827   11.7946    6.0640 H   0  0  0  0  0  0  0  0  0  0  0  0
    9.3390   12.6615    4.8281 H   0  0  0  0  0  0  0  0  0  0  0  0
    7.3442   12.6928    6.3508 H   0  0  0  0  0  0  0  0  0  0  0  0
    8.5185   12.5710    7.6867 H   0  0  0  0  0  0  0  0  0  0  0  0
  1  2  3  0  0  0  0
  2  3  1  0  0  0  0
  3 12  1  0  0  0  0
  4  3  1  0  0  0  0
  4  5  1  0  0  0  0
  5 14  1  0  0  0  0
  6  9  1  0  0  0  0
  6  5  1  0  0  0  0
  6 15  1  0  0  0  0
  7  8  1  0  0  0  0
  7  6  1  0  0  0  0
  8 18  1  0  0  0  0
  8  9  1  0  0  0  0
  9 21  1  0  0  0  0
 10  1  1  0  0  0  0
 11  3  1  0  0  0  0
 13  5  1  0  0  0  0
 16  7  1  0  0  0  0
 17  7  1  0  0  0  0
 19  8  1  0  0  0  0
 20  9  1  0  0  0  0
M  END
