Lattice="11.945547099999999 0.0 0.0 0.0 16.853830430000002 0.0 0.0 0.0 12.59214379" Properties=species:S:1:pos:R:3:GW_charged:R:1:dKS_charged:R:1:dKS_neutral:R:1 pbc="T T T"
 OpenBabel12102409443D
Lattice="11.945547099999999 0.0 0.0 0.0 16.853830430000002 0.0 0.0 0.0 12.59214379" Properties=species:S:1:pos:R:3:GW_charged:R:1:dKS_charged:R:1:dKS_neutral:R:1 pbc="T T T"
 19 19  0  0  0  0  0  0  0  0999 V2000
    6.0320   11.9105    5.3838 C   0  0  0  0  0  0  0  0  0  0  0  0
    6.2486   10.5124    5.3422 O   0  0  0  0  0  0  0  0  0  0  0  0
    5.5909    9.8402    6.3998 C   0  0  0  0  0  0  0  0  0  0  0  0
    5.8379    8.3537    6.3307 C   0  0  0  0  0  0  0  0  0  0  0  0
    5.2651    7.5201    7.3010 C   0  0  0  0  0  0  0  0  0  0  0  0
    5.4727    6.1424    7.2668 C   0  0  0  0  0  0  0  0  0  0  0  0
    6.2585    5.5774    6.2585 C   0  0  0  0  0  0  0  0  0  0  0  0
    6.8310    6.4022    5.2904 C   0  0  0  0  0  0  0  0  0  0  0  0
    6.6231    7.7838    5.3243 C   0  0  0  0  0  0  0  0  0  0  0  0
    6.4142   12.3538    6.3221 H   0  0  0  0  0  0  0  0  0  0  0  0
    6.5727   12.3470    4.5364 H   0  0  0  0  0  0  0  0  0  0  0  0
    4.9583   12.1590    5.2928 H   0  0  0  0  0  0  0  0  0  0  0  0
    5.9442   10.2322    7.3762 H   0  0  0  0  0  0  0  0  0  0  0  0
    4.5000   10.0396    6.3557 H   0  0  0  0  0  0  0  0  0  0  0  0
    4.6497    7.9543    8.0921 H   0  0  0  0  0  0  0  0  0  0  0  0
    5.0202    5.5073    8.0288 H   0  0  0  0  0  0  0  0  0  0  0  0
    6.4219    4.5000    6.2299 H   0  0  0  0  0  0  0  0  0  0  0  0
    7.4455    5.9700    4.5000 H   0  0  0  0  0  0  0  0  0  0  0  0
    7.0687    8.4296    4.5701 H   0  0  0  0  0  0  0  0  0  0  0  0
  1 10  1  0  0  0  0
  2  1  1  0  0  0  0
  2  3  1  0  0  0  0
  3 13  1  0  0  0  0
  4  3  1  0  0  0  0
  4  5  1  0  0  0  0
  5 15  1  0  0  0  0
  6  5  2  0  0  0  0
  6 16  1  0  0  0  0
  7  6  1  0  0  0  0
  8  9  1  0  0  0  0
  8  7  2  0  0  0  0
  9  4  2  0  0  0  0
 11  1  1  0  0  0  0
 12  1  1  0  0  0  0
 14  3  1  0  0  0  0
 17  7  1  0  0  0  0
 18  8  1  0  0  0  0
 19  9  1  0  0  0  0
M  END
