Lattice="13.73645018 0.0 0.0 0.0 14.80078593 0.0 0.0 0.0 12.935341900000001" Properties=species:S:1:pos:R:3:GW_charged:R:1:dKS_charged:R:1:dKS_neutral:R:1 pbc="T T T"
 OpenBabel12102409403D
Lattice="13.73645018 0.0 0.0 0.0 14.80078593 0.0 0.0 0.0 12.935341900000001" Properties=species:S:1:pos:R:3:GW_charged:R:1:dKS_charged:R:1:dKS_neutral:R:1 pbc="T T T"
 20 19  0  0  0  0  0  0  0  0999 V2000
    8.2635    9.7684    6.6737 C   0  0  0  0  0  0  0  0  0  0  0  0
    8.1425    8.2614    6.8559 C   0  0  0  0  0  0  0  0  0  0  0  0
    6.8264    7.6902    6.3792 C   0  0  0  0  0  0  0  0  0  0  0  0
    5.9440    8.3776    5.8933 O   0  0  0  0  0  0  0  0  0  0  0  0
    6.6007    6.1632    6.5189 C   0  0  0  0  0  0  0  0  0  0  0  0
    5.3847    5.9354    7.4275 C   0  0  0  0  0  0  0  0  0  0  0  0
    6.3808    5.5772    5.1174 C   0  0  0  0  0  0  0  0  0  0  0  0
    7.7860    5.6051    7.1166 O   0  0  0  0  0  0  0  0  0  0  0  0
    9.2365   10.1239    7.0366 H   0  0  0  0  0  0  0  0  0  0  0  0
    8.1663   10.0514    5.6179 H   0  0  0  0  0  0  0  0  0  0  0  0
    7.4765   10.3008    7.2229 H   0  0  0  0  0  0  0  0  0  0  0  0
    8.9452    7.7131    6.3351 H   0  0  0  0  0  0  0  0  0  0  0  0
    8.2691    7.9577    7.9086 H   0  0  0  0  0  0  0  0  0  0  0  0
    4.5000    6.4408    7.0217 H   0  0  0  0  0  0  0  0  0  0  0  0
    5.1670    4.8599    7.5064 H   0  0  0  0  0  0  0  0  0  0  0  0
    5.5816    6.3235    8.4353 H   0  0  0  0  0  0  0  0  0  0  0  0
    7.2782    5.7135    4.5000 H   0  0  0  0  0  0  0  0  0  0  0  0
    6.1676    4.5000    5.1864 H   0  0  0  0  0  0  0  0  0  0  0  0
    5.5343    6.0684    4.6224 H   0  0  0  0  0  0  0  0  0  0  0  0
    7.6474    4.6491    7.2028 H   0  0  0  0  0  0  0  0  0  0  0  0
  1  2  1  0  0  0  0
  1  9  1  0  0  0  0
  1 11  1  0  0  0  0
  2 13  1  0  0  0  0
  3  5  1  0  0  0  0
  3  2  1  0  0  0  0
  4  3  2  0  0  0  0
  5  8  1  0  0  0  0
  5  6  1  0  0  0  0
  6 15  1  0  0  0  0
  6 16  1  0  0  0  0
  7 18  1  0  0  0  0
  7  5  1  0  0  0  0
  8 20  1  0  0  0  0
 10  1  1  0  0  0  0
 12  2  1  0  0  0  0
 14  6  1  0  0  0  0
 17  7  1  0  0  0  0
 19  7  1  0  0  0  0
M  END
