Lattice="14.62691662 0.0 0.0 0.0 18.618352780000002 0.0 0.0 0.0 11.39812556" Properties=species:S:1:pos:R:3:GW_charged:R:1:dKS_charged:R:1:dKS_neutral:R:1 pbc="T T T"
 OpenBabel12102410123D
Lattice="14.62691662 0.0 0.0 0.0 18.618352780000002 0.0 0.0 0.0 11.39812556" Properties=species:S:1:pos:R:3:GW_charged:R:1:dKS_charged:R:1:dKS_neutral:R:1 pbc="T T T"
 21 21  0  0  1  0  0  0  0  0999 V2000
    5.1008    5.5685    5.5384 C   0  0  0  0  0  0  0  0  0  0  0  0
    5.1226    6.7787    5.5057 C   0  0  0  0  0  0  0  0  0  0  0  0
    5.1893    8.2327    5.4742 C   0  0  0  0  0  0  0  0  0  0  0  0
    6.6096    8.7797    5.7172 C   0  0  0  0  0  0  0  0  0  0  0  0
    6.6646   10.3077    5.6866 C   0  0  0  0  0  0  0  0  0  0  0  0
    8.0754   10.8612    5.9187 C   0  0  0  0  0  0  0  0  0  0  0  0
    8.1243   12.3670    5.8828 C   0  0  1  0  0  0  0  0  0  0  0  0
    9.2705   13.1118    5.3433 C   0  0  0  0  0  0  0  0  0  0  0  0
    8.0568   12.9892    4.5817 O   0  0  0  0  0  0  0  0  0  0  0  0
    5.0709    4.5000    5.5645 H   0  0  0  0  0  0  0  0  0  0  0  0
    4.8170    8.5911    4.5000 H   0  0  0  0  0  0  0  0  0  0  0  0
    4.5000    8.6425    6.2314 H   0  0  0  0  0  0  0  0  0  0  0  0
    6.9735    8.4063    6.6871 H   0  0  0  0  0  0  0  0  0  0  0  0
    7.2854    8.3631    4.9545 H   0  0  0  0  0  0  0  0  0  0  0  0
    6.2939   10.6747    4.7160 H   0  0  0  0  0  0  0  0  0  0  0  0
    5.9817   10.7163    6.4510 H   0  0  0  0  0  0  0  0  0  0  0  0
    8.4549   10.5229    6.8981 H   0  0  0  0  0  0  0  0  0  0  0  0
    8.7646   10.4637    5.1569 H   0  0  0  0  0  0  0  0  0  0  0  0
    7.5063   12.8764    6.6337 H   0  0  0  0  0  0  0  0  0  0  0  0
    9.4906   14.1184    5.7110 H   0  0  0  0  0  0  0  0  0  0  0  0
   10.1269   12.5591    4.9445 H   0  0  0  0  0  0  0  0  0  0  0  0
  1 10  1  0  0  0  0
  2  1  3  0  0  0  0
  3  2  1  0  0  0  0
  3  4  1  0  0  0  0
  3 12  1  0  0  0  0
  4 13  1  0  0  0  0
  5  4  1  0  0  0  0
  5  6  1  0  0  0  0
  5 16  1  0  0  0  0
  6 17  1  0  0  0  0
  7  6  1  0  0  0  0
  7 19  1  1  0  0  0
  8 20  1  0  0  0  0
  8  7  1  0  0  0  0
  9  8  1  0  0  0  0
  9  7  1  0  0  0  0
 11  3  1  0  0  0  0
 14  4  1  0  0  0  0
 15  5  1  0  0  0  0
 18  6  1  0  0  0  0
 21  8  1  0  0  0  0
M  END
