Lattice="13.8357983 0.0 0.0 0.0 12.6655671 0.0 0.0 0.0 15.649042940000001" Properties=species:S:1:pos:R:3:GW_charged:R:1:dKS_charged:R:1:dKS_neutral:R:1 pbc="T T T"
 OpenBabel12102411083D
Lattice="13.8357983 0.0 0.0 0.0 12.6655671 0.0 0.0 0.0 15.649042940000001" Properties=species:S:1:pos:R:3:GW_charged:R:1:dKS_charged:R:1:dKS_neutral:R:1 pbc="T T T"
 25 25  0  0  1  0  0  0  0  0999 V2000
    6.6312    7.7412    8.9966 C   0  0  0  0  0  0  0  0  0  0  0  0
    6.5928    6.2015    8.9997 C   0  0  0  0  0  0  0  0  0  0  0  0
    7.4003    5.6775   10.2036 C   0  0  0  0  0  0  0  0  0  0  0  0
    5.1326    5.7364    9.1526 C   0  0  0  0  0  0  0  0  0  0  0  0
    7.1821    5.5881    7.6961 C   0  0  1  0  0  0  0  0  0  0  0  0
    6.5415    6.0637    6.3593 C   0  0  0  0  0  0  0  0  0  0  0  0
    7.7159    6.6759    5.5874 C   0  0  0  0  0  0  0  0  0  0  0  0
    8.8754    5.9824    6.0525 O   0  0  0  0  0  0  0  0  0  0  0  0
    8.6922    5.8507    7.4626 C   0  0  0  0  0  0  0  0  0  0  0  0
    7.6555    8.1312    8.9259 H   0  0  0  0  0  0  0  0  0  0  0  0
    6.0539    8.1656    8.1634 H   0  0  0  0  0  0  0  0  0  0  0  0
    6.1959    8.1320    9.9273 H   0  0  0  0  0  0  0  0  0  0  0  0
    6.9636    6.0299   11.1490 H   0  0  0  0  0  0  0  0  0  0  0  0
    7.4063    4.5779   10.2275 H   0  0  0  0  0  0  0  0  0  0  0  0
    8.4446    6.0193   10.1772 H   0  0  0  0  0  0  0  0  0  0  0  0
    4.5000    6.0965    8.3295 H   0  0  0  0  0  0  0  0  0  0  0  0
    5.0676    4.6386    9.1687 H   0  0  0  0  0  0  0  0  0  0  0  0
    4.6998    6.1118   10.0912 H   0  0  0  0  0  0  0  0  0  0  0  0
    7.0370    4.5000    7.7791 H   0  0  0  0  0  0  0  0  0  0  0  0
    6.1218    5.2109    5.8116 H   0  0  0  0  0  0  0  0  0  0  0  0
    5.7304    6.7881    6.5068 H   0  0  0  0  0  0  0  0  0  0  0  0
    7.6617    6.5425    4.5000 H   0  0  0  0  0  0  0  0  0  0  0  0
    7.8061    7.7589    5.8041 H   0  0  0  0  0  0  0  0  0  0  0  0
    9.0192    6.7787    7.9704 H   0  0  0  0  0  0  0  0  0  0  0  0
    9.3358    5.0305    7.8030 H   0  0  0  0  0  0  0  0  0  0  0  0
  1  2  1  0  0  0  0
  1 12  1  0  0  0  0
  2  4  1  0  0  0  0
  2  3  1  0  0  0  0
  3 14  1  0  0  0  0
  3 13  1  0  0  0  0
  4 17  1  0  0  0  0
  4 18  1  0  0  0  0
  5 19  1  1  0  0  0
  5  2  1  0  0  0  0
  6 21  1  0  0  0  0
  6  5  1  0  0  0  0
  7 23  1  0  0  0  0
  7  8  1  0  0  0  0
  7  6  1  0  0  0  0
  8  9  1  0  0  0  0
  9  5  1  0  0  0  0
  9 25  1  0  0  0  0
  9 24  1  0  0  0  0
 10  1  1  0  0  0  0
 11  1  1  0  0  0  0
 15  3  1  0  0  0  0
 16  4  1  0  0  0  0
 20  6  1  0  0  0  0
 22  7  1  0  0  0  0
M  END
