Lattice="13.33631183 0.0 0.0 0.0 14.22109801 0.0 0.0 0.0 14.22259097" Properties=species:S:1:pos:R:3:GW_charged:R:1:dKS_charged:R:1:dKS_neutral:R:1 pbc="T T T"
 OpenBabel12102411073D
Lattice="13.33631183 0.0 0.0 0.0 14.22109801 0.0 0.0 0.0 14.22259097" Properties=species:S:1:pos:R:3:GW_charged:R:1:dKS_charged:R:1:dKS_neutral:R:1 pbc="T T T"
 23 24  0  0  1  0  0  0  0  0999 V2000
    6.5581    8.7507    5.5582 C   0  0  0  0  0  0  0  0  0  0  0  0
    7.7228    9.1329    6.5121 C   0  0  0  0  0  0  0  0  0  0  0  0
    7.9695    7.6354    6.7642 C   0  0  1  0  0  0  0  0  0  0  0  0
    8.2169    7.3245    8.1210 O   0  0  0  0  0  0  0  0  0  0  0  0
    8.1207    5.9294    8.4225 C   0  0  0  0  0  0  0  0  0  0  0  0
    6.7155    5.5283    8.8727 C   0  0  0  0  0  0  0  0  0  0  0  0
    5.6216    5.6058    7.7994 C   0  0  0  0  0  0  0  0  0  0  0  0
    5.4601    6.9817    7.1330 C   0  0  0  0  0  0  0  0  0  0  0  0
    6.5704    7.3037    6.1359 C   0  0  1  0  0  0  0  0  0  0  0  0
    5.6207    9.3098    5.6770 H   0  0  0  0  0  0  0  0  0  0  0  0
    6.8459    8.7841    4.5000 H   0  0  0  0  0  0  0  0  0  0  0  0
    8.5542    9.7211    6.1059 H   0  0  0  0  0  0  0  0  0  0  0  0
    7.3659    9.6137    7.4318 H   0  0  0  0  0  0  0  0  0  0  0  0
    8.7831    7.2292    6.1327 H   0  0  0  0  0  0  0  0  0  0  0  0
    8.4473    5.3276    7.5528 H   0  0  0  0  0  0  0  0  0  0  0  0
    8.8363    5.7439    9.2373 H   0  0  0  0  0  0  0  0  0  0  0  0
    6.7647    4.5000    9.2687 H   0  0  0  0  0  0  0  0  0  0  0  0
    6.4438    6.1752    9.7226 H   0  0  0  0  0  0  0  0  0  0  0  0
    5.8211    4.8535    7.0163 H   0  0  0  0  0  0  0  0  0  0  0  0
    4.6651    5.3137    8.2600 H   0  0  0  0  0  0  0  0  0  0  0  0
    4.5000    7.0116    6.5927 H   0  0  0  0  0  0  0  0  0  0  0  0
    5.4014    7.7644    7.9074 H   0  0  0  0  0  0  0  0  0  0  0  0
    6.6058    6.5072    5.3769 H   0  0  0  0  0  0  0  0  0  0  0  0
  1 10  1  0  0  0  0
  1  9  1  0  0  0  0
  1  2  1  0  0  0  0
  2  3  1  0  0  0  0
  2 13  1  0  0  0  0
  3 14  1  6  0  0  0
  3  4  1  0  0  0  0
  4  5  1  0  0  0  0
  5  6  1  0  0  0  0
  5 16  1  0  0  0  0
  6 17  1  0  0  0  0
  6 18  1  0  0  0  0
  7 20  1  0  0  0  0
  7  6  1  0  0  0  0
  8  7  1  0  0  0  0
  8 22  1  0  0  0  0
  9 23  1  6  0  0  0
  9  3  1  0  0  0  0
  9  8  1  0  0  0  0
 11  1  1  0  0  0  0
 12  2  1  0  0  0  0
 15  5  1  0  0  0  0
 19  7  1  0  0  0  0
 21  8  1  0  0  0  0
M  END
