Lattice="13.4796397 0.0 0.0 0.0 13.46147675 0.0 0.0 0.0 13.64629838" Properties=species:S:1:pos:R:3:GW_charged:R:1:dKS_charged:R:1:dKS_neutral:R:1 pbc="T T T"
 OpenBabel12102409263D
Lattice="13.4796397 0.0 0.0 0.0 13.46147675 0.0 0.0 0.0 13.64629838" Properties=species:S:1:pos:R:3:GW_charged:R:1:dKS_charged:R:1:dKS_neutral:R:1 pbc="T T T"
 19 18  0  0  1  0  0  0  0  0999 V2000
    6.4699    8.4560    8.1479 C   0  0  0  0  0  0  0  0  0  0  0  0
    6.4331    6.9427    7.9735 C   0  0  1  0  0  0  0  0  0  0  0  0
    5.0995    6.4300    8.1075 O   0  0  0  0  0  0  0  0  0  0  0  0
    7.1017    6.4330    6.6604 C   0  0  0  0  0  0  0  0  0  0  0  0
    7.1150    4.9023    6.6547 C   0  0  0  0  0  0  0  0  0  0  0  0
    6.4193    6.9776    5.3993 C   0  0  0  0  0  0  0  0  0  0  0  0
    8.4548    6.9378    6.7447 O   0  0  0  0  0  0  0  0  0  0  0  0
    7.4908    8.8382    8.0316 H   0  0  0  0  0  0  0  0  0  0  0  0
    5.8343    8.9615    7.4040 H   0  0  0  0  0  0  0  0  0  0  0  0
    6.1023    8.7247    9.1463 H   0  0  0  0  0  0  0  0  0  0  0  0
    7.0000    6.4769    8.7949 H   0  0  0  0  0  0  0  0  0  0  0  0
    4.5000    7.0436    7.6548 H   0  0  0  0  0  0  0  0  0  0  0  0
    6.0949    4.5000    6.6766 H   0  0  0  0  0  0  0  0  0  0  0  0
    7.6127    4.5230    5.7490 H   0  0  0  0  0  0  0  0  0  0  0  0
    7.6551    4.5226    7.5323 H   0  0  0  0  0  0  0  0  0  0  0  0
    6.4899    8.0712    5.3522 H   0  0  0  0  0  0  0  0  0  0  0  0
    6.9035    6.5707    4.5000 H   0  0  0  0  0  0  0  0  0  0  0  0
    5.3602    6.6858    5.3573 H   0  0  0  0  0  0  0  0  0  0  0  0
    8.9796    6.4874    6.0649 H   0  0  0  0  0  0  0  0  0  0  0  0
  1 10  1  0  0  0  0
  2  3  1  0  0  0  0
  2  1  1  0  0  0  0
  2 11  1  1  0  0  0
  4  7  1  0  0  0  0
  4  2  1  0  0  0  0
  5  4  1  0  0  0  0
  5 13  1  0  0  0  0
  5 15  1  0  0  0  0
  6  4  1  0  0  0  0
  8  1  1  0  0  0  0
  9  1  1  0  0  0  0
 12  3  1  0  0  0  0
 14  5  1  0  0  0  0
 16  6  1  0  0  0  0
 17  6  1  0  0  0  0
 18  6  1  0  0  0  0
 19  7  1  0  0  0  0
M  END
