Lattice="14.13784794 0.0 0.0 0.0 14.46369324 0.0 0.0 0.0 12.44358954" Properties=species:S:1:pos:R:3:GW_charged:R:1:dKS_charged:R:1:dKS_neutral:R:1 pbc="T T T"
 OpenBabel12102409393D
Lattice="14.13784794 0.0 0.0 0.0 14.46369324 0.0 0.0 0.0 12.44358954" Properties=species:S:1:pos:R:3:GW_charged:R:1:dKS_charged:R:1:dKS_neutral:R:1 pbc="T T T"
 21 21  0  0  0  0  0  0  0  0999 V2000
    8.6289    9.5489    7.0390 C   0  0  0  0  0  0  0  0  0  0  0  0
    8.6448    8.0185    7.0197 C   0  0  0  0  0  0  0  0  0  0  0  0
    7.2646    7.3722    6.8817 C   0  0  0  0  0  0  0  0  0  0  0  0
    6.5259    7.6509    5.5605 C   0  0  0  0  0  0  0  0  0  0  0  0
    5.3982    6.6035    5.5252 C   0  0  0  0  0  0  0  0  0  0  0  0
    5.9389    5.3791    6.3186 C   0  0  0  0  0  0  0  0  0  0  0  0
    7.2862    5.8331    6.9272 C   0  0  0  0  0  0  0  0  0  0  0  0
    9.6378    9.9574    7.1872 H   0  0  0  0  0  0  0  0  0  0  0  0
    8.2416    9.9637    6.0980 H   0  0  0  0  0  0  0  0  0  0  0  0
    7.9948    9.9300    7.8532 H   0  0  0  0  0  0  0  0  0  0  0  0
    9.2834    7.6654    6.1913 H   0  0  0  0  0  0  0  0  0  0  0  0
    9.1193    7.6488    7.9436 H   0  0  0  0  0  0  0  0  0  0  0  0
    6.6265    7.7345    7.7103 H   0  0  0  0  0  0  0  0  0  0  0  0
    6.1486    8.6790    5.4787 H   0  0  0  0  0  0  0  0  0  0  0  0
    7.2251    7.4951    4.7208 H   0  0  0  0  0  0  0  0  0  0  0  0
    4.5000    7.0053    6.0158 H   0  0  0  0  0  0  0  0  0  0  0  0
    5.1042    6.3432    4.5000 H   0  0  0  0  0  0  0  0  0  0  0  0
    5.2304    5.0859    7.1049 H   0  0  0  0  0  0  0  0  0  0  0  0
    6.0686    4.5000    5.6739 H   0  0  0  0  0  0  0  0  0  0  0  0
    8.1253    5.4723    6.3097 H   0  0  0  0  0  0  0  0  0  0  0  0
    7.4496    5.4435    7.9414 H   0  0  0  0  0  0  0  0  0  0  0  0
  1  8  1  0  0  0  0
  1 10  1  0  0  0  0
  2  1  1  0  0  0  0
  2 12  1  0  0  0  0
  3  7  1  0  0  0  0
  3  2  1  0  0  0  0
  3 13  1  0  0  0  0
  4  3  1  0  0  0  0
  5  4  1  0  0  0  0
  5 16  1  0  0  0  0
  5  6  1  0  0  0  0
  6  7  1  0  0  0  0
  6 18  1  0  0  0  0
  7 21  1  0  0  0  0
  9  1  1  0  0  0  0
 11  2  1  0  0  0  0
 14  4  1  0  0  0  0
 15  4  1  0  0  0  0
 17  5  1  0  0  0  0
 19  6  1  0  0  0  0
 20  7  1  0  0  0  0
M  END
