Lattice="13.77483474 0.0 0.0 0.0 14.30400439 0.0 0.0 0.0 13.40531091" Properties=species:S:1:pos:R:3:GW_charged:R:1:dKS_charged:R:1:dKS_neutral:R:1 pbc="T T T"
 OpenBabel12102409463D
Lattice="13.77483474 0.0 0.0 0.0 14.30400439 0.0 0.0 0.0 13.40531091" Properties=species:S:1:pos:R:3:GW_charged:R:1:dKS_charged:R:1:dKS_neutral:R:1 pbc="T T T"
 21 22  0  0  1  0  0  0  0  0999 V2000
    4.9972    5.5589    5.3321 C   0  0  0  0  0  0  0  0  0  0  0  0
    5.1370    6.7613    5.4138 C   0  0  0  0  0  0  0  0  0  0  0  0
    5.2835    8.1789    5.5128 C   0  0  1  0  0  0  0  0  0  0  0  0
    5.8178    8.8453    6.7896 C   0  0  1  0  0  0  0  0  0  0  0  0
    6.2672    8.0090    7.9812 C   0  0  0  0  0  0  0  0  0  0  0  0
    7.7758    7.7250    7.9664 C   0  0  0  0  0  0  0  0  0  0  0  0
    8.2075    7.1232    6.6271 C   0  0  0  0  0  0  0  0  0  0  0  0
    7.9626    8.1004    5.4630 C   0  0  0  0  0  0  0  0  0  0  0  0
    6.6501    8.8621    5.5312 C   0  0  1  0  0  0  0  0  0  0  0  0
    4.8761    4.5000    5.2495 H   0  0  0  0  0  0  0  0  0  0  0  0
    4.5000    8.7355    4.9950 H   0  0  0  0  0  0  0  0  0  0  0  0
    5.3047    9.7742    7.0392 H   0  0  0  0  0  0  0  0  0  0  0  0
    5.9916    8.5353    8.9053 H   0  0  0  0  0  0  0  0  0  0  0  0
    5.7205    7.0522    7.9950 H   0  0  0  0  0  0  0  0  0  0  0  0
    8.3306    8.6618    8.1469 H   0  0  0  0  0  0  0  0  0  0  0  0
    8.0325    7.0446    8.7916 H   0  0  0  0  0  0  0  0  0  0  0  0
    9.2748    6.8587    6.6490 H   0  0  0  0  0  0  0  0  0  0  0  0
    7.6553    6.1874    6.4576 H   0  0  0  0  0  0  0  0  0  0  0  0
    8.7667    8.8540    5.4686 H   0  0  0  0  0  0  0  0  0  0  0  0
    8.0417    7.5723    4.5000 H   0  0  0  0  0  0  0  0  0  0  0  0
    6.6593    9.8040    4.9802 H   0  0  0  0  0  0  0  0  0  0  0  0
  1  2  3  0  0  0  0
  2  3  1  0  0  0  0
  3 11  1  6  0  0  0
  3  9  1  0  0  0  0
  3  4  1  0  0  0  0
  4 12  1  1  0  0  0
  4  5  1  0  0  0  0
  5 14  1  0  0  0  0
  5 13  1  0  0  0  0
  6  5  1  0  0  0  0
  6 15  1  0  0  0  0
  6 16  1  0  0  0  0
  7 17  1  0  0  0  0
  7  6  1  0  0  0  0
  8 19  1  0  0  0  0
  8  9  1  0  0  0  0
  8  7  1  0  0  0  0
  9 21  1  6  0  0  0
  9  4  1  0  0  0  0
 10  1  1  0  0  0  0
 18  7  1  0  0  0  0
 20  8  1  0  0  0  0
M  END
