Lattice="12.81207572 0.0 0.0 0.0 14.462426409999999 0.0 0.0 0.0 10.79835038" Properties=species:S:1:pos:R:3:GW_charged:R:1:dKS_charged:R:1:dKS_neutral:R:1 pbc="T T T"
 OpenBabel12102409263D
Lattice="12.81207572 0.0 0.0 0.0 14.462426409999999 0.0 0.0 0.0 10.79835038" Properties=species:S:1:pos:R:3:GW_charged:R:1:dKS_charged:R:1:dKS_neutral:R:1 pbc="T T T"
 15 14  0  0  0  0  0  0  0  0999 V2000
    7.2888    9.5572    5.4052 C   0  0  0  0  0  0  0  0  0  0  0  0
    7.2829    8.0275    5.3970 C   0  0  0  0  0  0  0  0  0  0  0  0
    5.8713    7.4338    5.4073 C   0  0  0  0  0  0  0  0  0  0  0  0
    5.8652    5.9137    5.3992 C   0  0  0  0  0  0  0  0  0  0  0  0
    4.5025    5.4684    5.4098 O   0  0  0  0  0  0  0  0  0  0  0  0
    8.3121    9.9564    5.3976 H   0  0  0  0  0  0  0  0  0  0  0  0
    6.7670    9.9624    4.5262 H   0  0  0  0  0  0  0  0  0  0  0  0
    6.7839    9.9529    6.2984 H   0  0  0  0  0  0  0  0  0  0  0  0
    7.8274    7.6638    4.5099 H   0  0  0  0  0  0  0  0  0  0  0  0
    7.8442    7.6543    6.2696 H   0  0  0  0  0  0  0  0  0  0  0  0
    5.3219    7.7823    6.2967 H   0  0  0  0  0  0  0  0  0  0  0  0
    5.3051    7.7918    4.5325 H   0  0  0  0  0  0  0  0  0  0  0  0
    6.3905    5.5399    4.5000 H   0  0  0  0  0  0  0  0  0  0  0  0
    6.4076    5.5303    6.2841 H   0  0  0  0  0  0  0  0  0  0  0  0
    4.5000    4.5000    5.4046 H   0  0  0  0  0  0  0  0  0  0  0  0
  1  8  1  0  0  0  0
  2  1  1  0  0  0  0
  2  3  1  0  0  0  0
  2 10  1  0  0  0  0
  3 11  1  0  0  0  0
  4  3  1  0  0  0  0
  4  5  1  0  0  0  0
  4 14  1  0  0  0  0
  6  1  1  0  0  0  0
  7  1  1  0  0  0  0
  9  2  1  0  0  0  0
 12  3  1  0  0  0  0
 13  4  1  0  0  0  0
 15  5  1  0  0  0  0
M  END
