Lattice="13.15722115 0.0 0.0 0.0 13.11442633 0.0 0.0 0.0 13.1087174" Properties=species:S:1:pos:R:3:GW_charged:R:1:dKS_charged:R:1:dKS_neutral:R:1 pbc="T T T"
 OpenBabel12102409393D
Lattice="13.15722115 0.0 0.0 0.0 13.11442633 0.0 0.0 0.0 13.1087174" Properties=species:S:1:pos:R:3:GW_charged:R:1:dKS_charged:R:1:dKS_neutral:R:1 pbc="T T T"
 19 20  0  0  1  0  0  0  0  0999 V2000
    5.3683    7.5676    6.3735 C   0  0  0  0  0  0  0  0  0  0  0  0
    6.8746    7.9830    6.3607 C   0  0  0  0  0  0  0  0  0  0  0  0
    7.6126    6.6261    6.3878 C   0  0  1  0  0  0  0  0  0  0  0  0
    7.4334    6.0008    7.7891 C   0  0  0  0  0  0  0  0  0  0  0  0
    5.9271    5.5854    7.8018 C   0  0  0  0  0  0  0  0  0  0  0  0
    5.4307    6.0243    6.4063 C   0  0  2  0  0  0  0  0  0  0  0  0
    6.6738    5.7471    5.5353 C   0  0  0  0  0  0  0  0  0  0  0  0
    4.8237    7.9734    7.2370 H   0  0  0  0  0  0  0  0  0  0  0  0
    4.8520    7.9202    5.4696 H   0  0  0  0  0  0  0  0  0  0  0  0
    7.1228    8.5465    5.4503 H   0  0  0  0  0  0  0  0  0  0  0  0
    7.1477    8.6144    7.2173 H   0  0  0  0  0  0  0  0  0  0  0  0
    8.6572    6.6821    6.0568 H   0  0  0  0  0  0  0  0  0  0  0  0
    8.0870    5.1263    7.9150 H   0  0  0  0  0  0  0  0  0  0  0  0
    7.6843    6.7109    8.5890 H   0  0  0  0  0  0  0  0  0  0  0  0
    5.8163    4.5000    7.9342 H   0  0  0  0  0  0  0  0  0  0  0  0
    5.3603    6.0698    8.6087 H   0  0  0  0  0  0  0  0  0  0  0  0
    4.5000    5.5355    6.0920 H   0  0  0  0  0  0  0  0  0  0  0  0
    6.5672    6.1018    4.5000 H   0  0  0  0  0  0  0  0  0  0  0  0
    6.9660    4.6872    5.5194 H   0  0  0  0  0  0  0  0  0  0  0  0
  1  6  1  0  0  0  0
  1  8  1  0  0  0  0
  2  1  1  0  0  0  0
  2  3  1  0  0  0  0
  2 11  1  0  0  0  0
  3 12  1  6  0  0  0
  3  4  1  0  0  0  0
  4  5  1  0  0  0  0
  4 13  1  0  0  0  0
  4 14  1  0  0  0  0
  5 15  1  0  0  0  0
  5 16  1  0  0  0  0
  6 17  1  6  0  0  0
  6  5  1  0  0  0  0
  7  3  1  0  0  0  0
  7  6  1  0  0  0  0
  9  1  1  0  0  0  0
 10  2  1  0  0  0  0
 18  7  1  0  0  0  0
 19  7  1  0  0  0  0
M  END
