Lattice="12.60474748 0.0 0.0 0.0 15.746729519999999 0.0 0.0 0.0 11.994961289999999" Properties=species:S:1:pos:R:3:GW_charged:R:1:dKS_charged:R:1:dKS_neutral:R:1 pbc="T T T"
 OpenBabel12102409273D
Lattice="12.60474748 0.0 0.0 0.0 15.746729519999999 0.0 0.0 0.0 11.994961289999999" Properties=species:S:1:pos:R:3:GW_charged:R:1:dKS_charged:R:1:dKS_neutral:R:1 pbc="T T T"
 15 14  0  0  1  0  0  0  0  0999 V2000
    6.1750   10.8038    6.7434 C   0  0  0  0  0  0  0  0  0  0  0  0
    6.2744    9.3547    6.7220 C   0  0  0  0  0  0  0  0  0  0  0  0
    6.3628    8.1442    6.7269 C   0  0  0  0  0  0  0  0  0  0  0  0
    6.4465    6.6918    6.6652 C   0  0  1  0  0  0  0  0  0  0  0  0
    5.1574    6.0551    6.8403 O   0  0  0  0  0  0  0  0  0  0  0  0
    7.0690    6.2135    5.3396 C   0  0  0  0  0  0  0  0  0  0  0  0
    7.1013    4.7981    5.2782 O   0  0  0  0  0  0  0  0  0  0  0  0
    7.0142   11.2467    7.2986 H   0  0  0  0  0  0  0  0  0  0  0  0
    6.1849   11.2222    5.7270 H   0  0  0  0  0  0  0  0  0  0  0  0
    5.2450   11.1274    7.2325 H   0  0  0  0  0  0  0  0  0  0  0  0
    7.0599    6.3054    7.4950 H   0  0  0  0  0  0  0  0  0  0  0  0
    4.5000    6.6205    6.4023 H   0  0  0  0  0  0  0  0  0  0  0  0
    6.4925    6.6481    4.5000 H   0  0  0  0  0  0  0  0  0  0  0  0
    8.1047    6.5715    5.2624 H   0  0  0  0  0  0  0  0  0  0  0  0
    6.2199    4.5000    5.5667 H   0  0  0  0  0  0  0  0  0  0  0  0
  1 10  1  0  0  0  0
  1  8  1  0  0  0  0
  2  3  3  0  0  0  0
  2  1  1  0  0  0  0
  4  3  1  0  0  0  0
  4  5  1  0  0  0  0
  4 11  1  1  0  0  0
  6  4  1  0  0  0  0
  7  6  1  0  0  0  0
  7 15  1  0  0  0  0
  9  1  1  0  0  0  0
 12  5  1  0  0  0  0
 13  6  1  0  0  0  0
 14  6  1  0  0  0  0
M  END
