Lattice="12.65530251 0.0 0.0 0.0 14.98431701 0.0 0.0 0.0 14.14605414" Properties=species:S:1:pos:R:3:GW_charged:R:1:dKS_charged:R:1:dKS_neutral:R:1 pbc="T T T"
 OpenBabel12102411053D
Lattice="12.65530251 0.0 0.0 0.0 14.98431701 0.0 0.0 0.0 14.14605414" Properties=species:S:1:pos:R:3:GW_charged:R:1:dKS_charged:R:1:dKS_neutral:R:1 pbc="T T T"
 21 23  0  0  1  0  0  0  0  0999 V2000
    6.1270    9.8858    5.5598 C   0  0  0  0  0  0  0  0  0  0  0  0
    7.3406    9.0153    5.4645 C   0  0  1  0  0  0  0  0  0  0  0  0
    7.6239    8.3803    6.7199 O   0  0  0  0  0  0  0  0  0  0  0  0
    6.3352    7.6335    6.6307 C   0  0  0  0  0  0  0  0  0  0  0  0
    6.6000    6.1342    6.4553 C   0  0  0  0  0  0  0  0  0  0  0  0
    6.6227    5.5919    7.8881 C   0  0  0  0  0  0  0  0  0  0  0  0
    5.4539    6.3417    8.5508 C   0  0  0  0  0  0  0  0  0  0  0  0
    5.4992    7.7540    7.9240 C   0  0  0  0  0  0  0  0  0  0  0  0
    5.9698    8.3915    5.3553 C   0  0  1  0  0  0  0  0  0  0  0  0
    5.8709   10.3540    6.5116 H   0  0  0  0  0  0  0  0  0  0  0  0
    5.9097   10.4843    4.6745 H   0  0  0  0  0  0  0  0  0  0  0  0
    8.1553    9.1338    4.7510 H   0  0  0  0  0  0  0  0  0  0  0  0
    5.7536    5.6913    5.9017 H   0  0  0  0  0  0  0  0  0  0  0  0
    7.5139    5.9531    5.8765 H   0  0  0  0  0  0  0  0  0  0  0  0
    6.5231    4.5000    7.9424 H   0  0  0  0  0  0  0  0  0  0  0  0
    7.5741    5.8624    8.3716 H   0  0  0  0  0  0  0  0  0  0  0  0
    4.5057    5.8429    8.2974 H   0  0  0  0  0  0  0  0  0  0  0  0
    5.5217    6.3623    9.6461 H   0  0  0  0  0  0  0  0  0  0  0  0
    6.0007    8.4717    8.5857 H   0  0  0  0  0  0  0  0  0  0  0  0
    4.5000    8.1558    7.7092 H   0  0  0  0  0  0  0  0  0  0  0  0
    5.4567    7.9570    4.5000 H   0  0  0  0  0  0  0  0  0  0  0  0
  1 10  1  0  0  0  0
  2 12  1  6  0  0  0
  2  1  1  0  0  0  0
  2  3  1  0  0  0  0
  4  3  1  0  0  0  0
  4  8  1  0  0  0  0
  5  4  1  0  0  0  0
  5  6  1  0  0  0  0
  6 15  1  0  0  0  0
  6 16  1  0  0  0  0
  6  7  1  0  0  0  0
  7 18  1  0  0  0  0
  8  7  1  0  0  0  0
  8 19  1  0  0  0  0
  9 21  1  6  0  0  0
  9  2  1  0  0  0  0
  9  1  1  0  0  0  0
  9  4  1  0  0  0  0
 11  1  1  0  0  0  0
 13  5  1  0  0  0  0
 14  5  1  0  0  0  0
 17  7  1  0  0  0  0
 20  8  1  0  0  0  0
M  END
