Lattice="13.83371339 0.0 0.0 0.0 16.48661904 0.0 0.0 0.0 12.86307101" Properties=species:S:1:pos:R:3:GW_charged:R:1:dKS_charged:R:1:dKS_neutral:R:1 pbc="T T T"
 OpenBabel12102411073D
Lattice="13.83371339 0.0 0.0 0.0 16.48661904 0.0 0.0 0.0 12.86307101" Properties=species:S:1:pos:R:3:GW_charged:R:1:dKS_charged:R:1:dKS_neutral:R:1 pbc="T T T"
 23 23  0  0  1  0  0  0  0  0999 V2000
    8.1365   11.5408    5.3988 C   0  0  0  0  0  0  0  0  0  0  0  0
    8.0698   10.0883    5.4243 C   0  0  0  0  0  0  0  0  0  0  0  0
    8.0234    8.8749    5.4397 C   0  0  0  0  0  0  0  0  0  0  0  0
    7.9327    7.4319    5.4936 C   0  0  1  0  0  0  0  0  0  0  0  0
    8.3120    6.6923    6.8137 C   0  0  0  0  0  0  0  0  0  0  0  0
    7.1574    5.6935    6.5475 C   0  0  1  0  0  0  0  0  0  0  0  0
    6.3666    5.1417    7.7215 C   0  0  0  0  0  0  0  0  0  0  0  0
    6.5161    6.7386    5.5701 C   0  0  1  0  0  0  0  0  0  0  0  0
    5.4100    7.6111    6.1466 C   0  0  0  0  0  0  0  0  0  0  0  0
    8.6750   11.9314    6.2747 H   0  0  0  0  0  0  0  0  0  0  0  0
    8.6568   11.9028    4.5000 H   0  0  0  0  0  0  0  0  0  0  0  0
    7.1309   11.9866    5.4027 H   0  0  0  0  0  0  0  0  0  0  0  0
    8.4956    6.9943    4.6545 H   0  0  0  0  0  0  0  0  0  0  0  0
    9.3337    6.3004    6.8934 H   0  0  0  0  0  0  0  0  0  0  0  0
    8.1092    7.3269    7.6871 H   0  0  0  0  0  0  0  0  0  0  0  0
    7.5419    4.8550    5.9456 H   0  0  0  0  0  0  0  0  0  0  0  0
    5.9725    5.9423    8.3631 H   0  0  0  0  0  0  0  0  0  0  0  0
    5.5141    4.5340    7.3844 H   0  0  0  0  0  0  0  0  0  0  0  0
    7.0016    4.5000    8.3496 H   0  0  0  0  0  0  0  0  0  0  0  0
    6.1824    6.3168    4.6111 H   0  0  0  0  0  0  0  0  0  0  0  0
    5.6974    8.0855    7.0953 H   0  0  0  0  0  0  0  0  0  0  0  0
    5.1569    8.4196    5.4475 H   0  0  0  0  0  0  0  0  0  0  0  0
    4.5000    7.0216    6.3265 H   0  0  0  0  0  0  0  0  0  0  0  0
  1 12  1  0  0  0  0
  1  2  1  0  0  0  0
  1 10  1  0  0  0  0
  2  3  3  0  0  0  0
  3  4  1  0  0  0  0
  4 13  1  6  0  0  0
  4  8  1  0  0  0  0
  4  5  1  0  0  0  0
  5 14  1  0  0  0  0
  5 15  1  0  0  0  0
  6 16  1  6  0  0  0
  6  5  1  0  0  0  0
  6  7  1  0  0  0  0
  7 19  1  0  0  0  0
  7 17  1  0  0  0  0
  8 20  1  6  0  0  0
  8  9  1  0  0  0  0
  8  6  1  0  0  0  0
  9 23  1  0  0  0  0
  9 21  1  0  0  0  0
 11  1  1  0  0  0  0
 18  7  1  0  0  0  0
 22  9  1  0  0  0  0
M  END
