Lattice="13.58527261 0.0 0.0 0.0 12.180881920000001 0.0 0.0 0.0 14.10474715" Properties=species:S:1:pos:R:3:GW_charged:R:1:dKS_charged:R:1:dKS_neutral:R:1 pbc="T T T"
 OpenBabel12102411043D
Lattice="13.58527261 0.0 0.0 0.0 12.180881920000001 0.0 0.0 0.0 14.10474715" Properties=species:S:1:pos:R:3:GW_charged:R:1:dKS_charged:R:1:dKS_neutral:R:1 pbc="T T T"
 21 23  0  0  1  0  0  0  0  0999 V2000
    5.9097    7.1019    5.4261 C   0  0  0  0  0  0  0  0  0  0  0  0
    7.4354    7.0306    5.3717 C   0  0  1  0  0  0  0  0  0  0  0  0
    7.9934    6.4217    6.6316 C   0  0  1  0  0  0  0  0  0  0  0  0
    7.4190    6.6089    8.0346 C   0  0  0  0  0  0  0  0  0  0  0  0
    6.5194    5.4650    8.5247 C   0  0  0  0  0  0  0  0  0  0  0  0
    5.1462    5.3803    7.8543 C   0  0  0  0  0  0  0  0  0  0  0  0
    5.1242    4.8543    6.5275 O   0  0  0  0  0  0  0  0  0  0  0  0
    5.8873    5.5350    5.5456 C   0  0  2  0  0  0  0  0  0  0  0  0
    7.4173    5.5016    5.5869 C   0  0  1  0  0  0  0  0  0  0  0  0
    5.4888    7.6809    6.2603 H   0  0  0  0  0  0  0  0  0  0  0  0
    5.4374    7.4478    4.5000 H   0  0  0  0  0  0  0  0  0  0  0  0
    8.0611    7.5957    4.6832 H   0  0  0  0  0  0  0  0  0  0  0  0
    9.0853    6.3948    6.6077 H   0  0  0  0  0  0  0  0  0  0  0  0
    8.2607    6.7195    8.7338 H   0  0  0  0  0  0  0  0  0  0  0  0
    6.8608    7.5583    8.0964 H   0  0  0  0  0  0  0  0  0  0  0  0
    7.0371    4.5000    8.4063 H   0  0  0  0  0  0  0  0  0  0  0  0
    6.3382    5.5949    9.6047 H   0  0  0  0  0  0  0  0  0  0  0  0
    4.5000    4.6962    8.4213 H   0  0  0  0  0  0  0  0  0  0  0  0
    4.6627    6.3764    7.8769 H   0  0  0  0  0  0  0  0  0  0  0  0
    5.5380    5.1076    4.5967 H   0  0  0  0  0  0  0  0  0  0  0  0
    8.0245    4.7355    5.1059 H   0  0  0  0  0  0  0  0  0  0  0  0
  1  8  1  0  0  0  0
  1 10  1  0  0  0  0
  2 12  1  6  0  0  0
  2  1  1  0  0  0  0
  2  9  1  0  0  0  0
  2  3  1  0  0  0  0
  3 13  1  1  0  0  0
  3  4  1  0  0  0  0
  4 15  1  0  0  0  0
  4  5  1  0  0  0  0
  4 14  1  0  0  0  0
  5 17  1  0  0  0  0
  6 19  1  0  0  0  0
  6 18  1  0  0  0  0
  6  5  1  0  0  0  0
  7  6  1  0  0  0  0
  8 20  1  6  0  0  0
  8  9  1  0  0  0  0
  8  7  1  0  0  0  0
  9 21  1  6  0  0  0
  9  3  1  0  0  0  0
 11  1  1  0  0  0  0
 16  5  1  0  0  0  0
M  END
