Lattice="15.94159072 0.0 0.0 0.0 14.73085897 0.0 0.0 0.0 12.416456799999999" Properties=species:S:1:pos:R:3:GW_charged:R:1:dKS_charged:R:1:dKS_neutral:R:1 pbc="T T T"
 OpenBabel12102409423D
Lattice="15.94159072 0.0 0.0 0.0 14.73085897 0.0 0.0 0.0 12.416456799999999" Properties=species:S:1:pos:R:3:GW_charged:R:1:dKS_charged:R:1:dKS_neutral:R:1 pbc="T T T"
 21 21  0  0  0  0  0  0  0  0999 V2000
    9.5527    9.5088    6.7625 C   0  0  0  0  0  0  0  0  0  0  0  0
    9.4795    8.1138    6.1318 C   0  0  0  0  0  0  0  0  0  0  0  0
   10.4025    7.1272    6.8711 C   0  0  0  0  0  0  0  0  0  0  0  0
    8.0729    7.5800    6.0555 C   0  0  0  0  0  0  0  0  0  0  0  0
    6.9390    8.0824    6.6290 C   0  0  0  0  0  0  0  0  0  0  0  0
    5.8517    7.2960    6.3396 O   0  0  0  0  0  0  0  0  0  0  0  0
    6.3019    6.2615    5.5586 C   0  0  0  0  0  0  0  0  0  0  0  0
    5.2908    5.2713    5.1124 C   0  0  0  0  0  0  0  0  0  0  0  0
    7.6468    6.3929    5.3607 C   0  0  0  0  0  0  0  0  0  0  0  0
   10.5850    9.8838    6.7522 H   0  0  0  0  0  0  0  0  0  0  0  0
    8.9259   10.2309    6.2218 H   0  0  0  0  0  0  0  0  0  0  0  0
    9.2218    9.4889    7.8117 H   0  0  0  0  0  0  0  0  0  0  0  0
    9.8506    8.1959    5.0945 H   0  0  0  0  0  0  0  0  0  0  0  0
   10.3868    6.1327    6.4063 H   0  0  0  0  0  0  0  0  0  0  0  0
   11.4416    7.4860    6.8687 H   0  0  0  0  0  0  0  0  0  0  0  0
   10.0821    7.0111    7.9165 H   0  0  0  0  0  0  0  0  0  0  0  0
    6.7318    8.9511    7.2411 H   0  0  0  0  0  0  0  0  0  0  0  0
    4.5000    5.7438    4.5110 H   0  0  0  0  0  0  0  0  0  0  0  0
    5.7714    4.5000    4.5000 H   0  0  0  0  0  0  0  0  0  0  0  0
    4.8045    4.7776    5.9667 H   0  0  0  0  0  0  0  0  0  0  0  0
    8.2699    5.7207    4.7790 H   0  0  0  0  0  0  0  0  0  0  0  0
  1 12  1  0  0  0  0
  2  1  1  0  0  0  0
  2  3  1  0  0  0  0
  3 16  1  0  0  0  0
  4  2  1  0  0  0  0
  4  5  2  0  0  0  0
  5 17  1  0  0  0  0
  6  5  1  0  0  0  0
  7  6  1  0  0  0  0
  8  7  1  0  0  0  0
  8 20  1  0  0  0  0
  9  7  2  0  0  0  0
  9  4  1  0  0  0  0
 10  1  1  0  0  0  0
 11  1  1  0  0  0  0
 13  2  1  0  0  0  0
 14  3  1  0  0  0  0
 15  3  1  0  0  0  0
 18  8  1  0  0  0  0
 19  8  1  0  0  0  0
 21  9  1  0  0  0  0
M  END
