Lattice="13.81246356 0.0 0.0 0.0 14.97547632 0.0 0.0 0.0 13.03822692" Properties=species:S:1:pos:R:3:GW_charged:R:1:dKS_charged:R:1:dKS_neutral:R:1 pbc="T T T"
 OpenBabel12102409463D
Lattice="13.81246356 0.0 0.0 0.0 14.97547632 0.0 0.0 0.0 13.03822692" Properties=species:S:1:pos:R:3:GW_charged:R:1:dKS_charged:R:1:dKS_neutral:R:1 pbc="T T T"
 19 20  0  0  1  0  0  0  0  0999 V2000
    5.8054    5.5620    5.1869 C   0  0  0  0  0  0  0  0  0  0  0  0
    5.8652    6.7666    5.3046 C   0  0  0  0  0  0  0  0  0  0  0  0
    5.9527    8.2069    5.4494 C   0  0  1  0  0  0  0  0  0  0  0  0
    5.3777    8.7805    6.7930 C   0  0  0  0  0  0  0  0  0  0  0  0
    6.5716    9.6174    7.2957 C   0  0  1  0  0  0  0  0  0  0  0  0
    7.6666    8.6902    7.8603 C   0  0  0  0  0  0  0  0  0  0  0  0
    8.2550    8.0869    6.5517 C   0  0  0  0  0  0  0  0  0  0  0  0
    7.4025    8.7991    5.4870 C   0  0  2  0  0  0  0  0  0  0  0  0
    7.1640   10.0954    6.0626 O   0  0  0  0  0  0  0  0  0  0  0  0
    5.7448    4.5000    5.0783 H   0  0  0  0  0  0  0  0  0  0  0  0
    5.4299    8.6762    4.6031 H   0  0  0  0  0  0  0  0  0  0  0  0
    4.5000    9.4083    6.6006 H   0  0  0  0  0  0  0  0  0  0  0  0
    5.0901    7.9854    7.4907 H   0  0  0  0  0  0  0  0  0  0  0  0
    6.3081   10.4755    7.9227 H   0  0  0  0  0  0  0  0  0  0  0  0
    8.4182    9.2702    8.4097 H   0  0  0  0  0  0  0  0  0  0  0  0
    7.2600    7.9293    8.5382 H   0  0  0  0  0  0  0  0  0  0  0  0
    9.3125    8.3479    6.4268 H   0  0  0  0  0  0  0  0  0  0  0  0
    8.1615    6.9959    6.4969 H   0  0  0  0  0  0  0  0  0  0  0  0
    7.8623    8.9108    4.5000 H   0  0  0  0  0  0  0  0  0  0  0  0
  1  2  3  0  0  0  0
  2  3  1  0  0  0  0
  3 11  1  6  0  0  0
  3  8  1  0  0  0  0
  3  4  1  0  0  0  0
  4  5  1  0  0  0  0
  4 13  1  0  0  0  0
  5  6  1  0  0  0  0
  5 14  1  1  0  0  0
  6 15  1  0  0  0  0
  6 16  1  0  0  0  0
  7  6  1  0  0  0  0
  8 19  1  6  0  0  0
  8  9  1  0  0  0  0
  8  7  1  0  0  0  0
  9  5  1  0  0  0  0
 10  1  1  0  0  0  0
 12  4  1  0  0  0  0
 17  7  1  0  0  0  0
 18  7  1  0  0  0  0
M  END
