Lattice="11.99353628 0.0 0.0 0.0 14.116487880000001 0.0 0.0 0.0 15.7286661" Properties=species:S:1:pos:R:3:GW_charged:R:1:dKS_charged:R:1:dKS_neutral:R:1 pbc="T T T"
 OpenBabel12102409423D
Lattice="11.99353628 0.0 0.0 0.0 14.116487880000001 0.0 0.0 0.0 15.7286661" Properties=species:S:1:pos:R:3:GW_charged:R:1:dKS_charged:R:1:dKS_neutral:R:1 pbc="T T T"
 19 20  0  0  0  0  0  0  0  0999 V2000
    5.7446    9.0984    6.7864 C   0  0  0  0  0  0  0  0  0  0  0  0
    5.5010    7.6280    6.6841 C   0  0  0  0  0  0  0  0  0  0  0  0
    5.4400    6.8643    5.5548 C   0  0  0  0  0  0  0  0  0  0  0  0
    5.2073    5.5499    5.8608 O   0  0  0  0  0  0  0  0  0  0  0  0
    5.1148    5.4831    7.2231 C   0  0  0  0  0  0  0  0  0  0  0  0
    5.2881    6.7164    7.7864 C   0  0  0  0  0  0  0  0  0  0  0  0
    5.2729    7.0848    9.2191 C   0  0  0  0  0  0  0  0  0  0  0  0
    5.6428    6.0941   10.2947 C   0  0  0  0  0  0  0  0  0  0  0  0
    6.5762    7.2367    9.9823 C   0  0  0  0  0  0  0  0  0  0  0  0
    6.6234    9.3129    7.4120 H   0  0  0  0  0  0  0  0  0  0  0  0
    5.9127    9.5458    5.7990 H   0  0  0  0  0  0  0  0  0  0  0  0
    4.8911    9.6165    7.2487 H   0  0  0  0  0  0  0  0  0  0  0  0
    5.5414    7.0918    4.5000 H   0  0  0  0  0  0  0  0  0  0  0  0
    4.9216    4.5000    7.6350 H   0  0  0  0  0  0  0  0  0  0  0  0
    4.5000    7.8076    9.4921 H   0  0  0  0  0  0  0  0  0  0  0  0
    5.0844    6.1234   11.2287 H   0  0  0  0  0  0  0  0  0  0  0  0
    5.9491    5.0955    9.9876 H   0  0  0  0  0  0  0  0  0  0  0  0
    7.4935    7.0043    9.4435 H   0  0  0  0  0  0  0  0  0  0  0  0
    6.6608    8.0516   10.6994 H   0  0  0  0  0  0  0  0  0  0  0  0
  1 12  1  0  0  0  0
  1 10  1  0  0  0  0
  2  1  1  0  0  0  0
  2  6  1  0  0  0  0
  3  4  1  0  0  0  0
  3  2  2  0  0  0  0
  4  5  1  0  0  0  0
  5 14  1  0  0  0  0
  5  6  2  0  0  0  0
  6  7  1  0  0  0  0
  7 15  1  0  0  0  0
  7  9  1  0  0  0  0
  7  8  1  0  0  0  0
  8 16  1  0  0  0  0
  9  8  1  0  0  0  0
  9 19  1  0  0  0  0
 11  1  1  0  0  0  0
 13  3  1  0  0  0  0
 17  8  1  0  0  0  0
 18  9  1  0  0  0  0
M  END
