Lattice="12.60188919 0.0 0.0 0.0 16.03968176 0.0 0.0 0.0 12.829694830000001" Properties=species:S:1:pos:R:3:GW_charged:R:1:dKS_charged:R:1:dKS_neutral:R:1 pbc="T T T"
 OpenBabel12102409443D
Lattice="12.60188919 0.0 0.0 0.0 16.03968176 0.0 0.0 0.0 12.829694830000001" Properties=species:S:1:pos:R:3:GW_charged:R:1:dKS_charged:R:1:dKS_neutral:R:1 pbc="T T T"
 19 19  0  0  1  0  0  0  0  0999 V2000
    6.0057   11.0732    5.4941 C   0  0  0  0  0  0  0  0  0  0  0  0
    6.1480    9.5535    5.4257 C   0  0  0  0  0  0  0  0  0  0  0  0
    6.3786    8.8988    6.7975 C   0  0  1  0  0  0  0  0  0  0  0  0
    5.3099    9.1848    7.7115 O   0  0  0  0  0  0  0  0  0  0  0  0
    6.6295    7.4165    6.6954 C   0  0  0  0  0  0  0  0  0  0  0  0
    6.0824    6.4448    7.4879 C   0  0  0  0  0  0  0  0  0  0  0  0
    6.5341    5.2052    7.1231 O   0  0  0  0  0  0  0  0  0  0  0  0
    7.3928    5.3954    6.0792 C   0  0  0  0  0  0  0  0  0  0  0  0
    7.4893    6.7205    5.7750 C   0  0  0  0  0  0  0  0  0  0  0  0
    6.9226   11.5397    5.8828 H   0  0  0  0  0  0  0  0  0  0  0  0
    5.8121   11.4971    4.5000 H   0  0  0  0  0  0  0  0  0  0  0  0
    5.1811   11.3663    6.1560 H   0  0  0  0  0  0  0  0  0  0  0  0
    5.2499    9.0982    4.9738 H   0  0  0  0  0  0  0  0  0  0  0  0
    6.9850    9.2843    4.7631 H   0  0  0  0  0  0  0  0  0  0  0  0
    7.2557    9.3777    7.2665 H   0  0  0  0  0  0  0  0  0  0  0  0
    4.5000    8.8004    7.3358 H   0  0  0  0  0  0  0  0  0  0  0  0
    5.4027    6.4724    8.3297 H   0  0  0  0  0  0  0  0  0  0  0  0
    7.8430    4.5000    5.6684 H   0  0  0  0  0  0  0  0  0  0  0  0
    8.1019    7.1497    4.9898 H   0  0  0  0  0  0  0  0  0  0  0  0
  1 10  1  0  0  0  0
  1 12  1  0  0  0  0
  2  1  1  0  0  0  0
  2  3  1  0  0  0  0
  3 15  1  1  0  0  0
  3  4  1  0  0  0  0
  5  3  1  0  0  0  0
  5  6  2  0  0  0  0
  6 17  1  0  0  0  0
  7  6  1  0  0  0  0
  8  7  1  0  0  0  0
  9  8  2  0  0  0  0
  9  5  1  0  0  0  0
 11  1  1  0  0  0  0
 13  2  1  0  0  0  0
 14  2  1  0  0  0  0
 16  4  1  0  0  0  0
 18  8  1  0  0  0  0
 19  9  1  0  0  0  0
M  END
