Lattice="13.44210999 0.0 0.0 0.0 13.4975093 0.0 0.0 0.0 13.29325656" Properties=species:S:1:pos:R:3:GW_charged:R:1:dKS_charged:R:1:dKS_neutral:R:1 pbc="T T T"
 OpenBabel12102411063D
Lattice="13.44210999 0.0 0.0 0.0 13.4975093 0.0 0.0 0.0 13.29325656" Properties=species:S:1:pos:R:3:GW_charged:R:1:dKS_charged:R:1:dKS_neutral:R:1 pbc="T T T"
 21 23  0  0  1  0  0  0  0  0999 V2000
    5.4578    7.7582    6.6775 C   0  0  0  0  0  0  0  0  0  0  0  0
    6.8928    8.3526    6.6637 C   0  0  0  0  0  0  0  0  0  0  0  0
    7.9251    7.2105    6.6436 C   0  0  1  0  0  0  0  0  0  0  0  0
    7.7016    6.3381    7.9011 C   0  0  0  0  0  0  0  0  0  0  0  0
    6.4371    5.5082    7.6655 C   0  0  2  0  0  0  0  0  0  0  0  0
    6.7370    4.5000    6.6411 O   0  0  0  0  0  0  0  0  0  0  0  0
    6.4120    5.5210    5.6373 C   0  0  2  0  0  0  0  0  0  0  0  0
    7.6705    6.3540    5.3811 C   0  0  0  0  0  0  0  0  0  0  0  0
    5.5004    6.2337    6.6674 C   0  0  2  0  0  0  0  0  0  0  0  0
    4.9017    8.0986    7.5633 H   0  0  0  0  0  0  0  0  0  0  0  0
    4.8802    8.1095    5.8099 H   0  0  0  0  0  0  0  0  0  0  0  0
    7.0375    8.9975    5.7849 H   0  0  0  0  0  0  0  0  0  0  0  0
    7.0592    8.9861    7.5469 H   0  0  0  0  0  0  0  0  0  0  0  0
    8.9421    7.6276    6.6337 H   0  0  0  0  0  0  0  0  0  0  0  0
    8.5393    5.6490    8.0824 H   0  0  0  0  0  0  0  0  0  0  0  0
    7.5968    6.9764    8.7933 H   0  0  0  0  0  0  0  0  0  0  0  0
    6.0165    5.0572    8.5753 H   0  0  0  0  0  0  0  0  0  0  0  0
    5.9690    5.0816    4.7326 H   0  0  0  0  0  0  0  0  0  0  0  0
    7.5437    7.0036    4.5000 H   0  0  0  0  0  0  0  0  0  0  0  0
    8.5034    5.6675    5.1704 H   0  0  0  0  0  0  0  0  0  0  0  0
    4.5000    5.7847    6.6769 H   0  0  0  0  0  0  0  0  0  0  0  0
  1 10  1  0  0  0  0
  2  1  1  0  0  0  0
  2 13  1  0  0  0  0
  3 14  1  6  0  0  0
  3  2  1  0  0  0  0
  3  4  1  0  0  0  0
  4 15  1  0  0  0  0
  4 16  1  0  0  0  0
  5  4  1  0  0  0  0
  5 17  1  1  0  0  0
  6  5  1  0  0  0  0
  7 18  1  6  0  0  0
  7  6  1  0  0  0  0
  7  9  1  0  0  0  0
  8  7  1  0  0  0  0
  8  3  1  0  0  0  0
  9 21  1  1  0  0  0
  9  1  1  0  0  0  0
  9  5  1  0  0  0  0
 11  1  1  0  0  0  0
 12  2  1  0  0  0  0
 19  8  1  0  0  0  0
 20  8  1  0  0  0  0
M  END
