Lattice="14.21980977 0.0 0.0 0.0 12.6263226 0.0 0.0 0.0 13.32048986" Properties=species:S:1:pos:R:3:GW_charged:R:1:dKS_charged:R:1:dKS_neutral:R:1 pbc="T T T"
 OpenBabel12102409263D
Lattice="14.21980977 0.0 0.0 0.0 12.6263226 0.0 0.0 0.0 13.32048986" Properties=species:S:1:pos:R:3:GW_charged:R:1:dKS_charged:R:1:dKS_neutral:R:1 pbc="T T T"
 19 18  0  0  0  0  0  0  0  0999 V2000
    6.5023    7.6850    6.6410 C   0  0  0  0  0  0  0  0  0  0  0  0
    6.5397    6.1455    6.6462 C   0  0  0  0  0  0  0  0  0  0  0  0
    7.1869    5.6420    7.9483 C   0  0  0  0  0  0  0  0  0  0  0  0
    5.1024    5.6065    6.5458 C   0  0  0  0  0  0  0  0  0  0  0  0
    7.3344    5.5983    5.4193 C   0  0  0  0  0  0  0  0  0  0  0  0
    8.7825    6.0101    5.3725 C   0  0  0  0  0  0  0  0  0  0  0  0
    9.7198    5.2481    5.5008 O   0  0  0  0  0  0  0  0  0  0  0  0
    7.4990    8.1263    6.7774 H   0  0  0  0  0  0  0  0  0  0  0  0
    6.0864    8.0734    5.6999 H   0  0  0  0  0  0  0  0  0  0  0  0
    5.8689    8.0521    7.4610 H   0  0  0  0  0  0  0  0  0  0  0  0
    6.6060    5.9738    8.8205 H   0  0  0  0  0  0  0  0  0  0  0  0
    7.2338    4.5442    7.9716 H   0  0  0  0  0  0  0  0  0  0  0  0
    8.2126    6.0183    8.0670 H   0  0  0  0  0  0  0  0  0  0  0  0
    4.6085    5.9522    5.6262 H   0  0  0  0  0  0  0  0  0  0  0  0
    5.0874    4.5074    6.5444 H   0  0  0  0  0  0  0  0  0  0  0  0
    4.5000    5.9494    7.3994 H   0  0  0  0  0  0  0  0  0  0  0  0
    7.2930    4.5000    5.4094 H   0  0  0  0  0  0  0  0  0  0  0  0
    6.8513    5.9735    4.5000 H   0  0  0  0  0  0  0  0  0  0  0  0
    8.9720    7.1020    5.2057 H   0  0  0  0  0  0  0  0  0  0  0  0
  1  2  1  0  0  0  0
  1  8  1  0  0  0  0
  1 10  1  0  0  0  0
  2  3  1  0  0  0  0
  3 12  1  0  0  0  0
  3 13  1  0  0  0  0
  3 11  1  0  0  0  0
  4  2  1  0  0  0  0
  4 16  1  0  0  0  0
  5  2  1  0  0  0  0
  6  5  1  0  0  0  0
  6  7  2  0  0  0  0
  9  1  1  0  0  0  0
 14  4  1  0  0  0  0
 15  4  1  0  0  0  0
 17  5  1  0  0  0  0
 18  5  1  0  0  0  0
 19  6  1  0  0  0  0
M  END
