Lattice="13.57156217 0.0 0.0 0.0 13.79540784 0.0 0.0 0.0 12.62659517" Properties=species:S:1:pos:R:3:GW_charged:R:1:dKS_charged:R:1:dKS_neutral:R:1 pbc="T T T"
 OpenBabel12102409273D
Lattice="13.57156217 0.0 0.0 0.0 13.79540784 0.0 0.0 0.0 12.62659517" Properties=species:S:1:pos:R:3:GW_charged:R:1:dKS_charged:R:1:dKS_neutral:R:1 pbc="T T T"
 15 14  0  0  1  0  0  0  0  0999 V2000
    6.3628    8.7942    7.3645 C   0  0  0  0  0  0  0  0  0  0  0  0
    6.4505    7.3846    7.2476 O   0  0  0  0  0  0  0  0  0  0  0  0
    5.5519    6.8667    6.2878 C   0  0  0  0  0  0  0  0  0  0  0  0
    5.7645    5.3462    6.1854 C   0  0  1  0  0  0  0  0  0  0  0  0
    4.6951    4.7534    5.4316 O   0  0  0  0  0  0  0  0  0  0  0  0
    7.0716    5.0122    5.6273 C   0  0  0  0  0  0  0  0  0  0  0  0
    8.1299    4.7439    5.1045 C   0  0  0  0  0  0  0  0  0  0  0  0
    6.6087    9.2954    6.4104 H   0  0  0  0  0  0  0  0  0  0  0  0
    5.3526    9.1148    7.6791 H   0  0  0  0  0  0  0  0  0  0  0  0
    7.0884    9.1000    8.1266 H   0  0  0  0  0  0  0  0  0  0  0  0
    4.5000    7.0404    6.5837 H   0  0  0  0  0  0  0  0  0  0  0  0
    5.7134    7.3332    5.2958 H   0  0  0  0  0  0  0  0  0  0  0  0
    5.6884    4.9288    7.2024 H   0  0  0  0  0  0  0  0  0  0  0  0
    4.9668    4.7437    4.5000 H   0  0  0  0  0  0  0  0  0  0  0  0
    9.0716    4.5000    4.6596 H   0  0  0  0  0  0  0  0  0  0  0  0
  1  9  1  0  0  0  0
  1 10  1  0  0  0  0
  2  1  1  0  0  0  0
  3 11  1  0  0  0  0
  3  2  1  0  0  0  0
  4  3  1  0  0  0  0
  4 13  1  1  0  0  0
  5  4  1  0  0  0  0
  6  4  1  0  0  0  0
  7  6  3  0  0  0  0
  8  1  1  0  0  0  0
 12  3  1  0  0  0  0
 14  5  1  0  0  0  0
 15  7  1  0  0  0  0
M  END
