Lattice="12.67265801 0.0 0.0 0.0 14.61707692 0.0 0.0 0.0 15.16245782" Properties=species:S:1:pos:R:3:GW_charged:R:1:dKS_charged:R:1:dKS_neutral:R:1 pbc="T T T"
 OpenBabel12102409443D
Lattice="12.67265801 0.0 0.0 0.0 14.61707692 0.0 0.0 0.0 15.16245782" Properties=species:S:1:pos:R:3:GW_charged:R:1:dKS_charged:R:1:dKS_neutral:R:1 pbc="T T T"
 19 19  0  0  0  0  0  0  0  0999 V2000
    5.2214    9.5681    5.4635 C   0  0  0  0  0  0  0  0  0  0  0  0
    5.4852    8.0590    5.3558 C   0  0  0  0  0  0  0  0  0  0  0  0
    6.0965    7.4752    6.5938 C   0  0  0  0  0  0  0  0  0  0  0  0
    7.3514    6.9508    6.7306 C   0  0  0  0  0  0  0  0  0  0  0  0
    7.5768    6.5360    8.0150 O   0  0  0  0  0  0  0  0  0  0  0  0
    6.4261    6.7980    8.7244 C   0  0  0  0  0  0  0  0  0  0  0  0
    6.4198    6.3793   10.1493 C   0  0  0  0  0  0  0  0  0  0  0  0
    6.2083    4.9692   10.3441 O   0  0  0  0  0  0  0  0  0  0  0  0
    5.5011    7.3705    7.8970 C   0  0  0  0  0  0  0  0  0  0  0  0
    6.1557   10.1171    5.6425 H   0  0  0  0  0  0  0  0  0  0  0  0
    4.7672    9.9561    4.5417 H   0  0  0  0  0  0  0  0  0  0  0  0
    4.5399    9.7954    6.2946 H   0  0  0  0  0  0  0  0  0  0  0  0
    4.5385    7.5388    5.1378 H   0  0  0  0  0  0  0  0  0  0  0  0
    6.1468    7.8587    4.5000 H   0  0  0  0  0  0  0  0  0  0  0  0
    8.1727    6.8094    6.0376 H   0  0  0  0  0  0  0  0  0  0  0  0
    7.3579    6.6991   10.6372 H   0  0  0  0  0  0  0  0  0  0  0  0
    5.5873    6.8757   10.6625 H   0  0  0  0  0  0  0  0  0  0  0  0
    6.9060    4.5000    9.8601 H   0  0  0  0  0  0  0  0  0  0  0  0
    4.5000    7.6767    8.1839 H   0  0  0  0  0  0  0  0  0  0  0  0
  1 10  1  0  0  0  0
  1 12  1  0  0  0  0
  2  1  1  0  0  0  0
  2  3  1  0  0  0  0
  3  4  2  0  0  0  0
  3  9  1  0  0  0  0
  4  5  1  0  0  0  0
  5  6  1  0  0  0  0
  6  7  1  0  0  0  0
  7  8  1  0  0  0  0
  7 16  1  0  0  0  0
  7 17  1  0  0  0  0
  9 19  1  0  0  0  0
  9  6  2  0  0  0  0
 11  1  1  0  0  0  0
 13  2  1  0  0  0  0
 14  2  1  0  0  0  0
 15  4  1  0  0  0  0
 18  8  1  0  0  0  0
M  END
