Lattice="13.84175452 0.0 0.0 0.0 13.3718053 0.0 0.0 0.0 13.46648532" Properties=species:S:1:pos:R:3:GW_charged:R:1:dKS_charged:R:1:dKS_neutral:R:1 pbc="T T T"
 OpenBabel12102409373D
Lattice="13.84175452 0.0 0.0 0.0 13.3718053 0.0 0.0 0.0 13.46648532" Properties=species:S:1:pos:R:3:GW_charged:R:1:dKS_charged:R:1:dKS_neutral:R:1 pbc="T T T"
 17 17  0  0  1  0  0  0  0  0999 V2000
    5.1998    8.1496    6.4877 C   0  0  0  0  0  0  0  0  0  0  0  0
    5.7358    6.7341    6.4758 C   0  0  1  0  0  0  0  0  0  0  0  0
    6.5675    6.3454    5.2353 C   0  0  0  0  0  0  0  0  0  0  0  0
    7.6337    5.5371    5.7463 O   0  0  0  0  0  0  0  0  0  0  0  0
    7.4313    5.4193    7.1612 C   0  0  1  0  0  0  0  0  0  0  0  0
    8.7532    5.3806    7.8867 C   0  0  0  0  0  0  0  0  0  0  0  0
    6.6761    6.5537    7.5446 O   0  0  0  0  0  0  0  0  0  0  0  0
    6.0211    8.8718    6.3884 H   0  0  0  0  0  0  0  0  0  0  0  0
    4.5000    8.2988    5.6540 H   0  0  0  0  0  0  0  0  0  0  0  0
    4.6634    8.3557    7.4224 H   0  0  0  0  0  0  0  0  0  0  0  0
    4.9061    6.0109    6.6047 H   0  0  0  0  0  0  0  0  0  0  0  0
    5.9740    5.7793    4.5000 H   0  0  0  0  0  0  0  0  0  0  0  0
    6.9989    7.2311    4.7410 H   0  0  0  0  0  0  0  0  0  0  0  0
    6.8344    4.5000    7.3561 H   0  0  0  0  0  0  0  0  0  0  0  0
    9.3126    6.3031    7.6894 H   0  0  0  0  0  0  0  0  0  0  0  0
    8.5879    5.2790    8.9665 H   0  0  0  0  0  0  0  0  0  0  0  0
    9.3418    4.5225    7.5400 H   0  0  0  0  0  0  0  0  0  0  0  0
  1 10  1  0  0  0  0
  2  1  1  0  0  0  0
  2 11  1  1  0  0  0
  2  7  1  0  0  0  0
  3  4  1  0  0  0  0
  3  2  1  0  0  0  0
  4  5  1  0  0  0  0
  5 14  1  1  0  0  0
  5  7  1  0  0  0  0
  5  6  1  0  0  0  0
  6 16  1  0  0  0  0
  8  1  1  0  0  0  0
  9  1  1  0  0  0  0
 12  3  1  0  0  0  0
 13  3  1  0  0  0  0
 15  6  1  0  0  0  0
 17  6  1  0  0  0  0
M  END
