Lattice="12.789986670000001 0.0 0.0 0.0 13.72291078 0.0 0.0 0.0 13.29132187" Properties=species:S:1:pos:R:3:GW_charged:R:1:dKS_charged:R:1:dKS_neutral:R:1 pbc="T T T"
 OpenBabel12102409393D
Lattice="12.789986670000001 0.0 0.0 0.0 13.72291078 0.0 0.0 0.0 13.29132187" Properties=species:S:1:pos:R:3:GW_charged:R:1:dKS_charged:R:1:dKS_neutral:R:1 pbc="T T T"
 19 20  0  0  1  0  0  0  0  0999 V2000
    5.4576    8.7825    6.5871 C   0  0  0  0  0  0  0  0  0  0  0  0
    5.5303    7.2559    6.6005 C   0  0  1  0  0  0  0  0  0  0  0  0
    6.2770    6.6519    5.3862 C   0  0  0  0  0  0  0  0  0  0  0  0
    6.7983    5.2780    5.8567 C   0  0  0  0  0  0  0  0  0  0  0  0
    7.0203    5.4393    7.3538 C   0  0  1  0  0  0  0  0  0  0  0  0
    7.7545    6.6745    7.8193 C   0  0  0  0  0  0  0  0  0  0  0  0
    6.2428    6.6560    7.8093 C   0  0  1  0  0  0  0  0  0  0  0  0
    6.4652    9.2229    6.6184 H   0  0  0  0  0  0  0  0  0  0  0  0
    4.9578    9.1522    5.6802 H   0  0  0  0  0  0  0  0  0  0  0  0
    4.9005    9.1655    7.4538 H   0  0  0  0  0  0  0  0  0  0  0  0
    4.5000    6.8576    6.6059 H   0  0  0  0  0  0  0  0  0  0  0  0
    5.6329    6.5795    4.5000 H   0  0  0  0  0  0  0  0  0  0  0  0
    7.1165    7.3063    5.1054 H   0  0  0  0  0  0  0  0  0  0  0  0
    6.0371    4.5000    5.6888 H   0  0  0  0  0  0  0  0  0  0  0  0
    7.7033    4.9659    5.3146 H   0  0  0  0  0  0  0  0  0  0  0  0
    7.0756    4.5448    7.9736 H   0  0  0  0  0  0  0  0  0  0  0  0
    8.2427    6.6251    8.7913 H   0  0  0  0  0  0  0  0  0  0  0  0
    8.2900    7.2831    7.0895 H   0  0  0  0  0  0  0  0  0  0  0  0
    5.7252    6.6649    8.7688 H   0  0  0  0  0  0  0  0  0  0  0  0
  1  2  1  0  0  0  0
  1  8  1  0  0  0  0
  1 10  1  0  0  0  0
  2 11  1  6  0  0  0
  2  7  1  0  0  0  0
  3  4  1  0  0  0  0
  3  2  1  0  0  0  0
  4  5  1  0  0  0  0
  5  7  1  0  0  0  0
  5  6  1  0  0  0  0
  5 16  1  1  0  0  0
  6 17  1  0  0  0  0
  7  6  1  0  0  0  0
  7 19  1  1  0  0  0
  9  1  1  0  0  0  0
 12  3  1  0  0  0  0
 13  3  1  0  0  0  0
 14  4  1  0  0  0  0
 15  4  1  0  0  0  0
 18  6  1  0  0  0  0
M  END
