Lattice="14.926696790000001 0.0 0.0 0.0 14.65221493 0.0 0.0 0.0 12.81686781" Properties=species:S:1:pos:R:3:GW_charged:R:1:dKS_charged:R:1:dKS_neutral:R:1 pbc="T T T"
 OpenBabel12102411063D
Lattice="14.926696790000001 0.0 0.0 0.0 14.65221493 0.0 0.0 0.0 12.81686781" Properties=species:S:1:pos:R:3:GW_charged:R:1:dKS_charged:R:1:dKS_neutral:R:1 pbc="T T T"
 23 25  0  0  0  0  0  0  0  0999 V2000
    9.2190    9.4991    6.0375 C   0  0  0  0  0  0  0  0  0  0  0  0
    9.8222    8.1087    6.0529 C   0  0  0  0  0  0  0  0  0  0  0  0
    8.3461    8.3016    6.2572 C   0  0  0  0  0  0  0  0  0  0  0  0
    7.5623    7.8895    7.5087 C   0  0  0  0  0  0  0  0  0  0  0  0
    6.6898    6.9809    6.6065 C   0  0  0  0  0  0  0  0  0  0  0  0
    6.8754    5.4387    6.6036 C   0  0  0  0  0  0  0  0  0  0  0  0
    5.3734    5.3022    6.2430 C   0  0  0  0  0  0  0  0  0  0  0  0
    5.1677    6.7518    6.7569 C   0  0  0  0  0  0  0  0  0  0  0  0
    7.2436    7.7323    5.3573 C   0  0  0  0  0  0  0  0  0  0  0  0
    9.4161   10.1522    6.8880 H   0  0  0  0  0  0  0  0  0  0  0  0
    9.1488   10.0161    5.0802 H   0  0  0  0  0  0  0  0  0  0  0  0
   10.1591    7.6866    5.1058 H   0  0  0  0  0  0  0  0  0  0  0  0
   10.4267    7.8222    6.9139 H   0  0  0  0  0  0  0  0  0  0  0  0
    8.1183    7.3927    8.3169 H   0  0  0  0  0  0  0  0  0  0  0  0
    6.9835    8.7237    7.9353 H   0  0  0  0  0  0  0  0  0  0  0  0
    7.6202    5.0179    5.9146 H   0  0  0  0  0  0  0  0  0  0  0  0
    7.0824    5.0630    7.6164 H   0  0  0  0  0  0  0  0  0  0  0  0
    5.2209    5.2323    5.1578 H   0  0  0  0  0  0  0  0  0  0  0  0
    4.8022    4.5000    6.7265 H   0  0  0  0  0  0  0  0  0  0  0  0
    4.8656    6.7681    7.8145 H   0  0  0  0  0  0  0  0  0  0  0  0
    4.5000    7.4162    6.1913 H   0  0  0  0  0  0  0  0  0  0  0  0
    6.5503    8.5118    5.0051 H   0  0  0  0  0  0  0  0  0  0  0  0
    7.5537    7.1178    4.5000 H   0  0  0  0  0  0  0  0  0  0  0  0
  1  2  1  0  0  0  0
  1  3  1  0  0  0  0
  1 10  1  0  0  0  0
  2  3  1  0  0  0  0
  2 13  1  0  0  0  0
  3  4  1  0  0  0  0
  4 15  1  0  0  0  0
  4 14  1  0  0  0  0
  5  8  1  0  0  0  0
  5  4  1  0  0  0  0
  6  5  1  0  0  0  0
  6 17  1  0  0  0  0
  7  6  1  0  0  0  0
  7 19  1  0  0  0  0
  7  8  1  0  0  0  0
  8 20  1  0  0  0  0
  9  3  1  0  0  0  0
  9  5  1  0  0  0  0
 11  1  1  0  0  0  0
 12  2  1  0  0  0  0
 16  6  1  0  0  0  0
 18  7  1  0  0  0  0
 21  8  1  0  0  0  0
 22  9  1  0  0  0  0
 23  9  1  0  0  0  0
M  END
