Lattice="13.2642273 0.0 0.0 0.0 13.814978759999999 0.0 0.0 0.0 12.17305974" Properties=species:S:1:pos:R:3:GW_charged:R:1:dKS_charged:R:1:dKS_neutral:R:1 pbc="T T T"
 OpenBabel12102409263D
Lattice="13.2642273 0.0 0.0 0.0 13.814978759999999 0.0 0.0 0.0 12.17305974" Properties=species:S:1:pos:R:3:GW_charged:R:1:dKS_charged:R:1:dKS_neutral:R:1 pbc="T T T"
 18 18  0  0  0  0  0  0  0  0999 V2000
    5.5439    7.6558    6.7612 C   0  0  0  0  0  0  0  0  0  0  0  0
    6.9717    8.2146    6.6992 C   0  0  0  0  0  0  0  0  0  0  0  0
    7.7297    7.6925    5.4715 C   0  0  0  0  0  0  0  0  0  0  0  0
    7.7203    6.1592    5.4119 C   0  0  0  0  0  0  0  0  0  0  0  0
    6.2926    5.6004    5.4739 C   0  0  0  0  0  0  0  0  0  0  0  0
    5.5345    6.1225    6.7016 C   0  0  0  0  0  0  0  0  0  0  0  0
    5.0365    8.0054    7.6731 H   0  0  0  0  0  0  0  0  0  0  0  0
    4.9625    8.0542    5.9114 H   0  0  0  0  0  0  0  0  0  0  0  0
    6.9510    9.3150    6.6954 H   0  0  0  0  0  0  0  0  0  0  0  0
    7.5159    7.9185    7.6130 H   0  0  0  0  0  0  0  0  0  0  0  0
    7.2571    8.0927    4.5575 H   0  0  0  0  0  0  0  0  0  0  0  0
    8.7642    8.0680    5.4735 H   0  0  0  0  0  0  0  0  0  0  0  0
    8.2277    5.8096    4.5000 H   0  0  0  0  0  0  0  0  0  0  0  0
    8.3017    5.7608    6.2616 H   0  0  0  0  0  0  0  0  0  0  0  0
    5.7484    5.8964    4.5600 H   0  0  0  0  0  0  0  0  0  0  0  0
    6.3133    4.5000    5.4776 H   0  0  0  0  0  0  0  0  0  0  0  0
    6.0071    5.7222    7.6155 H   0  0  0  0  0  0  0  0  0  0  0  0
    4.5000    5.7470    6.6996 H   0  0  0  0  0  0  0  0  0  0  0  0
  1  7  1  0  0  0  0
  2  1  1  0  0  0  0
  2 10  1  0  0  0  0
  3 12  1  0  0  0  0
  3  2  1  0  0  0  0
  4  3  1  0  0  0  0
  4  5  1  0  0  0  0
  4 14  1  0  0  0  0
  5 16  1  0  0  0  0
  5  6  1  0  0  0  0
  6  1  1  0  0  0  0
  6 17  1  0  0  0  0
  8  1  1  0  0  0  0
  9  2  1  0  0  0  0
 11  3  1  0  0  0  0
 13  4  1  0  0  0  0
 15  5  1  0  0  0  0
 18  6  1  0  0  0  0
M  END
