Lattice="13.22178884 0.0 0.0 0.0 14.35437844 0.0 0.0 0.0 12.24013229" Properties=species:S:1:pos:R:3:GW_charged:R:1:dKS_charged:R:1:dKS_neutral:R:1 pbc="T T T"
 OpenBabel12102409373D
Lattice="13.22178884 0.0 0.0 0.0 14.35437844 0.0 0.0 0.0 12.24013229" Properties=species:S:1:pos:R:3:GW_charged:R:1:dKS_charged:R:1:dKS_neutral:R:1 pbc="T T T"
 17 17  0  0  1  0  0  0  0  0999 V2000
    6.8853    9.5041    6.7302 O   0  0  0  0  0  0  0  0  0  0  0  0
    6.9547    8.0729    6.7485 C   0  0  1  0  0  0  0  0  0  0  0  0
    5.5290    7.5368    6.8026 C   0  0  0  0  0  0  0  0  0  0  0  0
    5.5295    6.0099    6.6517 C   0  0  0  0  0  0  0  0  0  0  0  0
    6.3359    5.5907    5.4245 C   0  0  0  0  0  0  0  0  0  0  0  0
    7.6674    6.1104    5.4583 O   0  0  0  0  0  0  0  0  0  0  0  0
    7.6659    7.5344    5.4978 C   0  0  0  0  0  0  0  0  0  0  0  0
    7.7855    9.8544    6.8153 H   0  0  0  0  0  0  0  0  0  0  0  0
    7.5080    7.7252    7.6417 H   0  0  0  0  0  0  0  0  0  0  0  0
    5.0472    7.8480    7.7401 H   0  0  0  0  0  0  0  0  0  0  0  0
    4.9601    8.0004    5.9794 H   0  0  0  0  0  0  0  0  0  0  0  0
    5.9702    5.5403    7.5452 H   0  0  0  0  0  0  0  0  0  0  0  0
    4.5000    5.6311    6.5639 H   0  0  0  0  0  0  0  0  0  0  0  0
    6.4448    4.5000    5.3666 H   0  0  0  0  0  0  0  0  0  0  0  0
    5.8291    5.9352    4.5000 H   0  0  0  0  0  0  0  0  0  0  0  0
    7.1679    7.9526    4.5997 H   0  0  0  0  0  0  0  0  0  0  0  0
    8.7218    7.8420    5.4796 H   0  0  0  0  0  0  0  0  0  0  0  0
  1  2  1  0  0  0  0
  1  8  1  0  0  0  0
  2  3  1  0  0  0  0
  2  9  1  1  0  0  0
  3 10  1  0  0  0  0
  4  3  1  0  0  0  0
  4 12  1  0  0  0  0
  5  6  1  0  0  0  0
  5  4  1  0  0  0  0
  6  7  1  0  0  0  0
  7  2  1  0  0  0  0
 11  3  1  0  0  0  0
 13  4  1  0  0  0  0
 14  5  1  0  0  0  0
 15  5  1  0  0  0  0
 16  7  1  0  0  0  0
 17  7  1  0  0  0  0
M  END
