Lattice="11.65397287 0.0 0.0 0.0 13.8773823 0.0 0.0 0.0 13.14214318" Properties=species:S:1:pos:R:3:GW_charged:R:1:dKS_charged:R:1:dKS_neutral:R:1 pbc="T T T"
 OpenBabel12102409373D
Lattice="11.65397287 0.0 0.0 0.0 13.8773823 0.0 0.0 0.0 13.14214318" Properties=species:S:1:pos:R:3:GW_charged:R:1:dKS_charged:R:1:dKS_neutral:R:1 pbc="T T T"
 17 17  0  0  1  0  0  0  0  0999 V2000
    5.2274    8.9424    6.5897 C   0  0  0  0  0  0  0  0  0  0  0  0
    5.3058    7.4518    6.5419 C   0  0  0  0  0  0  0  0  0  0  0  0
    5.0494    6.6553    5.4896 C   0  0  0  0  0  0  0  0  0  0  0  0
    5.3321    5.2063    5.7784 C   0  0  1  0  0  0  0  0  0  0  0  0
    6.4937    4.7385    5.0546 O   0  0  0  0  0  0  0  0  0  0  0  0
    5.4972    5.1794    7.3203 C   0  0  0  0  0  0  0  0  0  0  0  0
    5.7293    6.6442    7.7491 C   0  0  0  0  0  0  0  0  0  0  0  0
    6.1965    9.3774    6.8816 H   0  0  0  0  0  0  0  0  0  0  0  0
    4.9358    9.3701    5.6227 H   0  0  0  0  0  0  0  0  0  0  0  0
    4.5000    9.2742    7.3470 H   0  0  0  0  0  0  0  0  0  0  0  0
    4.7485    7.0013    4.5000 H   0  0  0  0  0  0  0  0  0  0  0  0
    4.5328    4.5288    5.4461 H   0  0  0  0  0  0  0  0  0  0  0  0
    7.1540    5.4499    5.0915 H   0  0  0  0  0  0  0  0  0  0  0  0
    4.5748    4.7965    7.7786 H   0  0  0  0  0  0  0  0  0  0  0  0
    6.3092    4.5000    7.6070 H   0  0  0  0  0  0  0  0  0  0  0  0
    6.7809    6.8601    8.0057 H   0  0  0  0  0  0  0  0  0  0  0  0
    5.1444    6.9138    8.6421 H   0  0  0  0  0  0  0  0  0  0  0  0
  1  8  1  0  0  0  0
  1 10  1  0  0  0  0
  2  1  1  0  0  0  0
  2  7  1  0  0  0  0
  3  4  1  0  0  0  0
  3  2  2  0  0  0  0
  4 12  1  6  0  0  0
  4  6  1  0  0  0  0
  5 13  1  0  0  0  0
  5  4  1  0  0  0  0
  6 15  1  0  0  0  0
  6  7  1  0  0  0  0
  6 14  1  0  0  0  0
  7 16  1  0  0  0  0
  7 17  1  0  0  0  0
  9  1  1  0  0  0  0
 11  3  1  0  0  0  0
M  END
