Lattice="14.13287604 0.0 0.0 0.0 13.87164578 0.0 0.0 0.0 13.25483189" Properties=species:S:1:pos:R:3:GW_charged:R:1:dKS_charged:R:1:dKS_neutral:R:1 pbc="T T T"
 OpenBabel12102411053D
Lattice="14.13287604 0.0 0.0 0.0 13.87164578 0.0 0.0 0.0 13.25483189" Properties=species:S:1:pos:R:3:GW_charged:R:1:dKS_charged:R:1:dKS_neutral:R:1 pbc="T T T"
 21 23  0  0  1  0  0  0  0  0999 V2000
    7.3053    8.7026    6.5218 C   0  0  0  0  0  0  0  0  0  0  0  0
    8.7446    8.1787    6.5145 C   0  0  1  0  0  0  0  0  0  0  0  0
    8.9451    7.4322    7.7331 O   0  0  0  0  0  0  0  0  0  0  0  0
    8.2917    6.7804    6.6284 C   0  0  1  0  0  0  0  0  0  0  0  0
    6.8035    7.2184    6.6233 C   0  0  0  0  0  0  0  0  0  0  0  0
    5.9533    6.7576    7.8081 C   0  0  0  0  0  0  0  0  0  0  0  0
    5.4929    5.3369    7.4199 C   0  0  0  0  0  0  0  0  0  0  0  0
    5.5206    5.2929    5.8627 C   0  0  0  0  0  0  0  0  0  0  0  0
    6.0306    6.6803    5.4127 C   0  0  0  0  0  0  0  0  0  0  0  0
    7.0581    9.3716    7.3570 H   0  0  0  0  0  0  0  0  0  0  0  0
    7.0110    9.1733    5.5739 H   0  0  0  0  0  0  0  0  0  0  0  0
    9.6329    8.5997    6.0449 H   0  0  0  0  0  0  0  0  0  0  0  0
    8.7361    5.8529    6.2647 H   0  0  0  0  0  0  0  0  0  0  0  0
    6.5073    6.7959    8.7548 H   0  0  0  0  0  0  0  0  0  0  0  0
    5.0884    7.4330    7.9092 H   0  0  0  0  0  0  0  0  0  0  0  0
    6.1825    4.5884    7.8335 H   0  0  0  0  0  0  0  0  0  0  0  0
    4.5000    5.1031    7.8247 H   0  0  0  0  0  0  0  0  0  0  0  0
    6.1960    4.5000    5.5134 H   0  0  0  0  0  0  0  0  0  0  0  0
    4.5343    5.0703    5.4361 H   0  0  0  0  0  0  0  0  0  0  0  0
    5.1859    7.3552    5.2027 H   0  0  0  0  0  0  0  0  0  0  0  0
    6.6430    6.6399    4.5000 H   0  0  0  0  0  0  0  0  0  0  0  0
  1  5  1  0  0  0  0
  1 10  1  0  0  0  0
  2 12  1  6  0  0  0
  2  1  1  0  0  0  0
  2  4  1  0  0  0  0
  2  3  1  0  0  0  0
  4 13  1  6  0  0  0
  4  3  1  0  0  0  0
  5  4  1  0  0  0  0
  5  6  1  0  0  0  0
  6 15  1  0  0  0  0
  6 14  1  0  0  0  0
  7  6  1  0  0  0  0
  7 17  1  0  0  0  0
  7 16  1  0  0  0  0
  8  7  1  0  0  0  0
  9  8  1  0  0  0  0
  9  5  1  0  0  0  0
 11  1  1  0  0  0  0
 18  8  1  0  0  0  0
 19  8  1  0  0  0  0
 20  9  1  0  0  0  0
 21  9  1  0  0  0  0
M  END
