Lattice="12.78762313 0.0 0.0 0.0 12.92440288 0.0 0.0 0.0 14.42285717" Properties=species:S:1:pos:R:3:GW_charged:R:1:dKS_charged:R:1:dKS_neutral:R:1 pbc="T T T"
 OpenBabel12102411053D
Lattice="12.78762313 0.0 0.0 0.0 12.92440288 0.0 0.0 0.0 14.42285717" Properties=species:S:1:pos:R:3:GW_charged:R:1:dKS_charged:R:1:dKS_neutral:R:1 pbc="T T T"
 21 23  0  0  1  0  0  0  0  0999 V2000
    5.2457    7.4357    8.0891 C   0  0  0  0  0  0  0  0  0  0  0  0
    6.8045    7.3767    8.0283 C   0  0  1  0  0  0  0  0  0  0  0  0
    6.6383    6.0825    8.8843 C   0  0  0  0  0  0  0  0  0  0  0  0
    5.3209    5.8845    8.0725 C   0  0  2  0  0  0  0  0  0  0  0  0
    5.6530    5.4421    6.5948 C   0  0  2  0  0  0  0  0  0  0  0  0
    7.1639    5.4803    6.3809 C   0  0  0  0  0  0  0  0  0  0  0  0
    7.2867    7.0063    6.5740 C   0  0  1  0  0  0  0  0  0  0  0  0
    6.2556    7.4235    5.5165 C   0  0  0  0  0  0  0  0  0  0  0  0
    5.1999    6.4290    5.6260 O   0  0  0  0  0  0  0  0  0  0  0  0
    4.9127    7.8042    9.0679 H   0  0  0  0  0  0  0  0  0  0  0  0
    4.6769    7.9347    7.3001 H   0  0  0  0  0  0  0  0  0  0  0  0
    7.3752    8.2193    8.4392 H   0  0  0  0  0  0  0  0  0  0  0  0
    7.4170    5.3113    8.8921 H   0  0  0  0  0  0  0  0  0  0  0  0
    6.4031    6.3465    9.9229 H   0  0  0  0  0  0  0  0  0  0  0  0
    4.5000    5.3007    8.5079 H   0  0  0  0  0  0  0  0  0  0  0  0
    5.1572    4.5000    6.3329 H   0  0  0  0  0  0  0  0  0  0  0  0
    7.7547    4.8748    7.0717 H   0  0  0  0  0  0  0  0  0  0  0  0
    7.4196    5.1798    5.3555 H   0  0  0  0  0  0  0  0  0  0  0  0
    8.2876    7.4071    6.3700 H   0  0  0  0  0  0  0  0  0  0  0  0
    5.8285    8.4244    5.6791 H   0  0  0  0  0  0  0  0  0  0  0  0
    6.6819    7.3875    4.5000 H   0  0  0  0  0  0  0  0  0  0  0  0
  1 10  1  0  0  0  0
  2  1  1  0  0  0  0
  2 12  1  1  0  0  0
  2  3  1  0  0  0  0
  3 13  1  0  0  0  0
  3 14  1  0  0  0  0
  4  1  1  0  0  0  0
  4 15  1  1  0  0  0
  4  3  1  0  0  0  0
  5 16  1  6  0  0  0
  5  4  1  0  0  0  0
  6  7  1  0  0  0  0
  6  5  1  0  0  0  0
  6 17  1  0  0  0  0
  7 19  1  6  0  0  0
  7  2  1  0  0  0  0
  8  9  1  0  0  0  0
  8 20  1  0  0  0  0
  8  7  1  0  0  0  0
  9  5  1  0  0  0  0
 11  1  1  0  0  0  0
 18  6  1  0  0  0  0
 21  8  1  0  0  0  0
M  END
