Lattice="13.33148182 0.0 0.0 0.0 16.48507411 0.0 0.0 0.0 13.04300009" Properties=species:S:1:pos:R:3:GW_charged:R:1:dKS_charged:R:1:dKS_neutral:R:1 pbc="T T T"
 OpenBabel12102409453D
Lattice="13.33148182 0.0 0.0 0.0 16.48507411 0.0 0.0 0.0 13.04300009" Properties=species:S:1:pos:R:3:GW_charged:R:1:dKS_charged:R:1:dKS_neutral:R:1 pbc="T T T"
 19 20  0  0  1  0  0  0  0  0999 V2000
    6.7530    5.5671    6.5657 C   0  0  0  0  0  0  0  0  0  0  0  0
    6.6576    6.7789    6.5609 C   0  0  0  0  0  0  0  0  0  0  0  0
    6.6170    8.1940    6.5532 C   0  0  0  0  0  0  0  0  0  0  0  0
    5.4715    8.9126    6.5825 C   0  0  0  0  0  0  0  0  0  0  0  0
    5.5449   10.4140    6.5709 C   0  0  0  0  0  0  0  0  0  0  0  0
    7.0049   10.8893    6.5249 C   0  0  2  0  0  0  0  0  0  0  0  0
    7.7899   10.0957    5.4394 C   0  0  0  0  0  0  0  0  0  0  0  0
    7.9281    8.9734    6.5097 C   0  0  1  0  0  0  0  0  0  0  0  0
    7.8528   10.1091    7.5721 C   0  0  0  0  0  0  0  0  0  0  0  0
    6.8183    4.5000    6.5704 H   0  0  0  0  0  0  0  0  0  0  0  0
    4.5000    8.4186    6.6142 H   0  0  0  0  0  0  0  0  0  0  0  0
    4.9848   10.8112    5.7057 H   0  0  0  0  0  0  0  0  0  0  0  0
    5.0365   10.8222    7.4624 H   0  0  0  0  0  0  0  0  0  0  0  0
    7.0708   11.9851    6.5160 H   0  0  0  0  0  0  0  0  0  0  0  0
    7.2798    9.8439    4.5000 H   0  0  0  0  0  0  0  0  0  0  0  0
    8.7578   10.5663    5.2237 H   0  0  0  0  0  0  0  0  0  0  0  0
    8.7997    8.3113    6.4882 H   0  0  0  0  0  0  0  0  0  0  0  0
    8.8315   10.5821    7.7245 H   0  0  0  0  0  0  0  0  0  0  0  0
    7.3990    9.8694    8.5430 H   0  0  0  0  0  0  0  0  0  0  0  0
  1 10  1  0  0  0  0
  2  1  3  0  0  0  0
  3  2  1  0  0  0  0
  3  4  2  0  0  0  0
  4 11  1  0  0  0  0
  5  4  1  0  0  0  0
  5 13  1  0  0  0  0
  6 14  1  6  0  0  0
  6  5  1  0  0  0  0
  6  9  1  0  0  0  0
  7  8  1  0  0  0  0
  7  6  1  0  0  0  0
  8 17  1  6  0  0  0
  8  3  1  0  0  0  0
  8  9  1  0  0  0  0
  9 18  1  0  0  0  0
  9 19  1  0  0  0  0
 12  5  1  0  0  0  0
 15  7  1  0  0  0  0
 16  7  1  0  0  0  0
M  END
