Lattice="13.750312919999999 0.0 0.0 0.0 14.24337937 0.0 0.0 0.0 13.71921732" Properties=species:S:1:pos:R:3:GW_charged:R:1:dKS_charged:R:1:dKS_neutral:R:1 pbc="T T T"
 OpenBabel12102411063D
Lattice="13.750312919999999 0.0 0.0 0.0 14.24337937 0.0 0.0 0.0 13.71921732" Properties=species:S:1:pos:R:3:GW_charged:R:1:dKS_charged:R:1:dKS_neutral:R:1 pbc="T T T"
 23 24  0  0  1  0  0  0  0  0999 V2000
    5.4669    7.8077    7.5500 C   0  0  0  0  0  0  0  0  0  0  0  0
    6.5782    8.7059    8.1174 C   0  0  0  0  0  0  0  0  0  0  0  0
    8.0296    8.4409    7.6598 C   0  0  0  0  0  0  0  0  0  0  0  0
    8.2037    8.1784    6.1592 C   0  0  0  0  0  0  0  0  0  0  0  0
    7.8720    6.8098    5.5915 C   0  0  1  0  0  0  0  0  0  0  0  0
    8.6531    5.6695    6.0054 O   0  0  0  0  0  0  0  0  0  0  0  0
    7.2297    5.6477    6.2475 C   0  0  1  0  0  0  0  0  0  0  0  0
    6.7699    5.5629    7.6856 C   0  0  0  0  0  0  0  0  0  0  0  0
    5.4737    6.3353    7.9835 C   0  0  0  0  0  0  0  0  0  0  0  0
    4.5000    8.2415    7.8498 H   0  0  0  0  0  0  0  0  0  0  0  0
    5.4781    7.8648    6.4500 H   0  0  0  0  0  0  0  0  0  0  0  0
    6.3257    9.7434    7.8432 H   0  0  0  0  0  0  0  0  0  0  0  0
    6.5444    8.6747    9.2192 H   0  0  0  0  0  0  0  0  0  0  0  0
    8.6228    9.3320    7.9166 H   0  0  0  0  0  0  0  0  0  0  0  0
    8.4875    7.6223    8.2301 H   0  0  0  0  0  0  0  0  0  0  0  0
    7.6051    8.9101    5.5896 H   0  0  0  0  0  0  0  0  0  0  0  0
    9.2503    8.3793    5.8760 H   0  0  0  0  0  0  0  0  0  0  0  0
    7.7454    6.8449    4.5000 H   0  0  0  0  0  0  0  0  0  0  0  0
    6.6910    4.9733    5.5671 H   0  0  0  0  0  0  0  0  0  0  0  0
    6.6196    4.5000    7.9313 H   0  0  0  0  0  0  0  0  0  0  0  0
    7.5806    5.9073    8.3379 H   0  0  0  0  0  0  0  0  0  0  0  0
    5.2775    6.2703    9.0660 H   0  0  0  0  0  0  0  0  0  0  0  0
    4.6257    5.8279    7.4951 H   0  0  0  0  0  0  0  0  0  0  0  0
  1 10  1  0  0  0  0
  1  9  1  0  0  0  0
  1  2  1  0  0  0  0
  2 13  1  0  0  0  0
  3 14  1  0  0  0  0
  3  2  1  0  0  0  0
  3 15  1  0  0  0  0
  4  3  1  0  0  0  0
  5 18  1  6  0  0  0
  5  6  1  0  0  0  0
  5  4  1  0  0  0  0
  5  7  1  0  0  0  0
  6  7  1  0  0  0  0
  7 19  1  6  0  0  0
  7  8  1  0  0  0  0
  8 20  1  0  0  0  0
  8  9  1  0  0  0  0
  8 21  1  0  0  0  0
  9 22  1  0  0  0  0
 11  1  1  0  0  0  0
 12  2  1  0  0  0  0
 16  4  1  0  0  0  0
 17  4  1  0  0  0  0
 23  9  1  0  0  0  0
M  END
