Lattice="13.36469836 0.0 0.0 0.0 16.78797314 0.0 0.0 0.0 14.60484969" Properties=species:S:1:pos:R:3:GW_charged:R:1:dKS_charged:R:1:dKS_neutral:R:1 pbc="T T T"
 OpenBabel12102409393D
Lattice="13.36469836 0.0 0.0 0.0 16.78797314 0.0 0.0 0.0 14.60484969" Properties=species:S:1:pos:R:3:GW_charged:R:1:dKS_charged:R:1:dKS_neutral:R:1 pbc="T T T"
 23 22  0  0  0  0  0  0  0  0999 V2000
    5.4840   11.8599    5.3871 C   0  0  0  0  0  0  0  0  0  0  0  0
    5.5279   10.3313    5.4180 C   0  0  0  0  0  0  0  0  0  0  0  0
    6.2587    9.7682    6.6404 C   0  0  0  0  0  0  0  0  0  0  0  0
    6.3087    8.2388    6.6812 C   0  0  0  0  0  0  0  0  0  0  0  0
    7.0394    7.6779    7.9039 C   0  0  0  0  0  0  0  0  0  0  0  0
    7.0905    6.1479    7.9466 C   0  0  0  0  0  0  0  0  0  0  0  0
    7.8226    5.5984    9.1721 C   0  0  0  0  0  0  0  0  0  0  0  0
    6.4971   12.2880    5.3720 H   0  0  0  0  0  0  0  0  0  0  0  0
    4.9537   12.2324    4.5000 H   0  0  0  0  0  0  0  0  0  0  0  0
    4.9713   12.2624    6.2732 H   0  0  0  0  0  0  0  0  0  0  0  0
    4.5000    9.9325    5.3953 H   0  0  0  0  0  0  0  0  0  0  0  0
    6.0145    9.9579    4.5015 H   0  0  0  0  0  0  0  0  0  0  0  0
    7.2875   10.1677    6.6639 H   0  0  0  0  0  0  0  0  0  0  0  0
    5.7720   10.1420    7.5581 H   0  0  0  0  0  0  0  0  0  0  0  0
    5.2797    7.8401    6.6574 H   0  0  0  0  0  0  0  0  0  0  0  0
    6.7956    7.8658    5.7634 H   0  0  0  0  0  0  0  0  0  0  0  0
    8.0687    8.0762    7.9284 H   0  0  0  0  0  0  0  0  0  0  0  0
    6.5530    8.0505    8.8223 H   0  0  0  0  0  0  0  0  0  0  0  0
    6.0621    5.7505    7.9226 H   0  0  0  0  0  0  0  0  0  0  0  0
    7.5769    5.7763    7.0293 H   0  0  0  0  0  0  0  0  0  0  0  0
    7.8422    4.5000    9.1738 H   0  0  0  0  0  0  0  0  0  0  0  0
    8.8647    5.9488    9.2047 H   0  0  0  0  0  0  0  0  0  0  0  0
    7.3383    5.9228   10.1048 H   0  0  0  0  0  0  0  0  0  0  0  0
  1  2  1  0  0  0  0
  1 10  1  0  0  0  0
  2  3  1  0  0  0  0
  3 13  1  0  0  0  0
  3  4  1  0  0  0  0
  3 14  1  0  0  0  0
  4  5  1  0  0  0  0
  5 17  1  0  0  0  0
  5  6  1  0  0  0  0
  5 18  1  0  0  0  0
  6  7  1  0  0  0  0
  7 21  1  0  0  0  0
  7 22  1  0  0  0  0
  7 23  1  0  0  0  0
  8  1  1  0  0  0  0
  9  1  1  0  0  0  0
 11  2  1  0  0  0  0
 12  2  1  0  0  0  0
 15  4  1  0  0  0  0
 16  4  1  0  0  0  0
 19  6  1  0  0  0  0
 20  6  1  0  0  0  0
M  END
