Lattice="13.10801296 0.0 0.0 0.0 16.533247760000002 0.0 0.0 0.0 13.2404026" Properties=species:S:1:pos:R:3:GW_charged:R:1:dKS_charged:R:1:dKS_neutral:R:1 pbc="T T T"
 OpenBabel12102409453D
Lattice="13.10801296 0.0 0.0 0.0 16.533247760000002 0.0 0.0 0.0 13.2404026" Properties=species:S:1:pos:R:3:GW_charged:R:1:dKS_charged:R:1:dKS_neutral:R:1 pbc="T T T"
 19 20  0  0  1  0  0  0  0  0999 V2000
    6.4633    5.5688    6.4603 C   0  0  0  0  0  0  0  0  0  0  0  0
    6.4648    6.7803    6.5003 C   0  0  0  0  0  0  0  0  0  0  0  0
    6.4741    8.2252    6.5560 C   0  0  1  0  0  0  0  0  0  0  0  0
    6.2614    8.9221    7.9459 C   0  0  0  0  0  0  0  0  0  0  0  0
    7.1788   10.0591    7.4052 C   0  0  1  0  0  0  0  0  0  0  0  0
    7.8569    8.9666    6.5260 C   0  0  0  0  0  0  0  0  0  0  0  0
    6.3534   10.9489    6.5056 C   0  0  0  0  0  0  0  0  0  0  0  0
    5.5615   10.3642    5.5976 C   0  0  0  0  0  0  0  0  0  0  0  0
    5.5243    8.8608    5.5087 C   0  0  0  0  0  0  0  0  0  0  0  0
    6.4631    4.5000    6.4266 H   0  0  0  0  0  0  0  0  0  0  0  0
    5.2342    9.1816    8.2312 H   0  0  0  0  0  0  0  0  0  0  0  0
    6.7441    8.3405    8.7404 H   0  0  0  0  0  0  0  0  0  0  0  0
    7.7980   10.6133    8.1183 H   0  0  0  0  0  0  0  0  0  0  0  0
    8.6080    8.3924    7.0816 H   0  0  0  0  0  0  0  0  0  0  0  0
    8.2509    9.2656    5.5464 H   0  0  0  0  0  0  0  0  0  0  0  0
    6.4134   12.0332    6.6071 H   0  0  0  0  0  0  0  0  0  0  0  0
    4.9383   10.9447    4.9156 H   0  0  0  0  0  0  0  0  0  0  0  0
    5.8138    8.5216    4.5000 H   0  0  0  0  0  0  0  0  0  0  0  0
    4.5000    8.4850    5.6691 H   0  0  0  0  0  0  0  0  0  0  0  0
  1  2  3  0  0  0  0
  3  2  1  1  0  0  0
  3  4  1  0  0  0  0
  4 11  1  0  0  0  0
  4 12  1  0  0  0  0
  5  4  1  0  0  0  0
  5 13  1  1  0  0  0
  6  3  1  0  0  0  0
  6 14  1  0  0  0  0
  6  5  1  0  0  0  0
  7 16  1  0  0  0  0
  7  5  1  0  0  0  0
  8  7  2  0  0  0  0
  9  8  1  0  0  0  0
  9 19  1  0  0  0  0
  9  3  1  0  0  0  0
 10  1  1  0  0  0  0
 15  6  1  0  0  0  0
 17  8  1  0  0  0  0
 18  9  1  0  0  0  0
M  END
