Lattice="13.44095455 0.0 0.0 0.0 15.37006832 0.0 0.0 0.0 12.07747418" Properties=species:S:1:pos:R:3:GW_charged:R:1:dKS_charged:R:1:dKS_neutral:R:1 pbc="T T T"
 OpenBabel12102409383D
Lattice="13.44095455 0.0 0.0 0.0 15.37006832 0.0 0.0 0.0 12.07747418" Properties=species:S:1:pos:R:3:GW_charged:R:1:dKS_charged:R:1:dKS_neutral:R:1 pbc="T T T"
 17 17  0  0  1  0  0  0  0  0999 V2000
    8.0647   10.5180    6.4601 O   0  0  0  0  0  0  0  0  0  0  0  0
    8.1461    9.0865    6.4567 C   0  0  0  0  0  0  0  0  0  0  0  0
    6.7380    8.5389    6.6369 C   0  0  0  0  0  0  0  0  0  0  0  0
    6.6963    7.0256    6.6836 C   0  0  1  0  0  0  0  0  0  0  0  0
    5.3243    6.3217    6.6429 C   0  0  0  0  0  0  0  0  0  0  0  0
    5.9079    5.5485    5.4482 C   0  0  0  0  0  0  0  0  0  0  0  0
    7.0881    6.3977    5.4182 O   0  0  0  0  0  0  0  0  0  0  0  0
    8.9410   10.8701    6.2457 H   0  0  0  0  0  0  0  0  0  0  0  0
    8.5697    8.7165    5.5075 H   0  0  0  0  0  0  0  0  0  0  0  0
    8.7953    8.7300    7.2789 H   0  0  0  0  0  0  0  0  0  0  0  0
    6.3161    8.9309    7.5775 H   0  0  0  0  0  0  0  0  0  0  0  0
    6.0998    8.8998    5.8158 H   0  0  0  0  0  0  0  0  0  0  0  0
    7.3451    6.6495    7.4978 H   0  0  0  0  0  0  0  0  0  0  0  0
    5.0461    5.7357    7.5254 H   0  0  0  0  0  0  0  0  0  0  0  0
    4.5000    6.9954    6.3789 H   0  0  0  0  0  0  0  0  0  0  0  0
    6.1733    4.5000    5.6648 H   0  0  0  0  0  0  0  0  0  0  0  0
    5.3520    5.5903    4.5000 H   0  0  0  0  0  0  0  0  0  0  0  0
  2  1  1  0  0  0  0
  2  3  1  0  0  0  0
  2 10  1  0  0  0  0
  3  4  1  0  0  0  0
  3 11  1  0  0  0  0
  4 13  1  1  0  0  0
  5  4  1  0  0  0  0
  5 14  1  0  0  0  0
  6 16  1  0  0  0  0
  6  5  1  0  0  0  0
  7  6  1  0  0  0  0
  7  4  1  0  0  0  0
  8  1  1  0  0  0  0
  9  2  1  0  0  0  0
 12  3  1  0  0  0  0
 15  5  1  0  0  0  0
 17  6  1  0  0  0  0
M  END
