Lattice="14.85817522 0.0 0.0 0.0 15.13488172 0.0 0.0 0.0 12.54558449" Properties=species:S:1:pos:R:3:GW_charged:R:1:dKS_charged:R:1:dKS_neutral:R:1 pbc="T T T"
 OpenBabel12102411063D
Lattice="14.85817522 0.0 0.0 0.0 15.13488172 0.0 0.0 0.0 12.54558449" Properties=species:S:1:pos:R:3:GW_charged:R:1:dKS_charged:R:1:dKS_neutral:R:1 pbc="T T T"
 23 24  0  0  1  0  0  0  0  0999 V2000
    5.0876    9.7222    5.5673 C   0  0  0  0  0  0  0  0  0  0  0  0
    6.6106    9.8699    5.7123 C   0  0  0  0  0  0  0  0  0  0  0  0
    6.5621    8.4167    6.2347 C   0  0  1  0  0  0  0  0  0  0  0  0
    5.1516    8.2994    5.8586 O   0  0  0  0  0  0  0  0  0  0  0  0
    7.4502    7.3716    5.5872 C   0  0  0  0  0  0  0  0  0  0  0  0
    8.9467    7.6216    5.9421 C   0  0  0  0  0  0  0  0  0  0  0  0
    9.5004    6.2629    6.4068 C   0  0  0  0  0  0  0  0  0  0  0  0
    8.2853    5.5821    7.0497 C   0  0  0  0  0  0  0  0  0  0  0  0
    7.1376    5.9341    6.0904 C   0  0  0  0  0  0  0  0  0  0  0  0
    4.5000   10.2621    6.3292 H   0  0  0  0  0  0  0  0  0  0  0  0
    4.6534    9.9156    4.5752 H   0  0  0  0  0  0  0  0  0  0  0  0
    7.1419    9.9658    4.7572 H   0  0  0  0  0  0  0  0  0  0  0  0
    6.9727   10.6349    6.4073 H   0  0  0  0  0  0  0  0  0  0  0  0
    6.6602    8.3556    7.3370 H   0  0  0  0  0  0  0  0  0  0  0  0
    7.2916    7.4339    4.5000 H   0  0  0  0  0  0  0  0  0  0  0  0
    9.5081    8.0480    5.1013 H   0  0  0  0  0  0  0  0  0  0  0  0
    9.0157    8.3492    6.7675 H   0  0  0  0  0  0  0  0  0  0  0  0
    9.8389    5.6741    5.5393 H   0  0  0  0  0  0  0  0  0  0  0  0
   10.3582    6.3624    7.0856 H   0  0  0  0  0  0  0  0  0  0  0  0
    8.4128    4.5000    7.1881 H   0  0  0  0  0  0  0  0  0  0  0  0
    8.0987    6.0158    8.0456 H   0  0  0  0  0  0  0  0  0  0  0  0
    6.1438    5.8670    6.5529 H   0  0  0  0  0  0  0  0  0  0  0  0
    7.1366    5.2371    5.2399 H   0  0  0  0  0  0  0  0  0  0  0  0
  1  2  1  0  0  0  0
  1  4  1  0  0  0  0
  1 10  1  0  0  0  0
  2  3  1  0  0  0  0
  2 13  1  0  0  0  0
  3 14  1  1  0  0  0
  4  3  1  0  0  0  0
  5  6  1  0  0  0  0
  5  9  1  0  0  0  0
  5  3  1  0  0  0  0
  6  7  1  0  0  0  0
  6 17  1  0  0  0  0
  7  8  1  0  0  0  0
  7 19  1  0  0  0  0
  8 20  1  0  0  0  0
  8 21  1  0  0  0  0
  9 22  1  0  0  0  0
  9  8  1  0  0  0  0
 11  1  1  0  0  0  0
 12  2  1  0  0  0  0
 15  5  1  0  0  0  0
 16  6  1  0  0  0  0
 18  7  1  0  0  0  0
 23  9  1  0  0  0  0
M  END
