Lattice="13.9011879 0.0 0.0 0.0 13.19700905 0.0 0.0 0.0 12.903539890000001" Properties=species:S:1:pos:R:3:GW_charged:R:1:dKS_charged:R:1:dKS_neutral:R:1 pbc="T T T"
 OpenBabel12102409323D
Lattice="13.9011879 0.0 0.0 0.0 13.19700905 0.0 0.0 0.0 12.903539890000001" Properties=species:S:1:pos:R:3:GW_charged:R:1:dKS_charged:R:1:dKS_neutral:R:1 pbc="T T T"
 17 17  0  0  1  0  0  0  0  0999 V2000
    6.3137    8.1491    6.1803 C   0  0  0  0  0  0  0  0  0  0  0  0
    6.5636    6.6551    6.2331 C   0  0  1  0  0  0  0  0  0  0  0  0
    5.2924    5.8415    6.4990 C   0  0  0  0  0  0  0  0  0  0  0  0
    4.7872    6.0842    7.8052 O   0  0  0  0  0  0  0  0  0  0  0  0
    7.4861    6.0433    5.1521 C   0  0  0  0  0  0  0  0  0  0  0  0
    8.3604    5.5839    6.3292 C   0  0  0  0  0  0  0  0  0  0  0  0
    7.5429    6.3117    7.2907 O   0  0  0  0  0  0  0  0  0  0  0  0
    7.2619    8.6970    6.1132 H   0  0  0  0  0  0  0  0  0  0  0  0
    5.7016    8.3993    5.3014 H   0  0  0  0  0  0  0  0  0  0  0  0
    5.7761    8.4818    7.0777 H   0  0  0  0  0  0  0  0  0  0  0  0
    4.5000    6.1210    5.7887 H   0  0  0  0  0  0  0  0  0  0  0  0
    5.5122    4.7662    6.3547 H   0  0  0  0  0  0  0  0  0  0  0  0
    5.5456    5.9582    8.4035 H   0  0  0  0  0  0  0  0  0  0  0  0
    7.0391    5.2537    4.5361 H   0  0  0  0  0  0  0  0  0  0  0  0
    7.9562    6.7881    4.5000 H   0  0  0  0  0  0  0  0  0  0  0  0
    8.3484    4.5000    6.5260 H   0  0  0  0  0  0  0  0  0  0  0  0
    9.4012    5.9390    6.3403 H   0  0  0  0  0  0  0  0  0  0  0  0
  1 10  1  0  0  0  0
  2  1  1  6  0  0  0
  2  3  1  0  0  0  0
  2  7  1  0  0  0  0
  3  4  1  0  0  0  0
  4 13  1  0  0  0  0
  5  2  1  0  0  0  0
  5  6  1  0  0  0  0
  6 17  1  0  0  0  0
  6 16  1  0  0  0  0
  6  7  1  0  0  0  0
  8  1  1  0  0  0  0
  9  1  1  0  0  0  0
 11  3  1  0  0  0  0
 12  3  1  0  0  0  0
 14  5  1  0  0  0  0
 15  5  1  0  0  0  0
M  END
