Lattice="12.987208729999999 0.0 0.0 0.0 13.01397102 0.0 0.0 0.0 13.34936929" Properties=species:S:1:pos:R:3:GW_charged:R:1:dKS_charged:R:1:dKS_neutral:R:1 pbc="T T T"
 OpenBabel12102409383D
Lattice="12.987208729999999 0.0 0.0 0.0 13.01397102 0.0 0.0 0.0 13.34936929" Properties=species:S:1:pos:R:3:GW_charged:R:1:dKS_charged:R:1:dKS_neutral:R:1 pbc="T T T"
 17 18  0  0  0  0  0  0  0  0999 V2000
    5.3634    7.5069    5.5385 C   0  0  0  0  0  0  0  0  0  0  0  0
    6.6447    7.8222    6.3548 C   0  0  0  0  0  0  0  0  0  0  0  0
    6.6525    6.3532    6.8430 C   0  0  0  0  0  0  0  0  0  0  0  0
    5.1654    6.2491    6.4253 C   0  0  0  0  0  0  0  0  0  0  0  0
    7.6796    5.3610    6.2545 C   0  0  0  0  0  0  0  0  0  0  0  0
    8.1457    4.9820    7.5774 O   0  0  0  0  0  0  0  0  0  0  0  0
    7.2028    5.8965    8.2013 C   0  0  0  0  0  0  0  0  0  0  0  0
    4.5643    8.2579    5.5306 H   0  0  0  0  0  0  0  0  0  0  0  0
    5.5988    7.2390    4.5000 H   0  0  0  0  0  0  0  0  0  0  0  0
    7.5331    8.1782    5.8159 H   0  0  0  0  0  0  0  0  0  0  0  0
    6.4390    8.5140    7.1847 H   0  0  0  0  0  0  0  0  0  0  0  0
    4.5000    6.4519    7.2771 H   0  0  0  0  0  0  0  0  0  0  0  0
    4.8420    5.3162    5.9442 H   0  0  0  0  0  0  0  0  0  0  0  0
    7.2553    4.5000    5.7105 H   0  0  0  0  0  0  0  0  0  0  0  0
    8.4872    5.8101    5.6518 H   0  0  0  0  0  0  0  0  0  0  0  0
    7.7169    6.6749    8.7908 H   0  0  0  0  0  0  0  0  0  0  0  0
    6.4852    5.3649    8.8494 H   0  0  0  0  0  0  0  0  0  0  0  0
  1  2  1  0  0  0  0
  1  4  1  0  0  0  0
  2  3  1  0  0  0  0
  2 11  1  0  0  0  0
  3  7  1  0  0  0  0
  4  3  1  0  0  0  0
  4 12  1  0  0  0  0
  5  3  1  0  0  0  0
  5  6  1  0  0  0  0
  6  7  1  0  0  0  0
  7 16  1  0  0  0  0
  7 17  1  0  0  0  0
  8  1  1  0  0  0  0
  9  1  1  0  0  0  0
 10  2  1  0  0  0  0
 13  4  1  0  0  0  0
 14  5  1  0  0  0  0
 15  5  1  0  0  0  0
M  END
