Lattice="10.84213213 0.0 0.0 0.0 13.944492539999999 0.0 0.0 0.0 10.57160151" Properties=species:S:1:pos:R:3:GW_charged:R:1:dKS_charged:R:1:dKS_neutral:R:1 pbc="T T T"
 OpenBabel12102409263D
Lattice="10.84213213 0.0 0.0 0.0 13.944492539999999 0.0 0.0 0.0 10.57160151" Properties=species:S:1:pos:R:3:GW_charged:R:1:dKS_charged:R:1:dKS_neutral:R:1 pbc="T T T"
 10  9  0  0  0  0  0  0  0  0999 V2000
    5.3882    9.0357    5.5494 C   0  0  0  0  0  0  0  0  0  0  0  0
    5.4080    7.5811    5.5414 C   0  0  0  0  0  0  0  0  0  0  0  0
    5.4244    6.3689    5.5348 C   0  0  0  0  0  0  0  0  0  0  0  0
    5.4441    4.9143    5.5268 C   0  0  0  0  0  0  0  0  0  0  0  0
    6.2745    9.4445    6.0563 H   0  0  0  0  0  0  0  0  0  0  0  0
    5.3739    9.4407    4.5270 H   0  0  0  0  0  0  0  0  0  0  0  0
    4.5000    9.4203    6.0716 H   0  0  0  0  0  0  0  0  0  0  0  0
    4.5676    4.5000    6.0460 H   0  0  0  0  0  0  0  0  0  0  0  0
    5.4389    4.5203    4.5000 H   0  0  0  0  0  0  0  0  0  0  0  0
    6.3421    4.5242    6.0277 H   0  0  0  0  0  0  0  0  0  0  0  0
  1  5  1  0  0  0  0
  1  7  1  0  0  0  0
  2  1  1  0  0  0  0
  3  2  3  0  0  0  0
  4  3  1  0  0  0  0
  4 10  1  0  0  0  0
  4  8  1  0  0  0  0
  6  1  1  0  0  0  0
  9  4  1  0  0  0  0
M  END
