Lattice="12.71096537 0.0 0.0 0.0 14.36360216 0.0 0.0 0.0 13.57508267" Properties=species:S:1:pos:R:3:GW_charged:R:1:dKS_charged:R:1:dKS_neutral:R:1 pbc="T T T"
 OpenBabel12102411043D
Lattice="12.71096537 0.0 0.0 0.0 14.36360216 0.0 0.0 0.0 13.57508267" Properties=species:S:1:pos:R:3:GW_charged:R:1:dKS_charged:R:1:dKS_neutral:R:1 pbc="T T T"
 21 23  0  0  1  0  0  0  0  0999 V2000
    5.7599    9.3125    6.8173 C   0  0  0  0  0  0  0  0  0  0  0  0
    7.1624    8.6324    6.8009 C   0  0  1  0  0  0  0  0  0  0  0  0
    6.5928    7.6867    7.9094 C   0  0  2  0  0  0  0  0  0  0  0  0
    7.2477    6.4037    8.3960 C   0  0  0  0  0  0  0  0  0  0  0  0
    7.7652    5.3722    7.4460 C   0  0  0  0  0  0  0  0  0  0  0  0
    7.7532    5.3795    6.1097 C   0  0  0  0  0  0  0  0  0  0  0  0
    7.2187    6.4212    5.1804 C   0  0  0  0  0  0  0  0  0  0  0  0
    6.5728    7.6987    5.6927 C   0  0  1  0  0  0  0  0  0  0  0  0
    5.4822    7.7787    6.8114 C   0  0  2  0  0  0  0  0  0  0  0  0
    5.4907    9.8537    7.7338 H   0  0  0  0  0  0  0  0  0  0  0  0
    5.4743    9.8636    5.9117 H   0  0  0  0  0  0  0  0  0  0  0  0
    8.1390    9.1355    6.7948 H   0  0  0  0  0  0  0  0  0  0  0  0
    6.3102    8.2541    8.8123 H   0  0  0  0  0  0  0  0  0  0  0  0
    8.0790    6.6965    9.0647 H   0  0  0  0  0  0  0  0  0  0  0  0
    6.5280    5.9088    9.0751 H   0  0  0  0  0  0  0  0  0  0  0  0
    8.2110    4.5000    7.9350 H   0  0  0  0  0  0  0  0  0  0  0  0
    8.1899    4.5127    5.6032 H   0  0  0  0  0  0  0  0  0  0  0  0
    8.0378    6.7213    4.5000 H   0  0  0  0  0  0  0  0  0  0  0  0
    6.4868    5.9336    4.5091 H   0  0  0  0  0  0  0  0  0  0  0  0
    6.2740    8.2760    4.8012 H   0  0  0  0  0  0  0  0  0  0  0  0
    4.5000    7.2866    6.8176 H   0  0  0  0  0  0  0  0  0  0  0  0
  1 10  1  0  0  0  0
  2 12  1  6  0  0  0
  2  1  1  0  0  0  0
  2  3  1  0  0  0  0
  3  4  1  0  0  0  0
  3 13  1  1  0  0  0
  4 14  1  0  0  0  0
  4 15  1  0  0  0  0
  5 16  1  0  0  0  0
  5  4  1  0  0  0  0
  6  5  2  0  0  0  0
  7  8  1  0  0  0  0
  7  6  1  0  0  0  0
  8 20  1  6  0  0  0
  8  2  1  0  0  0  0
  8  9  1  0  0  0  0
  9  1  1  0  0  0  0
  9 21  1  1  0  0  0
  9  3  1  0  0  0  0
 11  1  1  0  0  0  0
 17  6  1  0  0  0  0
 18  7  1  0  0  0  0
 19  7  1  0  0  0  0
M  END
