Lattice="14.98762127 0.0 0.0 0.0 13.88352203 0.0 0.0 0.0 12.423125970000001" Properties=species:S:1:pos:R:3:GW_charged:R:1:dKS_charged:R:1:dKS_neutral:R:1 pbc="T T T"
 OpenBabel12102409403D
Lattice="14.98762127 0.0 0.0 0.0 13.88352203 0.0 0.0 0.0 12.423125970000001" Properties=species:S:1:pos:R:3:GW_charged:R:1:dKS_charged:R:1:dKS_neutral:R:1 pbc="T T T"
 24 24  0  0  0  0  0  0  0  0999 V2000
    5.9374    8.6552    5.8174 C   0  0  0  0  0  0  0  0  0  0  0  0
    6.4375    7.2220    5.9921 C   0  0  0  0  0  0  0  0  0  0  0  0
    5.2912    6.2258    5.8245 C   0  0  0  0  0  0  0  0  0  0  0  0
    7.7020    6.8832    5.1360 C   0  0  0  0  0  0  0  0  0  0  0  0
    8.5504    6.6616    6.4314 C   0  0  0  0  0  0  0  0  0  0  0  0
    9.0508    5.2286    6.6061 C   0  0  0  0  0  0  0  0  0  0  0  0
    9.6964    7.6582    6.5989 C   0  0  0  0  0  0  0  0  0  0  0  0
    7.2858    7.0002    7.2874 C   0  0  0  0  0  0  0  0  0  0  0  0
    6.7523    9.3835    5.9355 H   0  0  0  0  0  0  0  0  0  0  0  0
    5.5004    8.8024    4.8179 H   0  0  0  0  0  0  0  0  0  0  0  0
    5.1631    8.8973    6.5614 H   0  0  0  0  0  0  0  0  0  0  0  0
    4.8373    6.3097    4.8252 H   0  0  0  0  0  0  0  0  0  0  0  0
    5.6367    5.1895    5.9477 H   0  0  0  0  0  0  0  0  0  0  0  0
    4.5000    6.4045    6.5687 H   0  0  0  0  0  0  0  0  0  0  0  0
    7.5960    5.9892    4.5054 H   0  0  0  0  0  0  0  0  0  0  0  0
    8.0530    7.7080    4.5000 H   0  0  0  0  0  0  0  0  0  0  0  0
    9.8253    4.9867    5.8621 H   0  0  0  0  0  0  0  0  0  0  0  0
    9.4878    5.0815    7.6057 H   0  0  0  0  0  0  0  0  0  0  0  0
    8.2361    4.5000    6.4880 H   0  0  0  0  0  0  0  0  0  0  0  0
    9.3506    8.6944    6.4756 H   0  0  0  0  0  0  0  0  0  0  0  0
   10.1502    7.5745    7.5983 H   0  0  0  0  0  0  0  0  0  0  0  0
   10.4876    7.4796    5.8547 H   0  0  0  0  0  0  0  0  0  0  0  0
    7.3916    7.8939    7.9184 H   0  0  0  0  0  0  0  0  0  0  0  0
    6.9347    6.1750    7.9231 H   0  0  0  0  0  0  0  0  0  0  0  0
  1  9  1  0  0  0  0
  1  2  1  0  0  0  0
  1 11  1  0  0  0  0
  2  8  1  0  0  0  0
  3 13  1  0  0  0  0
  3  2  1  0  0  0  0
  3 14  1  0  0  0  0
  4  2  1  0  0  0  0
  4  5  1  0  0  0  0
  5  7  1  0  0  0  0
  5  6  1  0  0  0  0
  5  8  1  0  0  0  0
  6 18  1  0  0  0  0
  7 21  1  0  0  0  0
  8 23  1  0  0  0  0
  8 24  1  0  0  0  0
 10  1  1  0  0  0  0
 12  3  1  0  0  0  0
 15  4  1  0  0  0  0
 16  4  1  0  0  0  0
 17  6  1  0  0  0  0
 19  6  1  0  0  0  0
 20  7  1  0  0  0  0
 22  7  1  0  0  0  0
M  END
