Lattice="13.38618653 0.0 0.0 0.0 12.08163982 0.0 0.0 0.0 10.78223114" Properties=species:S:1:pos:R:3:GW_charged:R:1:dKS_charged:R:1:dKS_neutral:R:1 pbc="T T T"
 OpenBabel12102409263D
Lattice="13.38618653 0.0 0.0 0.0 12.08163982 0.0 0.0 0.0 10.78223114" Properties=species:S:1:pos:R:3:GW_charged:R:1:dKS_charged:R:1:dKS_neutral:R:1 pbc="T T T"
  8  7  0  0  0  0  0  0  0  0999 V2000
    7.9638    7.2818    5.4062 O   0  0  0  0  0  0  0  0  0  0  0  0
    7.9820    5.8477    5.3983 C   0  0  0  0  0  0  0  0  0  0  0  0
    6.6185    5.3392    5.4085 C   0  0  0  0  0  0  0  0  0  0  0  0
    5.4961    4.8895    5.4168 C   0  0  0  0  0  0  0  0  0  0  0  0
    8.8862    7.5816    5.3991 H   0  0  0  0  0  0  0  0  0  0  0  0
    8.4989    5.4614    4.5000 H   0  0  0  0  0  0  0  0  0  0  0  0
    8.5160    5.4517    6.2822 H   0  0  0  0  0  0  0  0  0  0  0  0
    4.5000    4.5000    5.4242 H   0  0  0  0  0  0  0  0  0  0  0  0
  2  1  1  0  0  0  0
  2  3  1  0  0  0  0
  2  7  1  0  0  0  0
  3  4  3  0  0  0  0
  4  8  1  0  0  0  0
  5  1  1  0  0  0  0
  6  2  1  0  0  0  0
M  END
