Lattice="14.33272809 0.0 0.0 0.0 12.85700128 0.0 0.0 0.0 15.7778194" Properties=species:S:1:pos:R:3:GW_charged:R:1:dKS_charged:R:1:dKS_neutral:R:1 pbc="T T T"
 OpenBabel12102411083D
Lattice="14.33272809 0.0 0.0 0.0 12.85700128 0.0 0.0 0.0 15.7778194" Properties=species:S:1:pos:R:3:GW_charged:R:1:dKS_charged:R:1:dKS_neutral:R:1 pbc="T T T"
 25 25  0  0  1  0  0  0  0  0999 V2000
    6.6311    7.8115    9.3615 C   0  0  0  0  0  0  0  0  0  0  0  0
    6.5672    6.2870    9.1559 C   0  0  0  0  0  0  0  0  0  0  0  0
    7.3104    5.5933   10.3136 C   0  0  0  0  0  0  0  0  0  0  0  0
    5.0933    5.8389    9.1817 C   0  0  0  0  0  0  0  0  0  0  0  0
    7.2054    5.8436    7.8096 C   0  0  1  0  0  0  0  0  0  0  0  0
    6.5327    6.3896    6.5163 C   0  0  0  0  0  0  0  0  0  0  0  0
    7.6794    6.5510    5.5557 C   0  0  0  0  0  0  0  0  0  0  0  0
    8.8653    6.4201    6.1610 C   0  0  0  0  0  0  0  0  0  0  0  0
    8.7220    6.1478    7.6338 C   0  0  0  0  0  0  0  0  0  0  0  0
    7.6651    8.1828    9.3769 H   0  0  0  0  0  0  0  0  0  0  0  0
    6.0934    8.3570    8.5738 H   0  0  0  0  0  0  0  0  0  0  0  0
    6.1708    8.0844   10.3218 H   0  0  0  0  0  0  0  0  0  0  0  0
    6.8363    5.8270   11.2778 H   0  0  0  0  0  0  0  0  0  0  0  0
    7.2995    4.5000   10.1915 H   0  0  0  0  0  0  0  0  0  0  0  0
    8.3597    5.9134   10.3755 H   0  0  0  0  0  0  0  0  0  0  0  0
    4.5000    6.3411    8.4051 H   0  0  0  0  0  0  0  0  0  0  0  0
    5.0071    4.7540    9.0210 H   0  0  0  0  0  0  0  0  0  0  0  0
    4.6314    6.0711   10.1521 H   0  0  0  0  0  0  0  0  0  0  0  0
    7.1014    4.7456    7.7758 H   0  0  0  0  0  0  0  0  0  0  0  0
    5.7538    5.7105    6.1388 H   0  0  0  0  0  0  0  0  0  0  0  0
    6.0320    7.3607    6.6795 H   0  0  0  0  0  0  0  0  0  0  0  0
    7.5394    6.7851    4.5000 H   0  0  0  0  0  0  0  0  0  0  0  0
    9.8327    6.5318    5.6706 H   0  0  0  0  0  0  0  0  0  0  0  0
    9.0457    7.0278    8.2179 H   0  0  0  0  0  0  0  0  0  0  0  0
    9.3520    5.3131    7.9755 H   0  0  0  0  0  0  0  0  0  0  0  0
  1 10  1  0  0  0  0
  1 12  1  0  0  0  0
  2  4  1  0  0  0  0
  2  1  1  0  0  0  0
  2  3  1  0  0  0  0
  3 15  1  0  0  0  0
  3 13  1  0  0  0  0
  4 18  1  0  0  0  0
  5 19  1  6  0  0  0
  5  2  1  0  0  0  0
  6 21  1  0  0  0  0
  6  5  1  0  0  0  0
  7  8  2  0  0  0  0
  7  6  1  0  0  0  0
  8  9  1  0  0  0  0
  9  5  1  0  0  0  0
  9 25  1  0  0  0  0
  9 24  1  0  0  0  0
 11  1  1  0  0  0  0
 14  3  1  0  0  0  0
 16  4  1  0  0  0  0
 17  4  1  0  0  0  0
 20  6  1  0  0  0  0
 22  7  1  0  0  0  0
 23  8  1  0  0  0  0
M  END
