Lattice="13.08996962 0.0 0.0 0.0 14.0605269 0.0 0.0 0.0 13.31463626" Properties=species:S:1:pos:R:3:GW_charged:R:1:dKS_charged:R:1:dKS_neutral:R:1 pbc="T T T"
 OpenBabel12102409383D
Lattice="13.08996962 0.0 0.0 0.0 14.0605269 0.0 0.0 0.0 13.31463626" Properties=species:S:1:pos:R:3:GW_charged:R:1:dKS_charged:R:1:dKS_neutral:R:1 pbc="T T T"
 17 18  0  0  1  0  0  0  0  0999 V2000
    6.4348    9.1222    6.6523 C   0  0  0  0  0  0  0  0  0  0  0  0
    6.4726    7.6378    6.5962 C   0  0  0  0  0  0  0  0  0  0  0  0
    6.4356    6.7724    5.5675 C   0  0  0  0  0  0  0  0  0  0  0  0
    6.5141    5.3999    6.2482 C   0  0  2  0  0  0  0  0  0  0  0  0
    5.5108    5.6155    7.4322 C   0  0  0  0  0  0  0  0  0  0  0  0
    6.5709    6.7027    7.8174 C   0  0  1  0  0  0  0  0  0  0  0  0
    7.6367    5.6746    7.3063 C   0  0  0  0  0  0  0  0  0  0  0  0
    7.3366    9.5276    7.1387 H   0  0  0  0  0  0  0  0  0  0  0  0
    6.3624    9.5605    5.6486 H   0  0  0  0  0  0  0  0  0  0  0  0
    5.5766    9.4788    7.2443 H   0  0  0  0  0  0  0  0  0  0  0  0
    6.3670    6.9657    4.5000 H   0  0  0  0  0  0  0  0  0  0  0  0
    6.5022    4.5000    5.6243 H   0  0  0  0  0  0  0  0  0  0  0  0
    4.5000    5.9619    7.1803 H   0  0  0  0  0  0  0  0  0  0  0  0
    5.4781    4.7723    8.1377 H   0  0  0  0  0  0  0  0  0  0  0  0
    6.6174    7.1558    8.8146 H   0  0  0  0  0  0  0  0  0  0  0  0
    7.7990    4.8368    8.0002 H   0  0  0  0  0  0  0  0  0  0  0  0
    8.5900    6.0756    6.9380 H   0  0  0  0  0  0  0  0  0  0  0  0
  1  8  1  0  0  0  0
  1 10  1  0  0  0  0
  2  1  1  0  0  0  0
  2  6  1  0  0  0  0
  3  4  1  0  0  0  0
  3  2  2  0  0  0  0
  4 12  1  6  0  0  0
  4  7  1  0  0  0  0
  4  5  1  0  0  0  0
  5  6  1  0  0  0  0
  5 14  1  0  0  0  0
  6 15  1  1  0  0  0
  7  6  1  0  0  0  0
  7 16  1  0  0  0  0
  9  1  1  0  0  0  0
 11  3  1  0  0  0  0
 13  5  1  0  0  0  0
 17  7  1  0  0  0  0
M  END
