Lattice="12.734519240000001 0.0 0.0 0.0 12.5956639 0.0 0.0 0.0 14.60212054" Properties=species:S:1:pos:R:3:GW_charged:R:1:dKS_charged:R:1:dKS_neutral:R:1 pbc="T T T"
 OpenBabel12102411053D
Lattice="12.734519240000001 0.0 0.0 0.0 12.5956639 0.0 0.0 0.0 14.60212054" Properties=species:S:1:pos:R:3:GW_charged:R:1:dKS_charged:R:1:dKS_neutral:R:1 pbc="T T T"
 21 24  0  0  1  0  0  0  0  0999 V2000
    5.3586    7.4349    8.1601 C   0  0  0  0  0  0  0  0  0  0  0  0
    6.9072    7.2788    8.1839 C   0  0  1  0  0  0  0  0  0  0  0  0
    6.6482    6.0235    9.0672 C   0  0  0  0  0  0  0  0  0  0  0  0
    5.3693    5.8786    8.1916 C   0  0  2  0  0  0  0  0  0  0  0  0
    5.8023    5.3716    6.7872 C   0  0  1  0  0  0  0  0  0  0  0  0
    6.2065    6.4902    5.7626 C   0  0  2  0  0  0  0  0  0  0  0  0
    7.1284    5.4738    5.0612 C   0  0  0  0  0  0  0  0  0  0  0  0
    7.3510    5.2376    6.5676 C   0  0  1  0  0  0  0  0  0  0  0  0
    7.3637    6.7932    6.7793 C   0  0  2  0  0  0  0  0  0  0  0  0
    4.9778    7.8584    9.0989 H   0  0  0  0  0  0  0  0  0  0  0  0
    4.8892    7.9458    7.3105 H   0  0  0  0  0  0  0  0  0  0  0  0
    7.5292    8.0957    8.5706 H   0  0  0  0  0  0  0  0  0  0  0  0
    7.3867    5.2124    9.0673 H   0  0  0  0  0  0  0  0  0  0  0  0
    6.4040    6.2975   10.1021 H   0  0  0  0  0  0  0  0  0  0  0  0
    4.5000    5.3377    8.5859 H   0  0  0  0  0  0  0  0  0  0  0  0
    5.1844    4.5528    6.3918 H   0  0  0  0  0  0  0  0  0  0  0  0
    5.5429    7.2164    5.2760 H   0  0  0  0  0  0  0  0  0  0  0  0
    6.6327    4.6646    4.5068 H   0  0  0  0  0  0  0  0  0  0  0  0
    7.9773    5.8889    4.5000 H   0  0  0  0  0  0  0  0  0  0  0  0
    8.0249    4.5000    7.0219 H   0  0  0  0  0  0  0  0  0  0  0  0
    8.2345    7.3298    6.3764 H   0  0  0  0  0  0  0  0  0  0  0  0
  1  2  1  0  0  0  0
  1  4  1  0  0  0  0
  1 10  1  0  0  0  0
  2 12  1  1  0  0  0
  2  3  1  0  0  0  0
  3 13  1  0  0  0  0
  3 14  1  0  0  0  0
  4 15  1  1  0  0  0
  4  3  1  0  0  0  0
  5 16  1  6  0  0  0
  5  4  1  0  0  0  0
  6 17  1  6  0  0  0
  6  9  1  0  0  0  0
  6  5  1  0  0  0  0
  7  6  1  0  0  0  0
  7  8  1  0  0  0  0
  8  9  1  0  0  0  0
  8  5  1  0  0  0  0
  8 20  1  1  0  0  0
  9 21  1  6  0  0  0
  9  2  1  0  0  0  0
 11  1  1  0  0  0  0
 18  7  1  0  0  0  0
 19  7  1  0  0  0  0
M  END
