Lattice="13.81022332 0.0 0.0 0.0 13.48753306 0.0 0.0 0.0 12.567083929999999" Properties=species:S:1:pos:R:3:GW_charged:R:1:dKS_charged:R:1:dKS_neutral:R:1 pbc="T T T"
 OpenBabel12102409393D
Lattice="13.81022332 0.0 0.0 0.0 13.48753306 0.0 0.0 0.0 12.567083929999999" Properties=species:S:1:pos:R:3:GW_charged:R:1:dKS_charged:R:1:dKS_neutral:R:1 pbc="T T T"
 17 17  0  0  1  0  0  0  0  0999 V2000
    8.2782    8.5486    5.7241 C   0  0  0  0  0  0  0  0  0  0  0  0
    8.1805    7.0233    5.7371 C   0  0  0  0  0  0  0  0  0  0  0  0
    6.7635    6.5022    5.5185 C   0  0  1  0  0  0  0  0  0  0  0  0
    6.6584    4.9578    5.5011 C   0  0  0  0  0  0  0  0  0  0  0  0
    5.5057    4.6664    6.2927 O   0  0  0  0  0  0  0  0  0  0  0  0
    5.5097    5.6929    7.2635 C   0  0  0  0  0  0  0  0  0  0  0  0
    5.8718    6.8883    6.5917 O   0  0  0  0  0  0  0  0  0  0  0  0
    9.3102    8.8827    5.8940 H   0  0  0  0  0  0  0  0  0  0  0  0
    7.9493    8.9603    4.7589 H   0  0  0  0  0  0  0  0  0  0  0  0
    7.6460    8.9875    6.5066 H   0  0  0  0  0  0  0  0  0  0  0  0
    8.8244    6.5955    4.9495 H   0  0  0  0  0  0  0  0  0  0  0  0
    8.5547    6.6241    6.6939 H   0  0  0  0  0  0  0  0  0  0  0  0
    6.3438    6.9359    4.5954 H   0  0  0  0  0  0  0  0  0  0  0  0
    6.5010    4.5405    4.5000 H   0  0  0  0  0  0  0  0  0  0  0  0
    7.5621    4.5000    5.9468 H   0  0  0  0  0  0  0  0  0  0  0  0
    4.5000    5.8006    7.6796 H   0  0  0  0  0  0  0  0  0  0  0  0
    6.2425    5.4615    8.0671 H   0  0  0  0  0  0  0  0  0  0  0  0
  1  2  1  0  0  0  0
  1  8  1  0  0  0  0
  1 10  1  0  0  0  0
  2 12  1  0  0  0  0
  3 13  1  6  0  0  0
  3  2  1  0  0  0  0
  3  7  1  0  0  0  0
  4  3  1  0  0  0  0
  4 15  1  0  0  0  0
  4  5  1  0  0  0  0
  5  6  1  0  0  0  0
  6 16  1  0  0  0  0
  6 17  1  0  0  0  0
  7  6  1  0  0  0  0
  9  1  1  0  0  0  0
 11  2  1  0  0  0  0
 14  4  1  0  0  0  0
M  END
