Lattice="14.65948214 0.0 0.0 0.0 14.599766070000001 0.0 0.0 0.0 13.85669225" Properties=species:S:1:pos:R:3:GW_charged:R:1:dKS_charged:R:1:dKS_neutral:R:1 pbc="T T T"
 OpenBabel12102411063D
Lattice="14.65948214 0.0 0.0 0.0 14.599766070000001 0.0 0.0 0.0 13.85669225" Properties=species:S:1:pos:R:3:GW_charged:R:1:dKS_charged:R:1:dKS_neutral:R:1 pbc="T T T"
 23 25  0  0  1  0  0  0  0  0999 V2000
    7.4719    9.5958    7.2231 C   0  0  0  0  0  0  0  0  0  0  0  0
    8.8074    8.9223    7.0589 C   0  0  1  0  0  0  0  0  0  0  0  0
    9.2786    8.3633    8.4025 C   0  0  0  0  0  0  0  0  0  0  0  0
    7.9565    7.5374    8.5105 C   0  0  0  0  0  0  0  0  0  0  0  0
    7.5108    8.0908    7.1445 C   0  0  1  0  0  0  0  0  0  0  0  0
    6.7877    7.3227    6.0862 C   0  0  0  0  0  0  0  0  0  0  0  0
    7.2511    5.8904    5.6847 C   0  0  0  0  0  0  0  0  0  0  0  0
    5.7591    5.4939    5.5342 C   0  0  0  0  0  0  0  0  0  0  0  0
    5.3881    6.7175    6.4112 C   0  0  0  0  0  0  0  0  0  0  0  0
    7.2219   10.0998    8.1612 H   0  0  0  0  0  0  0  0  0  0  0  0
    7.0868   10.0928    6.3323 H   0  0  0  0  0  0  0  0  0  0  0  0
    9.4365    9.1092    6.1890 H   0  0  0  0  0  0  0  0  0  0  0  0
   10.1595    7.7159    8.3143 H   0  0  0  0  0  0  0  0  0  0  0  0
    9.4690    9.1052    9.1929 H   0  0  0  0  0  0  0  0  0  0  0  0
    8.1464    6.4568    8.4996 H   0  0  0  0  0  0  0  0  0  0  0  0
    7.2904    7.7626    9.3567 H   0  0  0  0  0  0  0  0  0  0  0  0
    6.7141    7.9429    5.1782 H   0  0  0  0  0  0  0  0  0  0  0  0
    7.9085    5.7947    4.8111 H   0  0  0  0  0  0  0  0  0  0  0  0
    7.7197    5.3686    6.5309 H   0  0  0  0  0  0  0  0  0  0  0  0
    5.4099    5.6176    4.5000 H   0  0  0  0  0  0  0  0  0  0  0  0
    5.4553    4.5000    5.8858 H   0  0  0  0  0  0  0  0  0  0  0  0
    5.3204    6.4434    7.4740 H   0  0  0  0  0  0  0  0  0  0  0  0
    4.5000    7.3049    6.1452 H   0  0  0  0  0  0  0  0  0  0  0  0
  1 10  1  0  0  0  0
  2 12  1  6  0  0  0
  2  5  1  0  0  0  0
  2  1  1  0  0  0  0
  2  3  1  0  0  0  0
  3  4  1  0  0  0  0
  3 14  1  0  0  0  0
  4 16  1  0  0  0  0
  5  6  1  6  0  0  0
  5  1  1  0  0  0  0
  5  4  1  0  0  0  0
  6  9  1  0  0  0  0
  7  6  1  0  0  0  0
  7 19  1  0  0  0  0
  8  7  1  0  0  0  0
  8 21  1  0  0  0  0
  8  9  1  0  0  0  0
  9 22  1  0  0  0  0
 11  1  1  0  0  0  0
 13  3  1  0  0  0  0
 15  4  1  0  0  0  0
 17  6  1  0  0  0  0
 18  7  1  0  0  0  0
 20  8  1  0  0  0  0
 23  9  1  0  0  0  0
M  END
