Lattice="12.99618028 0.0 0.0 0.0 13.79461895 0.0 0.0 0.0 13.106518340000001" Properties=species:S:1:pos:R:3:GW_charged:R:1:dKS_charged:R:1:dKS_neutral:R:1 pbc="T T T"
 OpenBabel12102409393D
Lattice="12.99618028 0.0 0.0 0.0 13.79461895 0.0 0.0 0.0 13.106518340000001" Properties=species:S:1:pos:R:3:GW_charged:R:1:dKS_charged:R:1:dKS_neutral:R:1 pbc="T T T"
 19 20  0  0  1  0  0  0  0  0999 V2000
    5.3272    8.7549    6.4206 C   0  0  0  0  0  0  0  0  0  0  0  0
    5.4911    7.2425    6.4352 C   0  0  1  0  0  0  0  0  0  0  0  0
    6.6051    6.6213    5.5278 C   0  0  1  0  0  0  0  0  0  0  0  0
    7.6036    6.9481    6.6753 C   0  0  0  0  0  0  0  0  0  0  0  0
    6.3726    6.6158    7.5667 C   0  0  2  0  0  0  0  0  0  0  0  0
    6.1914    5.1107    7.2983 C   0  0  0  0  0  0  0  0  0  0  0  0
    6.3690    5.1149    5.7406 C   0  0  0  0  0  0  0  0  0  0  0  0
    6.2771    9.2946    6.5306 H   0  0  0  0  0  0  0  0  0  0  0  0
    4.8692    9.0858    5.4772 H   0  0  0  0  0  0  0  0  0  0  0  0
    4.6680    9.0810    7.2380 H   0  0  0  0  0  0  0  0  0  0  0  0
    4.5000    6.7715    6.3209 H   0  0  0  0  0  0  0  0  0  0  0  0
    6.7673    6.9690    4.5000 H   0  0  0  0  0  0  0  0  0  0  0  0
    8.4962    6.3139    6.7753 H   0  0  0  0  0  0  0  0  0  0  0  0
    7.8965    8.0021    6.7115 H   0  0  0  0  0  0  0  0  0  0  0  0
    6.2991    6.9580    8.6065 H   0  0  0  0  0  0  0  0  0  0  0  0
    6.9483    4.5000    7.8091 H   0  0  0  0  0  0  0  0  0  0  0  0
    5.2019    4.7484    7.6093 H   0  0  0  0  0  0  0  0  0  0  0  0
    5.4751    4.7548    5.2129 H   0  0  0  0  0  0  0  0  0  0  0  0
    7.2218    4.5064    5.4101 H   0  0  0  0  0  0  0  0  0  0  0  0
  1  2  1  0  0  0  0
  1  8  1  0  0  0  0
  1 10  1  0  0  0  0
  2 11  1  6  0  0  0
  2  5  1  0  0  0  0
  3 12  1  6  0  0  0
  3  7  1  0  0  0  0
  3  2  1  0  0  0  0
  3  4  1  0  0  0  0
  4 14  1  0  0  0  0
  4 13  1  0  0  0  0
  4  5  1  0  0  0  0
  5 15  1  1  0  0  0
  6  5  1  0  0  0  0
  6 17  1  0  0  0  0
  6 16  1  0  0  0  0
  7  6  1  0  0  0  0
  9  1  1  0  0  0  0
 18  7  1  0  0  0  0
 19  7  1  0  0  0  0
M  END
