Lattice="13.078705549999999 0.0 0.0 0.0 15.38405875 0.0 0.0 0.0 14.30146779" Properties=species:S:1:pos:R:3:GW_charged:R:1:dKS_charged:R:1:dKS_neutral:R:1 pbc="T T T"
 OpenBabel12102409453D
Lattice="13.078705549999999 0.0 0.0 0.0 15.38405875 0.0 0.0 0.0 14.30146779" Properties=species:S:1:pos:R:3:GW_charged:R:1:dKS_charged:R:1:dKS_neutral:R:1 pbc="T T T"
 21 22  0  0  1  0  0  0  0  0999 V2000
    6.0844    5.5688    6.6967 C   0  0  0  0  0  0  0  0  0  0  0  0
    6.0499    6.7812    6.7053 C   0  0  0  0  0  0  0  0  0  0  0  0
    6.0273    8.2279    6.7066 C   0  0  2  0  0  0  0  0  0  0  0  0
    5.7141    8.9336    5.3460 C   0  0  0  0  0  0  0  0  0  0  0  0
    6.9082    9.8937    5.5819 C   0  0  0  0  0  0  0  0  0  0  0  0
    7.4202    8.9796    6.7334 C   0  0  1  0  0  0  0  0  0  0  0  0
    7.6084    9.5708    8.1440 C   0  0  0  0  0  0  0  0  0  0  0  0
    6.4290    9.0146    8.9731 C   0  0  0  0  0  0  0  0  0  0  0  0
    5.3036    8.8100    7.9497 C   0  0  0  0  0  0  0  0  0  0  0  0
    6.1109    4.5000    6.6874 H   0  0  0  0  0  0  0  0  0  0  0  0
    5.8803    8.2567    4.5000 H   0  0  0  0  0  0  0  0  0  0  0  0
    4.7115    9.3710    5.2549 H   0  0  0  0  0  0  0  0  0  0  0  0
    7.5889   10.0380    4.7347 H   0  0  0  0  0  0  0  0  0  0  0  0
    6.6016   10.8841    5.9452 H   0  0  0  0  0  0  0  0  0  0  0  0
    8.2516    8.3378    6.4197 H   0  0  0  0  0  0  0  0  0  0  0  0
    8.5787    9.3066    8.5838 H   0  0  0  0  0  0  0  0  0  0  0  0
    7.5653   10.6698    8.1018 H   0  0  0  0  0  0  0  0  0  0  0  0
    6.7047    8.0440    9.4127 H   0  0  0  0  0  0  0  0  0  0  0  0
    6.1384    9.6746    9.8015 H   0  0  0  0  0  0  0  0  0  0  0  0
    4.8497    9.7784    7.6864 H   0  0  0  0  0  0  0  0  0  0  0  0
    4.5000    8.1529    8.3033 H   0  0  0  0  0  0  0  0  0  0  0  0
  1  2  3  0  0  0  0
  3  2  1  6  0  0  0
  3  6  1  0  0  0  0
  3  9  1  0  0  0  0
  4  5  1  0  0  0  0
  4  3  1  0  0  0  0
  5 14  1  0  0  0  0
  5  6  1  0  0  0  0
  6 15  1  6  0  0  0
  6  7  1  0  0  0  0
  7 16  1  0  0  0  0
  7  8  1  0  0  0  0
  8 18  1  0  0  0  0
  8 19  1  0  0  0  0
  9 21  1  0  0  0  0
  9  8  1  0  0  0  0
 10  1  1  0  0  0  0
 11  4  1  0  0  0  0
 12  4  1  0  0  0  0
 13  5  1  0  0  0  0
 17  7  1  0  0  0  0
 20  9  1  0  0  0  0
M  END
