Lattice="14.25946779 0.0 0.0 0.0 12.14345086 0.0 0.0 0.0 14.601463370000001" Properties=species:S:1:pos:R:3:GW_charged:R:1:dKS_charged:R:1:dKS_neutral:R:1 pbc="T T T"
 OpenBabel12102411063D
Lattice="14.25946779 0.0 0.0 0.0 12.14345086 0.0 0.0 0.0 14.601463370000001" Properties=species:S:1:pos:R:3:GW_charged:R:1:dKS_charged:R:1:dKS_neutral:R:1 pbc="T T T"
 23 24  0  0  1  0  0  0  0  0999 V2000
    6.6421    6.8960    5.5416 C   0  0  0  0  0  0  0  0  0  0  0  0
    7.8962    6.1237    5.9344 C   0  0  1  0  0  0  0  0  0  0  0  0
    8.7011    6.4177    7.2052 C   0  0  0  0  0  0  0  0  0  0  0  0
    8.4384    5.4997    8.4213 C   0  0  0  0  0  0  0  0  0  0  0  0
    7.3754    5.9963    9.4257 C   0  0  0  0  0  0  0  0  0  0  0  0
    6.1314    6.6739    8.8374 C   0  0  0  0  0  0  0  0  0  0  0  0
    5.2345    5.7893    7.9639 C   0  0  0  0  0  0  0  0  0  0  0  0
    5.9095    4.9211    7.0561 O   0  0  0  0  0  0  0  0  0  0  0  0
    6.5392    5.4422    5.9130 C   0  0  1  0  0  0  0  0  0  0  0  0
    6.2873    7.6435    6.2481 H   0  0  0  0  0  0  0  0  0  0  0  0
    6.4866    7.1752    4.5000 H   0  0  0  0  0  0  0  0  0  0  0  0
    8.5257    5.8320    5.0921 H   0  0  0  0  0  0  0  0  0  0  0  0
    9.7595    6.3127    6.9289 H   0  0  0  0  0  0  0  0  0  0  0  0
    8.5900    7.4737    7.5004 H   0  0  0  0  0  0  0  0  0  0  0  0
    8.1709    4.5000    8.0566 H   0  0  0  0  0  0  0  0  0  0  0  0
    9.3817    5.3830    8.9762 H   0  0  0  0  0  0  0  0  0  0  0  0
    7.0685    5.1510   10.0630 H   0  0  0  0  0  0  0  0  0  0  0  0
    7.8495    6.7263   10.1015 H   0  0  0  0  0  0  0  0  0  0  0  0
    5.5019    7.0461    9.6624 H   0  0  0  0  0  0  0  0  0  0  0  0
    6.4410    7.5729    8.2845 H   0  0  0  0  0  0  0  0  0  0  0  0
    4.6701    5.0971    8.6060 H   0  0  0  0  0  0  0  0  0  0  0  0
    4.5000    6.4124    7.4215 H   0  0  0  0  0  0  0  0  0  0  0  0
    6.3819    4.7461    5.0871 H   0  0  0  0  0  0  0  0  0  0  0  0
  1  9  1  0  0  0  0
  1  2  1  0  0  0  0
  1 10  1  0  0  0  0
  2 12  1  6  0  0  0
  2  3  1  0  0  0  0
  3 14  1  0  0  0  0
  3  4  1  0  0  0  0
  4 16  1  0  0  0  0
  4  5  1  0  0  0  0
  5 17  1  0  0  0  0
  5 18  1  0  0  0  0
  6  5  1  0  0  0  0
  6 19  1  0  0  0  0
  7 21  1  0  0  0  0
  7  6  1  0  0  0  0
  8  7  1  0  0  0  0
  9 23  1  6  0  0  0
  9  2  1  0  0  0  0
  9  8  1  0  0  0  0
 11  1  1  0  0  0  0
 13  3  1  0  0  0  0
 15  4  1  0  0  0  0
 20  6  1  0  0  0  0
 22  7  1  0  0  0  0
M  END
