Lattice="13.06679544 0.0 0.0 0.0 13.68615462 0.0 0.0 0.0 13.1719892" Properties=species:S:1:pos:R:3:GW_charged:R:1:dKS_charged:R:1:dKS_neutral:R:1 pbc="T T T"
 OpenBabel12102409263D
Lattice="13.06679544 0.0 0.0 0.0 13.68615462 0.0 0.0 0.0 13.1719892" Properties=species:S:1:pos:R:3:GW_charged:R:1:dKS_charged:R:1:dKS_neutral:R:1 pbc="T T T"
 16 16  0  0  1  0  0  0  0  0999 V2000
    7.5449    8.6683    6.4729 C   0  0  0  0  0  0  0  0  0  0  0  0
    7.5549    7.1595    6.7170 C   0  0  1  0  0  0  0  0  0  0  0  0
    8.2665    6.8285    7.9241 O   0  0  0  0  0  0  0  0  0  0  0  0
    6.1596    6.5722    6.6985 C   0  0  0  0  0  0  0  0  0  0  0  0
    5.5599    6.1004    5.3948 C   0  0  0  0  0  0  0  0  0  0  0  0
    5.9619    5.1003    6.4507 C   0  0  0  0  0  0  0  0  0  0  0  0
    8.5668    9.0675    6.4795 H   0  0  0  0  0  0  0  0  0  0  0  0
    7.0796    8.9047    5.5058 H   0  0  0  0  0  0  0  0  0  0  0  0
    6.9683    9.1862    7.2553 H   0  0  0  0  0  0  0  0  0  0  0  0
    8.1474    6.6712    5.9258 H   0  0  0  0  0  0  0  0  0  0  0  0
    7.7664    7.1928    8.6720 H   0  0  0  0  0  0  0  0  0  0  0  0
    5.4650    7.0463    7.3990 H   0  0  0  0  0  0  0  0  0  0  0  0
    4.5000    6.2760    5.2183 H   0  0  0  0  0  0  0  0  0  0  0  0
    6.1784    6.1733    4.5000 H   0  0  0  0  0  0  0  0  0  0  0  0
    6.8542    4.5000    6.2765 H   0  0  0  0  0  0  0  0  0  0  0  0
    5.1761    4.5842    6.9996 H   0  0  0  0  0  0  0  0  0  0  0  0
  1  7  1  0  0  0  0
  1  2  1  0  0  0  0
  1  9  1  0  0  0  0
  2 10  1  6  0  0  0
  2  3  1  0  0  0  0
  3 11  1  0  0  0  0
  4  2  1  0  0  0  0
  4 12  1  0  0  0  0
  5  6  1  0  0  0  0
  5  4  1  0  0  0  0
  6  4  1  0  0  0  0
  6 16  1  0  0  0  0
  8  1  1  0  0  0  0
 13  5  1  0  0  0  0
 14  5  1  0  0  0  0
 15  6  1  0  0  0  0
M  END
