Lattice="13.28490609 0.0 0.0 0.0 13.38539791 0.0 0.0 0.0 12.90219459" Properties=species:S:1:pos:R:3:GW_charged:R:1:dKS_charged:R:1:dKS_neutral:R:1 pbc="T T T"
 OpenBabel11192412253D
Lattice="13.28490609 0.0 0.0 0.0 13.38539791 0.0 0.0 0.0 12.90219459" Properties=species:S:1:pos:R:3:GW_charged:R:1:dKS_charged:R:1:dKS_neutral:R:1 pbc="T T T"
 15 15  0  0  0  0  0  0  0  0999 V2000
    5.2755    8.0988    6.2220 C   0  0  0  0  0  0  0  0  0  0  0  0
    5.8993    6.7186    6.3282 C   0  0  0  0  0  0  0  0  0  0  0  0
    7.1306    6.3633    5.4464 C   0  0  0  0  0  0  0  0  0  0  0  0
    7.7060    5.5604    6.6422 C   0  0  0  0  0  0  0  0  0  0  0  0
    6.7576    6.3586    7.5746 C   0  0  0  0  0  0  0  0  0  0  0  0
    6.0333    8.8854    6.3565 H   0  0  0  0  0  0  0  0  0  0  0  0
    4.8064    8.2531    5.2390 H   0  0  0  0  0  0  0  0  0  0  0  0
    4.5000    8.2492    6.9875 H   0  0  0  0  0  0  0  0  0  0  0  0
    5.1247    5.9468    6.1908 H   0  0  0  0  0  0  0  0  0  0  0  0
    6.9537    5.8357    4.5000 H   0  0  0  0  0  0  0  0  0  0  0  0
    7.7338    7.2596    5.2381 H   0  0  0  0  0  0  0  0  0  0  0  0
    7.4239    4.5000    6.5905 H   0  0  0  0  0  0  0  0  0  0  0  0
    8.7849    5.6229    6.8314 H   0  0  0  0  0  0  0  0  0  0  0  0
    7.2534    7.2535    7.9795 H   0  0  0  0  0  0  0  0  0  0  0  0
    6.2699    5.8270    8.4022 H   0  0  0  0  0  0  0  0  0  0  0  0
  1  2  1  0  0  0  0
  1  6  1  0  0  0  0
  1  8  1  0  0  0  0
  2  5  1  0  0  0  0
  3  2  1  0  0  0  0
  3  4  1  0  0  0  0
  4 13  1  0  0  0  0
  4  5  1  0  0  0  0
  5 14  1  0  0  0  0
  5 15  1  0  0  0  0
  7  1  1  0  0  0  0
  9  2  1  0  0  0  0
 10  3  1  0  0  0  0
 11  3  1  0  0  0  0
 12  4  1  0  0  0  0
M  END
