Lattice="14.88687137 0.0 0.0 0.0 12.84655987 0.0 0.0 0.0 14.45699802" Properties=species:S:1:pos:R:3:GW_charged:R:1:dKS_charged:R:1:dKS_neutral:R:1 pbc="T T T"
 OpenBabel12102409443D
Lattice="14.88687137 0.0 0.0 0.0 12.84655987 0.0 0.0 0.0 14.45699802" Properties=species:S:1:pos:R:3:GW_charged:R:1:dKS_charged:R:1:dKS_neutral:R:1 pbc="T T T"
 21 21  0  0  0  0  0  0  0  0999 V2000
    6.5894    7.9104    5.4027 C   0  0  0  0  0  0  0  0  0  0  0  0
    6.5778    6.3734    5.4544 C   0  0  0  0  0  0  0  0  0  0  0  0
    7.2628    5.8233    6.6844 C   0  0  0  0  0  0  0  0  0  0  0  0
    8.6291    5.5183    6.6259 C   0  0  0  0  0  0  0  0  0  0  0  0
    9.3241    5.0474    7.7393 C   0  0  0  0  0  0  0  0  0  0  0  0
    8.6453    4.8702    8.9441 C   0  0  0  0  0  0  0  0  0  0  0  0
    7.2840    5.1652    9.0150 C   0  0  0  0  0  0  0  0  0  0  0  0
    6.5744    5.6423    7.9047 C   0  0  0  0  0  0  0  0  0  0  0  0
    5.1010    5.9359    8.0356 C   0  0  0  0  0  0  0  0  0  0  0  0
    7.6199    8.2907    5.3975 H   0  0  0  0  0  0  0  0  0  0  0  0
    6.0843    8.2808    4.5000 H   0  0  0  0  0  0  0  0  0  0  0  0
    6.0839    8.3466    6.2750 H   0  0  0  0  0  0  0  0  0  0  0  0
    5.5396    6.0137    5.4012 H   0  0  0  0  0  0  0  0  0  0  0  0
    7.0841    5.9808    4.5600 H   0  0  0  0  0  0  0  0  0  0  0  0
    9.1565    5.6534    5.6790 H   0  0  0  0  0  0  0  0  0  0  0  0
   10.3869    4.8164    7.6638 H   0  0  0  0  0  0  0  0  0  0  0  0
    9.1701    4.5000    9.8251 H   0  0  0  0  0  0  0  0  0  0  0  0
    6.7513    5.0210    9.9570 H   0  0  0  0  0  0  0  0  0  0  0  0
    4.8651    6.9868    7.8143 H   0  0  0  0  0  0  0  0  0  0  0  0
    4.5000    5.3236    7.3466 H   0  0  0  0  0  0  0  0  0  0  0  0
    4.7525    5.7261    9.0542 H   0  0  0  0  0  0  0  0  0  0  0  0
  1  2  1  0  0  0  0
  1 12  1  0  0  0  0
  2  3  1  0  0  0  0
  3  8  1  0  0  0  0
  4  3  2  0  0  0  0
  4  5  1  0  0  0  0
  5  6  2  0  0  0  0
  6  7  1  0  0  0  0
  6 17  1  0  0  0  0
  7 18  1  0  0  0  0
  8  9  1  0  0  0  0
  8  7  2  0  0  0  0
  9 21  1  0  0  0  0
 10  1  1  0  0  0  0
 11  1  1  0  0  0  0
 13  2  1  0  0  0  0
 14  2  1  0  0  0  0
 15  4  1  0  0  0  0
 16  5  1  0  0  0  0
 19  9  1  0  0  0  0
 20  9  1  0  0  0  0
M  END
