Lattice="13.676739040000001 0.0 0.0 0.0 13.117667 0.0 0.0 0.0 14.34134476" Properties=species:S:1:pos:R:3:GW_charged:R:1:dKS_charged:R:1:dKS_neutral:R:1 pbc="T T T"
 OpenBabel12102411053D
Lattice="13.676739040000001 0.0 0.0 0.0 13.117667 0.0 0.0 0.0 14.34134476" Properties=species:S:1:pos:R:3:GW_charged:R:1:dKS_charged:R:1:dKS_neutral:R:1 pbc="T T T"
 21 23  0  0  1  0  0  0  0  0999 V2000
    6.8201    8.0075    7.9720 C   0  0  0  0  0  0  0  0  0  0  0  0
    8.3143    7.6249    7.8226 C   0  0  1  0  0  0  0  0  0  0  0  0
    8.0210    6.4384    8.8036 C   0  0  0  0  0  0  0  0  0  0  0  0
    6.8440    6.4507    7.7870 C   0  0  1  0  0  0  0  0  0  0  0  0
    5.6814    5.5526    7.4652 C   0  0  0  0  0  0  0  0  0  0  0  0
    5.2200    5.9222    6.0381 C   0  0  0  0  0  0  0  0  0  0  0  0
    6.2803    5.9405    5.0776 O   0  0  0  0  0  0  0  0  0  0  0  0
    7.2761    6.9521    5.3348 C   0  0  0  0  0  0  0  0  0  0  0  0
    7.9186    6.6409    6.6743 C   0  0  1  0  0  0  0  0  0  0  0  0
    6.5068    8.3597    8.9642 H   0  0  0  0  0  0  0  0  0  0  0  0
    6.3707    8.6177    7.1807 H   0  0  0  0  0  0  0  0  0  0  0  0
    9.1767    8.3024    7.8592 H   0  0  0  0  0  0  0  0  0  0  0  0
    8.7010    5.5770    8.7478 H   0  0  0  0  0  0  0  0  0  0  0  0
    7.7877    6.7146    9.8413 H   0  0  0  0  0  0  0  0  0  0  0  0
    6.0036    4.5000    7.4879 H   0  0  0  0  0  0  0  0  0  0  0  0
    4.8428    5.6660    8.1696 H   0  0  0  0  0  0  0  0  0  0  0  0
    4.5000    5.1863    5.6577 H   0  0  0  0  0  0  0  0  0  0  0  0
    4.7173    6.9093    6.0552 H   0  0  0  0  0  0  0  0  0  0  0  0
    7.9843    6.8778    4.5000 H   0  0  0  0  0  0  0  0  0  0  0  0
    6.8105    7.9534    5.2960 H   0  0  0  0  0  0  0  0  0  0  0  0
    8.5974    5.7793    6.5749 H   0  0  0  0  0  0  0  0  0  0  0  0
  1 10  1  0  0  0  0
  2 12  1  1  0  0  0
  2  1  1  0  0  0  0
  2  3  1  0  0  0  0
  3 14  1  0  0  0  0
  4  5  1  6  0  0  0
  4  1  1  0  0  0  0
  4  3  1  0  0  0  0
  5 15  1  0  0  0  0
  5 16  1  0  0  0  0
  6 18  1  0  0  0  0
  6  5  1  0  0  0  0
  7  8  1  0  0  0  0
  7  6  1  0  0  0  0
  8  9  1  0  0  0  0
  9 21  1  6  0  0  0
  9  4  1  0  0  0  0
  9  2  1  0  0  0  0
 11  1  1  0  0  0  0
 13  3  1  0  0  0  0
 17  6  1  0  0  0  0
 19  8  1  0  0  0  0
 20  8  1  0  0  0  0
M  END
