Lattice="13.05752702 0.0 0.0 0.0 12.9816136 0.0 0.0 0.0 13.87857417" Properties=species:S:1:pos:R:3:GW_charged:R:1:dKS_charged:R:1:dKS_neutral:R:1 pbc="T T T"
 OpenBabel12102409383D
Lattice="13.05752702 0.0 0.0 0.0 12.9816136 0.0 0.0 0.0 13.87857417" Properties=species:S:1:pos:R:3:GW_charged:R:1:dKS_charged:R:1:dKS_neutral:R:1 pbc="T T T"
 19 20  0  0  1  0  0  0  0  0999 V2000
    5.3374    7.7382    7.4382 C   0  0  0  0  0  0  0  0  0  0  0  0
    6.8859    7.6576    7.5212 C   0  0  1  0  0  0  0  0  0  0  0  0
    6.6829    6.3322    8.3153 C   0  0  0  0  0  0  0  0  0  0  0  0
    5.3457    6.1881    7.5282 C   0  0  2  0  0  0  0  0  0  0  0  0
    5.5937    5.5978    6.1309 C   0  0  0  0  0  0  0  0  0  0  0  0
    6.9875    6.0000    5.5983 C   0  0  0  0  0  0  0  0  0  0  0  0
    7.4573    7.3758    6.1225 C   0  0  0  0  0  0  0  0  0  0  0  0
    4.9024    8.1985    8.3356 H   0  0  0  0  0  0  0  0  0  0  0  0
    4.8940    8.1987    6.5423 H   0  0  0  0  0  0  0  0  0  0  0  0
    7.4169    8.4816    8.0168 H   0  0  0  0  0  0  0  0  0  0  0  0
    7.4391    5.5392    8.2295 H   0  0  0  0  0  0  0  0  0  0  0  0
    6.4970    6.5321    9.3786 H   0  0  0  0  0  0  0  0  0  0  0  0
    4.5000    5.6986    8.0300 H   0  0  0  0  0  0  0  0  0  0  0  0
    5.5176    4.5000    6.1591 H   0  0  0  0  0  0  0  0  0  0  0  0
    4.7970    5.9473    5.4546 H   0  0  0  0  0  0  0  0  0  0  0  0
    7.7131    5.2410    5.9243 H   0  0  0  0  0  0  0  0  0  0  0  0
    7.0072    5.9741    4.5000 H   0  0  0  0  0  0  0  0  0  0  0  0
    7.1423    8.1850    5.4440 H   0  0  0  0  0  0  0  0  0  0  0  0
    8.5575    7.4004    6.1453 H   0  0  0  0  0  0  0  0  0  0  0  0
  1  2  1  0  0  0  0
  1  4  1  0  0  0  0
  1  8  1  0  0  0  0
  2 10  1  1  0  0  0
  2  3  1  0  0  0  0
  3 12  1  0  0  0  0
  4 13  1  1  0  0  0
  4  3  1  0  0  0  0
  5 14  1  0  0  0  0
  5  4  1  0  0  0  0
  6 16  1  0  0  0  0
  6  7  1  0  0  0  0
  6  5  1  0  0  0  0
  7 19  1  0  0  0  0
  7  2  1  0  0  0  0
  9  1  1  0  0  0  0
 11  3  1  0  0  0  0
 15  5  1  0  0  0  0
 17  6  1  0  0  0  0
 18  7  1  0  0  0  0
M  END
