Lattice="12.97870812 0.0 0.0 0.0 13.55691536 0.0 0.0 0.0 13.2320744" Properties=species:S:1:pos:R:3:GW_charged:R:1:dKS_charged:R:1:dKS_neutral:R:1 pbc="T T T"
 OpenBabel12102409373D
Lattice="12.97870812 0.0 0.0 0.0 13.55691536 0.0 0.0 0.0 13.2320744" Properties=species:S:1:pos:R:3:GW_charged:R:1:dKS_charged:R:1:dKS_neutral:R:1 pbc="T T T"
 17 18  0  0  1  0  0  0  0  0999 V2000
    6.4900    8.7130    6.5704 O   0  0  0  0  0  0  0  0  0  0  0  0
    6.5502    7.3092    6.5843 C   0  0  1  0  0  0  0  0  0  0  0  0
    6.8692    6.4760    7.8697 C   0  0  0  0  0  0  0  0  0  0  0  0
    6.1224    5.3740    7.0687 C   0  0  1  0  0  0  0  0  0  0  0  0
    5.2219    6.5187    6.5192 C   0  0  0  0  0  0  0  0  0  0  0  0
    7.0847    5.1234    5.8874 C   0  0  0  0  0  0  0  0  0  0  0  0
    7.4108    6.6025    5.5163 C   0  0  0  0  0  0  0  0  0  0  0  0
    7.3894    9.0569    6.4521 H   0  0  0  0  0  0  0  0  0  0  0  0
    7.9215    6.3057    8.1400 H   0  0  0  0  0  0  0  0  0  0  0  0
    6.2961    6.8363    8.7321 H   0  0  0  0  0  0  0  0  0  0  0  0
    5.6906    4.5000    7.5657 H   0  0  0  0  0  0  0  0  0  0  0  0
    4.5000    6.8787    7.2619 H   0  0  0  0  0  0  0  0  0  0  0  0
    4.7424    6.3903    5.5387 H   0  0  0  0  0  0  0  0  0  0  0  0
    7.9745    4.5548    6.1899 H   0  0  0  0  0  0  0  0  0  0  0  0
    6.6013    4.5797    5.0645 H   0  0  0  0  0  0  0  0  0  0  0  0
    7.0969    6.8765    4.5000 H   0  0  0  0  0  0  0  0  0  0  0  0
    8.4787    6.8456    5.6227 H   0  0  0  0  0  0  0  0  0  0  0  0
  2  1  1  1  0  0  0
  2  3  1  0  0  0  0
  3  9  1  0  0  0  0
  3 10  1  0  0  0  0
  4 11  1  1  0  0  0
  4  3  1  0  0  0  0
  5  2  1  0  0  0  0
  5  4  1  0  0  0  0
  5 12  1  0  0  0  0
  6 14  1  0  0  0  0
  6  4  1  0  0  0  0
  7 17  1  0  0  0  0
  7  6  1  0  0  0  0
  7  2  1  0  0  0  0
  8  1  1  0  0  0  0
 13  5  1  0  0  0  0
 15  6  1  0  0  0  0
 16  7  1  0  0  0  0
M  END
