Lattice="13.11549007 0.0 0.0 0.0 14.94760245 0.0 0.0 0.0 12.043053310000001" Properties=species:S:1:pos:R:3:GW_charged:R:1:dKS_charged:R:1:dKS_neutral:R:1 pbc="T T T"
 OpenBabel12102409393D
Lattice="13.11549007 0.0 0.0 0.0 14.94760245 0.0 0.0 0.0 12.043053310000001" Properties=species:S:1:pos:R:3:GW_charged:R:1:dKS_charged:R:1:dKS_neutral:R:1 pbc="T T T"
 19 20  0  0  1  0  0  0  0  0999 V2000
    5.7335    9.9294    6.7148 C   0  0  0  0  0  0  0  0  0  0  0  0
    5.5629    8.4143    6.5826 C   0  0  0  0  0  0  0  0  0  0  0  0
    6.3823    7.8199    5.4415 C   0  0  1  0  0  0  0  0  0  0  0  0
    7.9510    7.7951    5.5340 C   0  0  0  0  0  0  0  0  0  0  0  0
    7.9282    6.2860    5.2707 C   0  0  1  0  0  0  0  0  0  0  0  0
    7.1343    5.5876    6.3367 C   0  0  0  0  0  0  0  0  0  0  0  0
    6.3926    6.2966    5.2354 C   0  0  1  0  0  0  0  0  0  0  0  0
    6.7829   10.1987    6.9028 H   0  0  0  0  0  0  0  0  0  0  0  0
    5.4214   10.4476    5.7961 H   0  0  0  0  0  0  0  0  0  0  0  0
    5.1356   10.3332    7.5431 H   0  0  0  0  0  0  0  0  0  0  0  0
    5.8412    7.9283    7.5317 H   0  0  0  0  0  0  0  0  0  0  0  0
    4.5000    8.1709    6.4183 H   0  0  0  0  0  0  0  0  0  0  0  0
    6.0939    8.3129    4.5000 H   0  0  0  0  0  0  0  0  0  0  0  0
    8.4278    8.3787    4.7378 H   0  0  0  0  0  0  0  0  0  0  0  0
    8.3909    8.0983    6.4972 H   0  0  0  0  0  0  0  0  0  0  0  0
    8.6155    5.7465    4.6211 H   0  0  0  0  0  0  0  0  0  0  0  0
    7.1170    4.5000    6.2702 H   0  0  0  0  0  0  0  0  0  0  0  0
    7.1296    5.9693    7.3607 H   0  0  0  0  0  0  0  0  0  0  0  0
    5.7251    5.7530    4.5674 H   0  0  0  0  0  0  0  0  0  0  0  0
  1  8  1  0  0  0  0
  1 10  1  0  0  0  0
  2  1  1  0  0  0  0
  2 11  1  0  0  0  0
  3 13  1  6  0  0  0
  3  4  1  0  0  0  0
  3  2  1  0  0  0  0
  4 15  1  0  0  0  0
  5 16  1  6  0  0  0
  5  4  1  0  0  0  0
  5  6  1  0  0  0  0
  6 18  1  0  0  0  0
  7 19  1  6  0  0  0
  7  5  1  0  0  0  0
  7  3  1  0  0  0  0
  7  6  1  0  0  0  0
  9  1  1  0  0  0  0
 12  2  1  0  0  0  0
 14  4  1  0  0  0  0
 17  6  1  0  0  0  0
M  END
