Lattice="12.86074005 0.0 0.0 0.0 14.41165386 0.0 0.0 0.0 12.24482216" Properties=species:S:1:pos:R:3:GW_charged:R:1:dKS_charged:R:1:dKS_neutral:R:1 pbc="T T T"
 OpenBabel12102409323D
Lattice="12.86074005 0.0 0.0 0.0 14.41165386 0.0 0.0 0.0 12.24482216" Properties=species:S:1:pos:R:3:GW_charged:R:1:dKS_charged:R:1:dKS_neutral:R:1 pbc="T T T"
 17 16  0  0  1  0  0  0  0  0999 V2000
    7.3341    9.4952    5.7723 C   0  0  0  0  0  0  0  0  0  0  0  0
    7.3454    7.9738    5.8273 C   0  0  1  0  0  0  0  0  0  0  0  0
    8.0664    7.4816    6.9684 O   0  0  0  0  0  0  0  0  0  0  0  0
    5.9270    7.3804    5.7954 C   0  0  1  0  0  0  0  0  0  0  0  0
    5.2686    7.8643    4.6250 O   0  0  0  0  0  0  0  0  0  0  0  0
    5.9392    5.8568    5.7962 C   0  0  0  0  0  0  0  0  0  0  0  0
    4.5659    5.4449    5.6677 O   0  0  0  0  0  0  0  0  0  0  0  0
    8.3607    9.8825    5.7676 H   0  0  0  0  0  0  0  0  0  0  0  0
    6.8148    9.8478    4.8730 H   0  0  0  0  0  0  0  0  0  0  0  0
    6.8067    9.9117    6.6459 H   0  0  0  0  0  0  0  0  0  0  0  0
    7.8950    7.5800    4.9572 H   0  0  0  0  0  0  0  0  0  0  0  0
    7.7650    7.9805    7.7448 H   0  0  0  0  0  0  0  0  0  0  0  0
    5.3821    7.7221    6.7022 H   0  0  0  0  0  0  0  0  0  0  0  0
    4.5000    7.2796    4.5000 H   0  0  0  0  0  0  0  0  0  0  0  0
    6.5359    5.4968    4.9394 H   0  0  0  0  0  0  0  0  0  0  0  0
    6.3865    5.4797    6.7284 H   0  0  0  0  0  0  0  0  0  0  0  0
    4.5453    4.5000    5.4603 H   0  0  0  0  0  0  0  0  0  0  0  0
  1  2  1  0  0  0  0
  1 10  1  0  0  0  0
  2 11  1  6  0  0  0
  2  3  1  0  0  0  0
  3 12  1  0  0  0  0
  4  6  1  0  0  0  0
  4  2  1  0  0  0  0
  4 13  1  1  0  0  0
  5  4  1  0  0  0  0
  6 16  1  0  0  0  0
  7  6  1  0  0  0  0
  8  1  1  0  0  0  0
  9  1  1  0  0  0  0
 14  5  1  0  0  0  0
 15  6  1  0  0  0  0
 17  7  1  0  0  0  0
M  END
