Lattice="13.33464377 0.0 0.0 0.0 13.89311429 0.0 0.0 0.0 14.15521616" Properties=species:S:1:pos:R:3:GW_charged:R:1:dKS_charged:R:1:dKS_neutral:R:1 pbc="T T T"
 OpenBabel12102411073D
Lattice="13.33464377 0.0 0.0 0.0 13.89311429 0.0 0.0 0.0 14.15521616" Properties=species:S:1:pos:R:3:GW_charged:R:1:dKS_charged:R:1:dKS_neutral:R:1 pbc="T T T"
 25 26  0  0  1  0  0  0  0  0999 V2000
    5.5283    7.6908    5.4591 C   0  0  0  0  0  0  0  0  0  0  0  0
    6.9366    8.3034    5.5673 C   0  0  0  0  0  0  0  0  0  0  0  0
    7.8191    7.6871    6.6736 C   0  0  1  0  0  0  0  0  0  0  0  0
    7.3866    8.0111    8.1194 C   0  0  0  0  0  0  0  0  0  0  0  0
    6.0751    7.3357    8.5597 C   0  0  0  0  0  0  0  0  0  0  0  0
    5.9798    5.8630    8.1215 C   0  0  0  0  0  0  0  0  0  0  0  0
    6.4484    5.5941    6.6756 C   0  0  1  0  0  0  0  0  0  0  0  0
    5.5298    6.1552    5.5694 C   0  0  0  0  0  0  0  0  0  0  0  0
    7.8641    6.1621    6.4910 C   0  0  0  0  0  0  0  0  0  0  0  0
    4.8766    8.1184    6.2328 H   0  0  0  0  0  0  0  0  0  0  0  0
    5.0758    7.9862    4.5000 H   0  0  0  0  0  0  0  0  0  0  0  0
    7.4624    8.1554    4.6086 H   0  0  0  0  0  0  0  0  0  0  0  0
    6.8591    9.3931    5.7072 H   0  0  0  0  0  0  0  0  0  0  0  0
    8.8346    8.0949    6.5412 H   0  0  0  0  0  0  0  0  0  0  0  0
    8.1991    7.6770    8.7869 H   0  0  0  0  0  0  0  0  0  0  0  0
    7.3086    9.1012    8.2565 H   0  0  0  0  0  0  0  0  0  0  0  0
    5.9848    7.3959    9.6552 H   0  0  0  0  0  0  0  0  0  0  0  0
    5.2173    7.8971    8.1654 H   0  0  0  0  0  0  0  0  0  0  0  0
    6.6114    5.2527    8.7893 H   0  0  0  0  0  0  0  0  0  0  0  0
    4.9495    5.4990    8.2601 H   0  0  0  0  0  0  0  0  0  0  0  0
    6.4803    4.5000    6.5447 H   0  0  0  0  0  0  0  0  0  0  0  0
    4.5000    5.7909    5.7107 H   0  0  0  0  0  0  0  0  0  0  0  0
    5.8747    5.7311    4.6110 H   0  0  0  0  0  0  0  0  0  0  0  0
    8.2491    5.9090    5.4898 H   0  0  0  0  0  0  0  0  0  0  0  0
    8.5545    5.7106    7.2220 H   0  0  0  0  0  0  0  0  0  0  0  0
  1  2  1  0  0  0  0
  1  8  1  0  0  0  0
  1 10  1  0  0  0  0
  2 13  1  0  0  0  0
  2  3  1  0  0  0  0
  3 14  1  6  0  0  0
  3  4  1  0  0  0  0
  4 16  1  0  0  0  0
  4  5  1  0  0  0  0
  4 15  1  0  0  0  0
  5 17  1  0  0  0  0
  6 20  1  0  0  0  0
  6  5  1  0  0  0  0
  6 19  1  0  0  0  0
  7 21  1  6  0  0  0
  7  6  1  0  0  0  0
  8 22  1  0  0  0  0
  8  7  1  0  0  0  0
  9  3  1  0  0  0  0
  9  7  1  0  0  0  0
  9 25  1  0  0  0  0
 11  1  1  0  0  0  0
 12  2  1  0  0  0  0
 18  5  1  0  0  0  0
 23  8  1  0  0  0  0
 24  9  1  0  0  0  0
M  END
