Lattice="12.28295216 0.0 0.0 0.0 13.423564299999999 0.0 0.0 0.0 11.15082793" Properties=species:S:1:pos:R:3:GW_charged:R:1:dKS_charged:R:1:dKS_neutral:R:1 pbc="T T T"
 OpenBabel12102409263D
Lattice="12.28295216 0.0 0.0 0.0 13.423564299999999 0.0 0.0 0.0 11.15082793" Properties=species:S:1:pos:R:3:GW_charged:R:1:dKS_charged:R:1:dKS_neutral:R:1 pbc="T T T"
 13 12  0  0  0  0  0  0  0  0999 V2000
    6.7305    8.4275    5.5270 C   0  0  0  0  0  0  0  0  0  0  0  0
    6.7035    7.0169    5.3948 O   0  0  0  0  0  0  0  0  0  0  0  0
    5.3816    6.4861    5.4008 C   0  0  0  0  0  0  0  0  0  0  0  0
    5.5024    4.9740    5.4159 C   0  0  0  0  0  0  0  0  0  0  0  0
    6.1667    4.5000    6.5838 O   0  0  0  0  0  0  0  0  0  0  0  0
    7.7830    8.7334    5.5274 H   0  0  0  0  0  0  0  0  0  0  0  0
    6.2127    8.9236    4.6859 H   0  0  0  0  0  0  0  0  0  0  0  0
    6.2582    8.7550    6.4711 H   0  0  0  0  0  0  0  0  0  0  0  0
    4.8372    6.8340    6.3000 H   0  0  0  0  0  0  0  0  0  0  0  0
    4.8217    6.8198    4.5046 H   0  0  0  0  0  0  0  0  0  0  0  0
    4.5000    4.5239    5.4161 H   0  0  0  0  0  0  0  0  0  0  0  0
    6.0255    4.6415    4.5000 H   0  0  0  0  0  0  0  0  0  0  0  0
    6.9909    5.0104    6.6508 H   0  0  0  0  0  0  0  0  0  0  0  0
  1  6  1  0  0  0  0
  1  8  1  0  0  0  0
  2  3  1  0  0  0  0
  2  1  1  0  0  0  0
  3  4  1  0  0  0  0
  3  9  1  0  0  0  0
  4 11  1  0  0  0  0
  4  5  1  0  0  0  0
  5 13  1  0  0  0  0
  7  1  1  0  0  0  0
 10  3  1  0  0  0  0
 12  4  1  0  0  0  0
M  END
