Lattice="11.97337315 0.0 0.0 0.0 15.38201367 0.0 0.0 0.0 13.08033442" Properties=species:S:1:pos:R:3:GW_charged:R:1:dKS_charged:R:1:dKS_neutral:R:1 pbc="T T T"
 OpenBabel12102409263D
Lattice="11.97337315 0.0 0.0 0.0 15.38201367 0.0 0.0 0.0 13.08033442" Properties=species:S:1:pos:R:3:GW_charged:R:1:dKS_charged:R:1:dKS_neutral:R:1 pbc="T T T"
 16 15  0  0  0  0  0  0  0  0999 V2000
    5.0356   10.4554    5.4026 C   0  0  0  0  0  0  0  0  0  0  0  0
    5.0606    9.0404    5.4017 O   0  0  0  0  0  0  0  0  0  0  0  0
    5.7356    8.5141    6.5356 C   0  0  0  0  0  0  0  0  0  0  0  0
    5.7149    6.9960    6.4535 C   0  0  0  0  0  0  0  0  0  0  0  0
    6.4184    6.3416    7.6326 C   0  0  0  0  0  0  0  0  0  0  0  0
    6.3414    4.9222    7.4573 O   0  0  0  0  0  0  0  0  0  0  0  0
    6.0561   10.8820    5.3829 H   0  0  0  0  0  0  0  0  0  0  0  0
    4.5000   10.7713    4.5000 H   0  0  0  0  0  0  0  0  0  0  0  0
    4.5098   10.8541    6.2906 H   0  0  0  0  0  0  0  0  0  0  0  0
    6.7786    8.8921    6.5626 H   0  0  0  0  0  0  0  0  0  0  0  0
    5.2409    8.8643    7.4651 H   0  0  0  0  0  0  0  0  0  0  0  0
    4.6727    6.6470    6.4146 H   0  0  0  0  0  0  0  0  0  0  0  0
    6.1984    6.6745    5.5195 H   0  0  0  0  0  0  0  0  0  0  0  0
    7.4734    6.6717    7.6776 H   0  0  0  0  0  0  0  0  0  0  0  0
    5.9344    6.6438    8.5803 H   0  0  0  0  0  0  0  0  0  0  0  0
    6.7881    4.5000    8.2057 H   0  0  0  0  0  0  0  0  0  0  0  0
  1  9  1  0  0  0  0
  2  1  1  0  0  0  0
  2  3  1  0  0  0  0
  3 10  1  0  0  0  0
  3 11  1  0  0  0  0
  4  3  1  0  0  0  0
  4  5  1  0  0  0  0
  5 14  1  0  0  0  0
  5 15  1  0  0  0  0
  6  5  1  0  0  0  0
  6 16  1  0  0  0  0
  7  1  1  0  0  0  0
  8  1  1  0  0  0  0
 12  4  1  0  0  0  0
 13  4  1  0  0  0  0
M  END
