Lattice="14.50227982 0.0 0.0 0.0 12.67298122 0.0 0.0 0.0 13.64739744" Properties=species:S:1:pos:R:3:GW_charged:R:1:dKS_charged:R:1:dKS_neutral:R:1 pbc="T T T"
 OpenBabel12102409403D
Lattice="14.50227982 0.0 0.0 0.0 12.67298122 0.0 0.0 0.0 13.64739744" Properties=species:S:1:pos:R:3:GW_charged:R:1:dKS_charged:R:1:dKS_neutral:R:1 pbc="T T T"
 18 17  0  0  0  0  0  0  0  0999 V2000
    7.5014    7.7223    6.9972 C   0  0  0  0  0  0  0  0  0  0  0  0
    7.5570    6.1949    7.0207 C   0  0  0  0  0  0  0  0  0  0  0  0
    8.2766    5.6451    8.2521 C   0  0  0  0  0  0  0  0  0  0  0  0
    6.1434    5.5983    6.9063 C   0  0  0  0  0  0  0  0  0  0  0  0
    5.3880    6.0051    8.0471 O   0  0  0  0  0  0  0  0  0  0  0  0
    8.1717    5.6756    5.7814 O   0  0  0  0  0  0  0  0  0  0  0  0
    9.4543    5.9832    5.4974 C   0  0  0  0  0  0  0  0  0  0  0  0
   10.0023    5.5851    4.5000 O   0  0  0  0  0  0  0  0  0  0  0  0
    8.4934    8.1730    7.1285 H   0  0  0  0  0  0  0  0  0  0  0  0
    7.0784    8.0761    6.0480 H   0  0  0  0  0  0  0  0  0  0  0  0
    6.8587    8.0737    7.8138 H   0  0  0  0  0  0  0  0  0  0  0  0
    7.6828    5.8666    9.1474 H   0  0  0  0  0  0  0  0  0  0  0  0
    8.3916    4.5561    8.1746 H   0  0  0  0  0  0  0  0  0  0  0  0
    9.2693    6.0938    8.3839 H   0  0  0  0  0  0  0  0  0  0  0  0
    5.6883    5.9580    5.9676 H   0  0  0  0  0  0  0  0  0  0  0  0
    6.2325    4.5000    6.8477 H   0  0  0  0  0  0  0  0  0  0  0  0
    4.5000    5.6282    7.9716 H   0  0  0  0  0  0  0  0  0  0  0  0
    9.9502    6.6258    6.2541 H   0  0  0  0  0  0  0  0  0  0  0  0
  1  2  1  0  0  0  0
  1  9  1  0  0  0  0
  1 11  1  0  0  0  0
  2  3  1  0  0  0  0
  3 14  1  0  0  0  0
  3 12  1  0  0  0  0
  4  2  1  0  0  0  0
  4  5  1  0  0  0  0
  6  2  1  0  0  0  0
  7  6  1  0  0  0  0
  7 18  1  0  0  0  0
  8  7  2  0  0  0  0
 10  1  1  0  0  0  0
 13  3  1  0  0  0  0
 15  4  1  0  0  0  0
 16  4  1  0  0  0  0
 17  5  1  0  0  0  0
M  END
