Lattice="14.95981276 0.0 0.0 0.0 13.15992823 0.0 0.0 0.0 11.87621285" Properties=species:S:1:pos:R:3:GW_charged:R:1:dKS_charged:R:1:dKS_neutral:R:1 pbc="T T T"
 OpenBabel12102409323D
Lattice="14.95981276 0.0 0.0 0.0 13.15992823 0.0 0.0 0.0 11.87621285" Properties=species:S:1:pos:R:3:GW_charged:R:1:dKS_charged:R:1:dKS_neutral:R:1 pbc="T T T"
 15 15  0  0  1  0  0  0  0  0999 V2000
    7.3497    8.1185    6.3901 C   0  0  0  0  0  0  0  0  0  0  0  0
    7.6091    6.6180    6.3730 C   0  0  1  0  0  0  0  0  0  0  0  0
    8.4285    6.0547    5.1713 C   0  0  0  0  0  0  0  0  0  0  0  0
    9.4349    5.5895    6.2329 C   0  0  0  0  0  0  0  0  0  0  0  0
    8.6988    6.2539    7.2981 O   0  0  0  0  0  0  0  0  0  0  0  0
    6.3938    5.8619    6.6666 C   0  0  0  0  0  0  0  0  0  0  0  0
    5.3865    5.2320    6.9005 C   0  0  0  0  0  0  0  0  0  0  0  0
    8.2798    8.6599    6.1756 H   0  0  0  0  0  0  0  0  0  0  0  0
    6.5947    8.3836    5.6377 H   0  0  0  0  0  0  0  0  0  0  0  0
    6.9790    8.4257    7.3762 H   0  0  0  0  0  0  0  0  0  0  0  0
    7.9316    5.2726    4.5903 H   0  0  0  0  0  0  0  0  0  0  0  0
    8.7940    6.8400    4.5000 H   0  0  0  0  0  0  0  0  0  0  0  0
    9.4721    4.5000    6.3904 H   0  0  0  0  0  0  0  0  0  0  0  0
   10.4598    5.9797    6.1496 H   0  0  0  0  0  0  0  0  0  0  0  0
    4.5000    4.6742    7.1177 H   0  0  0  0  0  0  0  0  0  0  0  0
  1 10  1  0  0  0  0
  2  1  1  0  0  0  0
  2  6  1  1  0  0  0
  2  5  1  0  0  0  0
  3  4  1  0  0  0  0
  3  2  1  0  0  0  0
  4 13  1  0  0  0  0
  4  5  1  0  0  0  0
  6  7  3  0  0  0  0
  7 15  1  0  0  0  0
  8  1  1  0  0  0  0
  9  1  1  0  0  0  0
 11  3  1  0  0  0  0
 12  3  1  0  0  0  0
 14  4  1  0  0  0  0
M  END
