Lattice="13.30029657 0.0 0.0 0.0 16.36297237 0.0 0.0 0.0 13.20199635" Properties=species:S:1:pos:R:3:GW_charged:R:1:dKS_charged:R:1:dKS_neutral:R:1 pbc="T T T"
 OpenBabel12102409453D
Lattice="13.30029657 0.0 0.0 0.0 16.36297237 0.0 0.0 0.0 13.20199635" Properties=species:S:1:pos:R:3:GW_charged:R:1:dKS_charged:R:1:dKS_neutral:R:1 pbc="T T T"
 21 22  0  0  1  0  0  0  0  0999 V2000
    6.6760    5.5684    6.4294 C   0  0  0  0  0  0  0  0  0  0  0  0
    6.6548    6.7799    6.4719 C   0  0  0  0  0  0  0  0  0  0  0  0
    6.6381    8.2253    6.5284 C   0  0  1  0  0  0  0  0  0  0  0  0
    6.4685    8.9225    7.9251 C   0  0  0  0  0  0  0  0  0  0  0  0
    7.3688   10.0580    7.3595 C   0  0  1  0  0  0  0  0  0  0  0  0
    8.0025    8.9854    6.4369 C   0  0  0  0  0  0  0  0  0  0  0  0
    6.5485   11.0437    6.5147 C   0  0  0  0  0  0  0  0  0  0  0  0
    5.3631   10.3255    5.8337 C   0  0  0  0  0  0  0  0  0  0  0  0
    5.6599    8.8489    5.4996 C   0  0  0  0  0  0  0  0  0  0  0  0
    6.6957    4.5000    6.3933 H   0  0  0  0  0  0  0  0  0  0  0  0
    5.4503    9.1576    8.2622 H   0  0  0  0  0  0  0  0  0  0  0  0
    6.9840    8.3459    8.7020 H   0  0  0  0  0  0  0  0  0  0  0  0
    8.0347   10.5760    8.0611 H   0  0  0  0  0  0  0  0  0  0  0  0
    8.8003    8.4228    6.9372 H   0  0  0  0  0  0  0  0  0  0  0  0
    8.3350    9.2898    5.4341 H   0  0  0  0  0  0  0  0  0  0  0  0
    6.1665   11.8630    7.1420 H   0  0  0  0  0  0  0  0  0  0  0  0
    7.2128   11.5063    5.7676 H   0  0  0  0  0  0  0  0  0  0  0  0
    4.5000   10.3587    6.5135 H   0  0  0  0  0  0  0  0  0  0  0  0
    5.0483   10.8642    4.9295 H   0  0  0  0  0  0  0  0  0  0  0  0
    6.1083    8.7433    4.5000 H   0  0  0  0  0  0  0  0  0  0  0  0
    4.7236    8.2737    5.4871 H   0  0  0  0  0  0  0  0  0  0  0  0
  1  2  3  0  0  0  0
  3  2  1  1  0  0  0
  3  4  1  0  0  0  0
  4 11  1  0  0  0  0
  4 12  1  0  0  0  0
  5  4  1  0  0  0  0
  5 13  1  1  0  0  0
  6  3  1  0  0  0  0
  6 14  1  0  0  0  0
  6  5  1  0  0  0  0
  7 16  1  0  0  0  0
  7  5  1  0  0  0  0
  8 18  1  0  0  0  0
  8  7  1  0  0  0  0
  9  8  1  0  0  0  0
  9  3  1  0  0  0  0
 10  1  1  0  0  0  0
 15  6  1  0  0  0  0
 17  7  1  0  0  0  0
 19  8  1  0  0  0  0
 20  9  1  0  0  0  0
 21  9  1  0  0  0  0
M  END
