Lattice="14.74025958 0.0 0.0 0.0 14.35878044 0.0 0.0 0.0 12.30139062" Properties=species:S:1:pos:R:3:GW_charged:R:1:dKS_charged:R:1:dKS_neutral:R:1 pbc="T T T"
 OpenBabel12102409423D
Lattice="14.74025958 0.0 0.0 0.0 14.35878044 0.0 0.0 0.0 12.30139062" Properties=species:S:1:pos:R:3:GW_charged:R:1:dKS_charged:R:1:dKS_neutral:R:1 pbc="T T T"
 19 20  0  0  0  0  0  0  0  0999 V2000
    5.4073    8.6541    5.5693 C   0  0  0  0  0  0  0  0  0  0  0  0
    6.6761    9.2220    6.2478 C   0  0  0  0  0  0  0  0  0  0  0  0
    7.4107    7.9808    6.6976 C   0  0  0  0  0  0  0  0  0  0  0  0
    8.7390    7.8384    7.0956 C   0  0  0  0  0  0  0  0  0  0  0  0
    9.2008    6.5793    7.4931 C   0  0  0  0  0  0  0  0  0  0  0  0
    8.3395    5.4778    7.4954 C   0  0  0  0  0  0  0  0  0  0  0  0
    7.0054    5.6213    7.1002 C   0  0  0  0  0  0  0  0  0  0  0  0
    6.5461    6.8750    6.6999 C   0  0  0  0  0  0  0  0  0  0  0  0
    5.1634    7.2875    6.2518 C   0  0  0  0  0  0  0  0  0  0  0  0
    4.5449    9.3286    5.6415 H   0  0  0  0  0  0  0  0  0  0  0  0
    5.6094    8.4938    4.5000 H   0  0  0  0  0  0  0  0  0  0  0  0
    7.2711    9.8588    5.5788 H   0  0  0  0  0  0  0  0  0  0  0  0
    6.4125    9.8420    7.1223 H   0  0  0  0  0  0  0  0  0  0  0  0
    9.4152    8.6950    7.0921 H   0  0  0  0  0  0  0  0  0  0  0  0
   10.2403    6.4540    7.7973 H   0  0  0  0  0  0  0  0  0  0  0  0
    8.7124    4.5000    7.8014 H   0  0  0  0  0  0  0  0  0  0  0  0
    6.3372    4.7585    7.1003 H   0  0  0  0  0  0  0  0  0  0  0  0
    4.5000    7.3961    7.1275 H   0  0  0  0  0  0  0  0  0  0  0  0
    4.6875    6.5548    5.5857 H   0  0  0  0  0  0  0  0  0  0  0  0
  1 10  1  0  0  0  0
  1  2  1  0  0  0  0
  1  9  1  0  0  0  0
  2  3  1  0  0  0  0
  2 13  1  0  0  0  0
  3  8  2  0  0  0  0
  3  4  1  0  0  0  0
  4  5  2  0  0  0  0
  5  6  1  0  0  0  0
  5 15  1  0  0  0  0
  6 16  1  0  0  0  0
  7 17  1  0  0  0  0
  7  6  2  0  0  0  0
  8  7  1  0  0  0  0
  9  8  1  0  0  0  0
  9 18  1  0  0  0  0
 11  1  1  0  0  0  0
 12  2  1  0  0  0  0
 14  4  1  0  0  0  0
 19  9  1  0  0  0  0
M  END
