Lattice="14.15816424 0.0 0.0 0.0 13.72217275 0.0 0.0 0.0 15.43728108" Properties=species:S:1:pos:R:3:GW_charged:R:1:dKS_charged:R:1:dKS_neutral:R:1 pbc="T T T"
 OpenBabel12102411083D
Lattice="14.15816424 0.0 0.0 0.0 13.72217275 0.0 0.0 0.0 15.43728108" Properties=species:S:1:pos:R:3:GW_charged:R:1:dKS_charged:R:1:dKS_neutral:R:1 pbc="T T T"
 25 25  0  0  0  0  0  0  0  0999 V2000
    6.3890    8.7385    8.7923 C   0  0  0  0  0  0  0  0  0  0  0  0
    6.5149    7.2068    8.7591 C   0  0  0  0  0  0  0  0  0  0  0  0
    7.2121    6.7355   10.0551 C   0  0  0  0  0  0  0  0  0  0  0  0
    5.0951    6.5965    8.6966 C   0  0  0  0  0  0  0  0  0  0  0  0
    7.3125    6.7372    7.5554 C   0  0  0  0  0  0  0  0  0  0  0  0
    7.8023    7.4839    6.5509 C   0  0  0  0  0  0  0  0  0  0  0  0
    8.5714    6.6730    5.5404 C   0  0  0  0  0  0  0  0  0  0  0  0
    8.1742    5.2212    5.8921 C   0  0  0  0  0  0  0  0  0  0  0  0
    7.7102    5.2813    7.3626 C   0  0  0  0  0  0  0  0  0  0  0  0
    7.3738    9.2222    8.8538 H   0  0  0  0  0  0  0  0  0  0  0  0
    5.8758    9.1209    7.8991 H   0  0  0  0  0  0  0  0  0  0  0  0
    5.8058    9.0516    9.6698 H   0  0  0  0  0  0  0  0  0  0  0  0
    6.6568    7.0851   10.9373 H   0  0  0  0  0  0  0  0  0  0  0  0
    7.2698    5.6401   10.1114 H   0  0  0  0  0  0  0  0  0  0  0  0
    8.2351    7.1323   10.1176 H   0  0  0  0  0  0  0  0  0  0  0  0
    4.5737    6.9163    7.7842 H   0  0  0  0  0  0  0  0  0  0  0  0
    5.1223    5.4985    8.7040 H   0  0  0  0  0  0  0  0  0  0  0  0
    4.5000    6.9200    9.5630 H   0  0  0  0  0  0  0  0  0  0  0  0
    7.7057    8.5662    6.4718 H   0  0  0  0  0  0  0  0  0  0  0  0
    8.3300    6.9373    4.5000 H   0  0  0  0  0  0  0  0  0  0  0  0
    9.6582    6.8397    5.6539 H   0  0  0  0  0  0  0  0  0  0  0  0
    7.3304    4.9133    5.2576 H   0  0  0  0  0  0  0  0  0  0  0  0
    8.9850    4.5000    5.7274 H   0  0  0  0  0  0  0  0  0  0  0  0
    8.5302    5.0196    8.0548 H   0  0  0  0  0  0  0  0  0  0  0  0
    6.8956    4.5732    7.5740 H   0  0  0  0  0  0  0  0  0  0  0  0
  1 10  1  0  0  0  0
  1 12  1  0  0  0  0
  2  1  1  0  0  0  0
  2  3  1  0  0  0  0
  3 14  1  0  0  0  0
  3 15  1  0  0  0  0
  3 13  1  0  0  0  0
  4 17  1  0  0  0  0
  4  2  1  0  0  0  0
  4 18  1  0  0  0  0
  5  2  1  0  0  0  0
  6  5  2  0  0  0  0
  7 21  1  0  0  0  0
  7  8  1  0  0  0  0
  7  6  1  0  0  0  0
  8  9  1  0  0  0  0
  9  5  1  0  0  0  0
  9 25  1  0  0  0  0
  9 24  1  0  0  0  0
 11  1  1  0  0  0  0
 16  4  1  0  0  0  0
 19  6  1  0  0  0  0
 20  7  1  0  0  0  0
 22  8  1  0  0  0  0
 23  8  1  0  0  0  0
M  END
