Lattice="14.55843236 0.0 0.0 0.0 15.28053974 0.0 0.0 0.0 14.69585562" Properties=species:S:1:pos:R:3:GW_charged:R:1:dKS_charged:R:1:dKS_neutral:R:1 pbc="T T T"
 OpenBabel12102409463D
Lattice="14.55843236 0.0 0.0 0.0 15.28053974 0.0 0.0 0.0 14.69585562" Properties=species:S:1:pos:R:3:GW_charged:R:1:dKS_charged:R:1:dKS_neutral:R:1 pbc="T T T"
 21 22  0  0  1  0  0  0  0  0999 V2000
    4.9738    5.3186    4.9986 C   0  0  0  0  0  0  0  0  0  0  0  0
    5.5047    6.2540    5.5577 C   0  0  0  0  0  0  0  0  0  0  0  0
    6.1630    7.3400    6.2488 C   0  0  1  0  0  0  0  0  0  0  0  0
    6.1890    7.3287    7.8131 C   0  0  0  0  0  0  0  0  0  0  0  0
    7.6732    7.7996    7.7723 C   0  0  1  0  0  0  0  0  0  0  0  0
    7.7269    7.3755    6.2745 C   0  0  0  0  0  0  0  0  0  0  0  0
    7.8681    9.2754    8.0120 C   0  0  0  0  0  0  0  0  0  0  0  0
    8.1720    9.7825    9.4000 C   0  0  0  0  0  0  0  0  0  0  0  0
    9.2404    9.8151    8.3310 C   0  0  0  0  0  0  0  0  0  0  0  0
    4.5000    4.5000    4.5000 H   0  0  0  0  0  0  0  0  0  0  0  0
    5.7670    8.2991    5.8822 H   0  0  0  0  0  0  0  0  0  0  0  0
    5.4696    7.9825    8.3218 H   0  0  0  0  0  0  0  0  0  0  0  0
    6.0830    6.3085    8.2009 H   0  0  0  0  0  0  0  0  0  0  0  0
    8.3499    7.2364    8.4315 H   0  0  0  0  0  0  0  0  0  0  0  0
    8.1455    6.3713    6.1375 H   0  0  0  0  0  0  0  0  0  0  0  0
    8.2148    8.0661    5.5753 H   0  0  0  0  0  0  0  0  0  0  0  0
    7.2369    9.9270    7.4011 H   0  0  0  0  0  0  0  0  0  0  0  0
    7.7314   10.7257    9.7190 H   0  0  0  0  0  0  0  0  0  0  0  0
    8.2723    9.0446   10.1959 H   0  0  0  0  0  0  0  0  0  0  0  0
   10.0584    9.0990    8.4086 H   0  0  0  0  0  0  0  0  0  0  0  0
    9.5299   10.7805    7.9193 H   0  0  0  0  0  0  0  0  0  0  0  0
  1  2  3  0  0  0  0
  2  3  1  0  0  0  0
  3 11  1  6  0  0  0
  3  6  1  0  0  0  0
  3  4  1  0  0  0  0
  4 13  1  0  0  0  0
  4 12  1  0  0  0  0
  5  4  1  0  0  0  0
  5  7  1  0  0  0  0
  5 14  1  1  0  0  0
  6  5  1  0  0  0  0
  7  9  1  0  0  0  0
  7  8  1  0  0  0  0
  8 18  1  0  0  0  0
  8 19  1  0  0  0  0
  9 20  1  0  0  0  0
  9  8  1  0  0  0  0
 10  1  1  0  0  0  0
 15  6  1  0  0  0  0
 16  6  1  0  0  0  0
 17  7  1  0  0  0  0
 21  9  1  0  0  0  0
M  END
