Lattice="12.297409179999999 0.0 0.0 0.0 13.48970167 0.0 0.0 0.0 14.66071722" Properties=species:S:1:pos:R:3:GW_charged:R:1:dKS_charged:R:1:dKS_neutral:R:1 pbc="T T T"
 OpenBabel12102409403D
Lattice="12.297409179999999 0.0 0.0 0.0 13.48970167 0.0 0.0 0.0 14.66071722" Properties=species:S:1:pos:R:3:GW_charged:R:1:dKS_charged:R:1:dKS_neutral:R:1 pbc="T T T"
 18 17  0  0  1  0  0  0  0  0999 V2000
    5.3288    8.4830    5.7055 C   0  0  0  0  0  0  0  0  0  0  0  0
    5.4926    6.9646    5.7007 C   0  0  1  0  0  0  0  0  0  0  0  0
    6.1139    6.5151    4.5000 O   0  0  0  0  0  0  0  0  0  0  0  0
    6.3058    6.4111    6.9254 C   0  0  1  0  0  0  0  0  0  0  0  0
    6.3033    4.8786    6.9335 C   0  0  0  0  0  0  0  0  0  0  0  0
    7.6941    6.8116    6.7599 O   0  0  0  0  0  0  0  0  0  0  0  0
    5.7761    6.9273    8.1877 C   0  0  0  0  0  0  0  0  0  0  0  0
    5.3456    7.3584    9.2345 C   0  0  0  0  0  0  0  0  0  0  0  0
    6.3056    8.9897    5.6960 H   0  0  0  0  0  0  0  0  0  0  0  0
    4.7893    8.7887    4.8011 H   0  0  0  0  0  0  0  0  0  0  0  0
    4.7683    8.8275    6.5837 H   0  0  0  0  0  0  0  0  0  0  0  0
    4.5000    6.4890    5.7198 H   0  0  0  0  0  0  0  0  0  0  0  0
    7.0576    6.7432    4.5886 H   0  0  0  0  0  0  0  0  0  0  0  0
    6.7080    4.5081    5.9849 H   0  0  0  0  0  0  0  0  0  0  0  0
    6.9188    4.5117    7.7622 H   0  0  0  0  0  0  0  0  0  0  0  0
    5.2811    4.5000    7.0541 H   0  0  0  0  0  0  0  0  0  0  0  0
    7.7974    7.6884    7.1632 H   0  0  0  0  0  0  0  0  0  0  0  0
    4.9650    7.7348   10.1607 H   0  0  0  0  0  0  0  0  0  0  0  0
  1 11  1  0  0  0  0
  2  1  1  0  0  0  0
  2 12  1  1  0  0  0
  2  4  1  0  0  0  0
  3 13  1  0  0  0  0
  3  2  1  0  0  0  0
  4  5  1  0  0  0  0
  4  7  1  1  0  0  0
  5 16  1  0  0  0  0
  5 15  1  0  0  0  0
  6  4  1  0  0  0  0
  6 17  1  0  0  0  0
  7  8  3  0  0  0  0
  8 18  1  0  0  0  0
  9  1  1  0  0  0  0
 10  1  1  0  0  0  0
 14  5  1  0  0  0  0
M  END
