Lattice="13.32604255 0.0 0.0 0.0 16.14510959 0.0 0.0 0.0 13.11556029" Properties=species:S:1:pos:R:3:GW_charged:R:1:dKS_charged:R:1:dKS_neutral:R:1 pbc="T T T"
 OpenBabel12102409453D
Lattice="13.32604255 0.0 0.0 0.0 16.14510959 0.0 0.0 0.0 13.11556029" Properties=species:S:1:pos:R:3:GW_charged:R:1:dKS_charged:R:1:dKS_neutral:R:1 pbc="T T T"
 19 20  0  0  1  0  0  0  0  0999 V2000
    6.7724    5.5656    6.4418 C   0  0  0  0  0  0  0  0  0  0  0  0
    6.6717    6.7758    6.3832 C   0  0  0  0  0  0  0  0  0  0  0  0
    6.6201    8.1809    6.3045 C   0  0  0  0  0  0  0  0  0  0  0  0
    5.5375    8.9972    6.3360 C   0  0  0  0  0  0  0  0  0  0  0  0
    6.0386   10.4215    6.3984 C   0  0  1  0  0  0  0  0  0  0  0  0
    6.6497   10.5959    7.8338 C   0  0  0  0  0  0  0  0  0  0  0  0
    7.9003    9.6705    7.7922 C   0  0  0  0  0  0  0  0  0  0  0  0
    7.8548    9.0865    6.3428 C   0  0  2  0  0  0  0  0  0  0  0  0
    7.3274   10.3020    5.5541 C   0  0  0  0  0  0  0  0  0  0  0  0
    6.8424    4.5000    6.4937 H   0  0  0  0  0  0  0  0  0  0  0  0
    4.5000    8.6867    6.4412 H   0  0  0  0  0  0  0  0  0  0  0  0
    5.3199   11.1981    6.1163 H   0  0  0  0  0  0  0  0  0  0  0  0
    6.9304   11.6451    8.0012 H   0  0  0  0  0  0  0  0  0  0  0  0
    5.9341   10.3144    8.6156 H   0  0  0  0  0  0  0  0  0  0  0  0
    8.8260   10.2427    7.9417 H   0  0  0  0  0  0  0  0  0  0  0  0
    7.8740    8.8767    8.5482 H   0  0  0  0  0  0  0  0  0  0  0  0
    8.7855    8.6211    6.0037 H   0  0  0  0  0  0  0  0  0  0  0  0
    7.1264   10.0725    4.5000 H   0  0  0  0  0  0  0  0  0  0  0  0
    7.9807   11.1836    5.6269 H   0  0  0  0  0  0  0  0  0  0  0  0
  1 10  1  0  0  0  0
  2  1  3  0  0  0  0
  3  4  2  0  0  0  0
  3  8  1  0  0  0  0
  3  2  1  0  0  0  0
  4  5  1  0  0  0  0
  4 11  1  0  0  0  0
  5 12  1  6  0  0  0
  5  6  1  0  0  0  0
  6 13  1  0  0  0  0
  6 14  1  0  0  0  0
  7  6  1  0  0  0  0
  7 15  1  0  0  0  0
  7 16  1  0  0  0  0
  8 17  1  6  0  0  0
  8  7  1  0  0  0  0
  9 19  1  0  0  0  0
  9  8  1  0  0  0  0
  9  5  1  0  0  0  0
 18  9  1  0  0  0  0
M  END
