Lattice="12.895859 0.0 0.0 0.0 13.02118294 0.0 0.0 0.0 13.9774977" Properties=species:S:1:pos:R:3:GW_charged:R:1:dKS_charged:R:1:dKS_neutral:R:1 pbc="T T T"
 OpenBabel12102410123D
Lattice="12.895859 0.0 0.0 0.0 13.02118294 0.0 0.0 0.0 13.9774977" Properties=species:S:1:pos:R:3:GW_charged:R:1:dKS_charged:R:1:dKS_neutral:R:1 pbc="T T T"
 21 24  0  0  1  0  0  0  0  0999 V2000
    5.3385    7.9054    8.5018 C   0  0  0  0  0  0  0  0  0  0  0  0
    6.6608    7.1909    8.4167 C   0  0  1  0  0  0  0  0  0  0  0  0
    5.3626    6.3942    8.4048 C   0  0  2  0  0  0  0  0  0  0  0  0
    5.3553    5.6904    7.0282 C   0  0  1  0  0  0  0  0  0  0  0  0
    5.1602    6.7188    5.8831 C   0  0  0  0  0  0  0  0  0  0  0  0
    6.6491    7.0779    5.6722 C   0  0  2  0  0  0  0  0  0  0  0  0
    7.1821    5.6670    5.2904 C   0  0  0  0  0  0  0  0  0  0  0  0
    6.8736    5.3614    6.7719 C   0  0  1  0  0  0  0  0  0  0  0  0
    7.3137    6.8212    7.0921 C   0  0  2  0  0  0  0  0  0  0  0  0
    5.0779    8.3166    9.4775 H   0  0  0  0  0  0  0  0  0  0  0  0
    4.9982    8.5212    7.6725 H   0  0  0  0  0  0  0  0  0  0  0  0
    7.3108    7.2069    9.2923 H   0  0  0  0  0  0  0  0  0  0  0  0
    5.0390    5.8235    9.2753 H   0  0  0  0  0  0  0  0  0  0  0  0
    4.6681    4.8371    6.9921 H   0  0  0  0  0  0  0  0  0  0  0  0
    4.7488    6.2527    4.9762 H   0  0  0  0  0  0  0  0  0  0  0  0
    4.5000    7.5506    6.1457 H   0  0  0  0  0  0  0  0  0  0  0  0
    6.8851    7.9677    5.0771 H   0  0  0  0  0  0  0  0  0  0  0  0
    6.6474    5.1219    4.5000 H   0  0  0  0  0  0  0  0  0  0  0  0
    8.2619    5.6522    5.0938 H   0  0  0  0  0  0  0  0  0  0  0  0
    7.2923    4.5000    7.3073 H   0  0  0  0  0  0  0  0  0  0  0  0
    8.3959    6.9943    7.0592 H   0  0  0  0  0  0  0  0  0  0  0  0
  1 10  1  0  0  0  0
  2  1  1  0  0  0  0
  2 12  1  1  0  0  0
  3  2  1  0  0  0  0
  3  1  1  0  0  0  0
  3 13  1  1  0  0  0
  4 14  1  6  0  0  0
  4  3  1  0  0  0  0
  5 16  1  0  0  0  0
  5  4  1  0  0  0  0
  6 17  1  6  0  0  0
  6  5  1  0  0  0  0
  6  9  1  0  0  0  0
  7  6  1  0  0  0  0
  7  8  1  0  0  0  0
  8  4  1  0  0  0  0
  8  9  1  0  0  0  0
  8 20  1  1  0  0  0
  9 21  1  1  0  0  0
  9  2  1  0  0  0  0
 11  1  1  0  0  0  0
 15  5  1  0  0  0  0
 18  7  1  0  0  0  0
 19  7  1  0  0  0  0
M  END
