Lattice="12.62594735 0.0 0.0 0.0 14.969999739999999 0.0 0.0 0.0 12.972715879999999" Properties=species:S:1:pos:R:3:GW_charged:R:1:dKS_charged:R:1:dKS_neutral:R:1 pbc="T T T"
 OpenBabel12102409323D
Lattice="12.62594735 0.0 0.0 0.0 14.969999739999999 0.0 0.0 0.0 12.972715879999999" Properties=species:S:1:pos:R:3:GW_charged:R:1:dKS_charged:R:1:dKS_neutral:R:1 pbc="T T T"
 19 19  0  0  1  0  0  0  0  0999 V2000
    6.0853   10.0440    7.4697 C   0  0  0  0  0  0  0  0  0  0  0  0
    6.1364    8.5157    7.4889 C   0  0  0  0  0  0  0  0  0  0  0  0
    6.3850    7.9169    6.0985 C   0  0  0  0  0  0  0  0  0  0  0  0
    6.5613    6.4085    6.0865 C   0  0  1  0  0  0  0  0  0  0  0  0
    5.3937    5.5681    6.5541 C   0  0  0  0  0  0  0  0  0  0  0  0
    7.5513    5.8155    5.1701 C   0  0  0  0  0  0  0  0  0  0  0  0
    7.8559    5.9559    6.5681 O   0  0  0  0  0  0  0  0  0  0  0  0
    7.0312   10.4700    7.1047 H   0  0  0  0  0  0  0  0  0  0  0  0
    5.2836   10.4103    6.8114 H   0  0  0  0  0  0  0  0  0  0  0  0
    5.9029   10.4528    8.4727 H   0  0  0  0  0  0  0  0  0  0  0  0
    6.9346    8.1771    8.1675 H   0  0  0  0  0  0  0  0  0  0  0  0
    5.1931    8.1259    7.9025 H   0  0  0  0  0  0  0  0  0  0  0  0
    5.5517    8.1806    5.4244 H   0  0  0  0  0  0  0  0  0  0  0  0
    7.2909    8.3708    5.6675 H   0  0  0  0  0  0  0  0  0  0  0  0
    4.5000    5.7749    5.9478 H   0  0  0  0  0  0  0  0  0  0  0  0
    5.6286    4.5000    6.4750 H   0  0  0  0  0  0  0  0  0  0  0  0
    5.1468    5.7837    7.6026 H   0  0  0  0  0  0  0  0  0  0  0  0
    7.4200    4.7854    4.8229 H   0  0  0  0  0  0  0  0  0  0  0  0
    8.1259    6.4634    4.5000 H   0  0  0  0  0  0  0  0  0  0  0  0
  1  2  1  0  0  0  0
  1 10  1  0  0  0  0
  2 12  1  0  0  0  0
  2 11  1  0  0  0  0
  3  2  1  0  0  0  0
  4  3  1  6  0  0  0
  4  5  1  0  0  0  0
  4  7  1  0  0  0  0
  5 17  1  0  0  0  0
  6  4  1  0  0  0  0
  6  7  1  0  0  0  0
  8  1  1  0  0  0  0
  9  1  1  0  0  0  0
 13  3  1  0  0  0  0
 14  3  1  0  0  0  0
 15  5  1  0  0  0  0
 16  5  1  0  0  0  0
 18  6  1  0  0  0  0
 19  6  1  0  0  0  0
M  END
