Lattice="13.78796751 0.0 0.0 0.0 16.071646299999998 0.0 0.0 0.0 12.59259218" Properties=species:S:1:pos:R:3:GW_charged:R:1:dKS_charged:R:1:dKS_neutral:R:1 pbc="T T T"
 OpenBabel12102410113D
Lattice="13.78796751 0.0 0.0 0.0 16.071646299999998 0.0 0.0 0.0 12.59259218" Properties=species:S:1:pos:R:3:GW_charged:R:1:dKS_charged:R:1:dKS_neutral:R:1 pbc="T T T"
 21 22  0  0  1  0  0  0  0  0999 V2000
    5.2497    5.5631    6.8103 C   0  0  0  0  0  0  0  0  0  0  0  0
    5.2144    6.7662    6.9424 C   0  0  0  0  0  0  0  0  0  0  0  0
    5.2166    8.2160    7.0904 C   0  0  0  0  0  0  0  0  0  0  0  0
    6.6166    8.8192    6.9156 C   0  0  1  0  0  0  0  0  0  0  0  0
    7.2241    8.8313    5.4761 C   0  0  1  0  0  0  0  0  0  0  0  0
    6.3930   10.1230    5.2261 C   0  0  0  0  0  0  0  0  0  0  0  0
    6.6977   10.3692    6.7323 C   0  0  2  0  0  0  0  0  0  0  0  0
    8.2223   10.5858    6.7087 C   0  0  0  0  0  0  0  0  0  0  0  0
    8.6237    9.4112    5.7508 C   0  0  0  0  0  0  0  0  0  0  0  0
    5.2688    4.5000    6.6972 H   0  0  0  0  0  0  0  0  0  0  0  0
    4.5000    8.6493    6.3756 H   0  0  0  0  0  0  0  0  0  0  0  0
    4.8378    8.4770    8.0926 H   0  0  0  0  0  0  0  0  0  0  0  0
    7.2757    8.4003    7.6927 H   0  0  0  0  0  0  0  0  0  0  0  0
    7.1544    7.9553    4.8214 H   0  0  0  0  0  0  0  0  0  0  0  0
    6.7821   10.8507    4.5000 H   0  0  0  0  0  0  0  0  0  0  0  0
    5.3358    9.9299    5.0163 H   0  0  0  0  0  0  0  0  0  0  0  0
    6.0977   11.0536    7.3448 H   0  0  0  0  0  0  0  0  0  0  0  0
    8.4957   11.5716    6.3092 H   0  0  0  0  0  0  0  0  0  0  0  0
    8.6723   10.4906    7.7062 H   0  0  0  0  0  0  0  0  0  0  0  0
    9.2880    8.6814    6.2329 H   0  0  0  0  0  0  0  0  0  0  0  0
    9.1172    9.7617    4.8344 H   0  0  0  0  0  0  0  0  0  0  0  0
  1  2  3  0  0  0  0
  2  3  1  0  0  0  0
  3 12  1  0  0  0  0
  4  3  1  0  0  0  0
  4 13  1  1  0  0  0
  5 14  1  6  0  0  0
  5  9  1  0  0  0  0
  5  4  1  0  0  0  0
  6  5  1  0  0  0  0
  6  7  1  0  0  0  0
  7  4  1  0  0  0  0
  7 17  1  1  0  0  0
  8  7  1  0  0  0  0
  8 19  1  0  0  0  0
  9 20  1  0  0  0  0
  9  8  1  0  0  0  0
 10  1  1  0  0  0  0
 11  3  1  0  0  0  0
 15  6  1  0  0  0  0
 16  6  1  0  0  0  0
 18  8  1  0  0  0  0
 21  9  1  0  0  0  0
M  END
