Lattice="13.0606352 0.0 0.0 0.0 13.28563095 0.0 0.0 0.0 13.88473257" Properties=species:S:1:pos:R:3:GW_charged:R:1:dKS_charged:R:1:dKS_neutral:R:1 pbc="T T T"
 OpenBabel12102411043D
Lattice="13.0606352 0.0 0.0 0.0 13.28563095 0.0 0.0 0.0 13.88473257" Properties=species:S:1:pos:R:3:GW_charged:R:1:dKS_charged:R:1:dKS_neutral:R:1 pbc="T T T"
 21 23  0  0  1  0  0  0  0  0999 V2000
    5.2666    7.2164    8.0276 C   0  0  0  0  0  0  0  0  0  0  0  0
    6.6648    7.7871    7.8507 C   0  0  1  0  0  0  0  0  0  0  0  0
    7.6511    6.6533    8.0852 C   0  0  1  0  0  0  0  0  0  0  0  0
    6.8475    5.3838    8.3094 C   0  0  0  0  0  0  0  0  0  0  0  0
    5.4129    5.6962    7.8146 C   0  0  2  0  0  0  0  0  0  0  0  0
    5.1833    5.2601    6.4633 O   0  0  0  0  0  0  0  0  0  0  0  0
    5.6175    6.1383    5.4297 C   0  0  0  0  0  0  0  0  0  0  0  0
    7.0924    6.5345    5.4800 C   0  0  0  0  0  0  0  0  0  0  0  0
    7.5513    7.2924    6.7190 C   0  0  1  0  0  0  0  0  0  0  0  0
    4.9398    7.3960    9.0639 H   0  0  0  0  0  0  0  0  0  0  0  0
    4.5000    7.6562    7.3755 H   0  0  0  0  0  0  0  0  0  0  0  0
    6.8621    8.7856    8.2400 H   0  0  0  0  0  0  0  0  0  0  0  0
    8.5606    6.8066    8.6655 H   0  0  0  0  0  0  0  0  0  0  0  0
    7.2457    4.5000    7.7909 H   0  0  0  0  0  0  0  0  0  0  0  0
    6.8206    5.1474    9.3847 H   0  0  0  0  0  0  0  0  0  0  0  0
    4.6681    5.1342    8.3931 H   0  0  0  0  0  0  0  0  0  0  0  0
    5.4140    5.5895    4.5000 H   0  0  0  0  0  0  0  0  0  0  0  0
    4.9945    7.0516    5.4077 H   0  0  0  0  0  0  0  0  0  0  0  0
    7.7166    5.6357    5.3448 H   0  0  0  0  0  0  0  0  0  0  0  0
    7.2734    7.1703    4.5985 H   0  0  0  0  0  0  0  0  0  0  0  0
    8.3765    7.9757    6.5094 H   0  0  0  0  0  0  0  0  0  0  0  0
  1 10  1  0  0  0  0
  2  1  1  0  0  0  0
  2  3  1  0  0  0  0
  2 12  1  1  0  0  0
  3  4  1  0  0  0  0
  3 13  1  1  0  0  0
  4 15  1  0  0  0  0
  5  1  1  0  0  0  0
  5  4  1  0  0  0  0
  5 16  1  1  0  0  0
  6  5  1  0  0  0  0
  7  8  1  0  0  0  0
  7  6  1  0  0  0  0
  8  9  1  0  0  0  0
  9 21  1  6  0  0  0
  9  2  1  0  0  0  0
  9  3  1  0  0  0  0
 11  1  1  0  0  0  0
 14  4  1  0  0  0  0
 17  7  1  0  0  0  0
 18  7  1  0  0  0  0
 19  8  1  0  0  0  0
 20  8  1  0  0  0  0
M  END
