Lattice="12.44307699 0.0 0.0 0.0 13.599655030000001 0.0 0.0 0.0 12.80296064" Properties=species:S:1:pos:R:3:GW_charged:R:1:dKS_charged:R:1:dKS_neutral:R:1 pbc="T T T"
 OpenBabel12102409383D
Lattice="12.44307699 0.0 0.0 0.0 13.599655030000001 0.0 0.0 0.0 12.80296064" Properties=species:S:1:pos:R:3:GW_charged:R:1:dKS_charged:R:1:dKS_neutral:R:1 pbc="T T T"
 17 18  0  0  1  0  0  0  0  0999 V2000
    5.3264    8.6532    5.5010 C   0  0  0  0  0  0  0  0  0  0  0  0
    5.3868    7.1453    5.5555 C   0  0  1  0  0  0  0  0  0  0  0  0
    6.6316    6.3413    5.2936 C   0  0  1  0  0  0  0  0  0  0  0  0
    7.8106    7.0335    5.7471 O   0  0  0  0  0  0  0  0  0  0  0  0
    7.3107    6.9728    7.1195 C   0  0  0  0  0  0  0  0  0  0  0  0
    6.0026    6.3194    6.6786 C   0  0  1  0  0  0  0  0  0  0  0  0
    5.2756    5.2588    7.4492 C   0  0  0  0  0  0  0  0  0  0  0  0
    6.3060    9.0997    5.7149 H   0  0  0  0  0  0  0  0  0  0  0  0
    5.0258    8.9924    4.5000 H   0  0  0  0  0  0  0  0  0  0  0  0
    4.6010    9.0521    6.2243 H   0  0  0  0  0  0  0  0  0  0  0  0
    4.5000    6.6379    5.1621 H   0  0  0  0  0  0  0  0  0  0  0  0
    6.7579    5.5855    4.5172 H   0  0  0  0  0  0  0  0  0  0  0  0
    7.9431    6.2984    7.7185 H   0  0  0  0  0  0  0  0  0  0  0  0
    7.2679    7.9646    7.5984 H   0  0  0  0  0  0  0  0  0  0  0  0
    4.7302    5.6899    8.3030 H   0  0  0  0  0  0  0  0  0  0  0  0
    4.5388    4.7436    6.8179 H   0  0  0  0  0  0  0  0  0  0  0  0
    5.9686    4.5000    7.8418 H   0  0  0  0  0  0  0  0  0  0  0  0
  1  2  1  0  0  0  0
  1  8  1  0  0  0  0
  1 10  1  0  0  0  0
  2 11  1  6  0  0  0
  2  6  1  0  0  0  0
  3 12  1  6  0  0  0
  3  2  1  0  0  0  0
  3  4  1  0  0  0  0
  3  6  1  0  0  0  0
  4  5  1  0  0  0  0
  5 14  1  0  0  0  0
  5 13  1  0  0  0  0
  6  5  1  0  0  0  0
  6  7  1  1  0  0  0
  7 17  1  0  0  0  0
  7 15  1  0  0  0  0
  9  1  1  0  0  0  0
 16  7  1  0  0  0  0
M  END
