Lattice="13.59827795 0.0 0.0 0.0 13.924915200000001 0.0 0.0 0.0 13.5851808" Properties=species:S:1:pos:R:3:GW_charged:R:1:dKS_charged:R:1:dKS_neutral:R:1 pbc="T T T"
 OpenBabel12102409373D
Lattice="13.59827795 0.0 0.0 0.0 13.924915200000001 0.0 0.0 0.0 13.5851808" Properties=species:S:1:pos:R:3:GW_charged:R:1:dKS_charged:R:1:dKS_neutral:R:1 pbc="T T T"
 19 19  0  0  1  0  0  0  0  0999 V2000
    5.4166    8.9620    6.8601 C   0  0  0  0  0  0  0  0  0  0  0  0
    5.5276    7.4354    6.8802 C   0  0  1  0  0  0  0  0  0  0  0  0
    6.3143    6.8407    5.6846 C   0  0  0  0  0  0  0  0  0  0  0  0
    7.0757    5.6049    6.2280 C   0  0  1  0  0  0  0  0  0  0  0  0
    8.4460    5.3800    5.5838 C   0  0  0  0  0  0  0  0  0  0  0  0
    7.1130    5.8853    7.7139 C   0  0  0  0  0  0  0  0  0  0  0  0
    6.2795    6.8708    8.0650 C   0  0  0  0  0  0  0  0  0  0  0  0
    6.4143    9.4249    6.8733 H   0  0  0  0  0  0  0  0  0  0  0  0
    4.8947    9.3099    5.9572 H   0  0  0  0  0  0  0  0  0  0  0  0
    4.8601    9.3370    7.7309 H   0  0  0  0  0  0  0  0  0  0  0  0
    4.5000    7.0226    6.8904 H   0  0  0  0  0  0  0  0  0  0  0  0
    5.6726    6.6041    4.8255 H   0  0  0  0  0  0  0  0  0  0  0  0
    7.0519    7.5862    5.3429 H   0  0  0  0  0  0  0  0  0  0  0  0
    6.4703    4.6928    6.0602 H   0  0  0  0  0  0  0  0  0  0  0  0
    9.0983    6.2512    5.7424 H   0  0  0  0  0  0  0  0  0  0  0  0
    8.9507    4.5000    6.0074 H   0  0  0  0  0  0  0  0  0  0  0  0
    8.3533    5.2202    4.5000 H   0  0  0  0  0  0  0  0  0  0  0  0
    7.7302    5.3075    8.4036 H   0  0  0  0  0  0  0  0  0  0  0  0
    6.1127    7.2202    9.0852 H   0  0  0  0  0  0  0  0  0  0  0  0
  1  8  1  0  0  0  0
  1  2  1  0  0  0  0
  1 10  1  0  0  0  0
  2 11  1  6  0  0  0
  2  7  1  0  0  0  0
  3  4  1  0  0  0  0
  3  2  1  0  0  0  0
  4 14  1  6  0  0  0
  4  6  1  0  0  0  0
  5 15  1  0  0  0  0
  5 16  1  0  0  0  0
  5  4  1  0  0  0  0
  6  7  2  0  0  0  0
  6 18  1  0  0  0  0
  7 19  1  0  0  0  0
  9  1  1  0  0  0  0
 12  3  1  0  0  0  0
 13  3  1  0  0  0  0
 17  5  1  0  0  0  0
M  END
