Lattice="13.46005988 0.0 0.0 0.0 16.11190566 0.0 0.0 0.0 12.79328759" Properties=species:S:1:pos:R:3:GW_charged:R:1:dKS_charged:R:1:dKS_neutral:R:1 pbc="T T T"
 OpenBabel12102409443D
Lattice="13.46005988 0.0 0.0 0.0 16.11190566 0.0 0.0 0.0 12.79328759" Properties=species:S:1:pos:R:3:GW_charged:R:1:dKS_charged:R:1:dKS_neutral:R:1 pbc="T T T"
 21 21  0  0  0  0  0  0  0  0999 V2000
    5.4527   11.1722    5.6663 C   0  0  0  0  0  0  0  0  0  0  0  0
    5.5119    9.6448    5.6714 C   0  0  0  0  0  0  0  0  0  0  0  0
    6.1391    9.0730    6.9561 C   0  0  0  0  0  0  0  0  0  0  0  0
    6.2224    7.5773    6.9714 C   0  0  0  0  0  0  0  0  0  0  0  0
    5.3980    6.7125    7.6340 C   0  0  0  0  0  0  0  0  0  0  0  0
    5.7530    5.4129    7.3988 O   0  0  0  0  0  0  0  0  0  0  0  0
    6.8350    5.4588    6.5629 C   0  0  0  0  0  0  0  0  0  0  0  0
    7.1718    6.7478    6.2629 C   0  0  0  0  0  0  0  0  0  0  0  0
    8.3011    7.2072    5.3972 C   0  0  0  0  0  0  0  0  0  0  0  0
    6.4579   11.6119    5.7454 H   0  0  0  0  0  0  0  0  0  0  0  0
    4.9957   11.5542    4.7435 H   0  0  0  0  0  0  0  0  0  0  0  0
    4.8605   11.5522    6.5118 H   0  0  0  0  0  0  0  0  0  0  0  0
    4.5000    9.2255    5.5589 H   0  0  0  0  0  0  0  0  0  0  0  0
    6.0821    9.2918    4.7982 H   0  0  0  0  0  0  0  0  0  0  0  0
    7.1478    9.5016    7.0837 H   0  0  0  0  0  0  0  0  0  0  0  0
    5.5542    9.4149    7.8244 H   0  0  0  0  0  0  0  0  0  0  0  0
    4.5500    6.8580    8.2933 H   0  0  0  0  0  0  0  0  0  0  0  0
    7.2525    4.5000    6.2781 H   0  0  0  0  0  0  0  0  0  0  0  0
    7.9410    7.7319    4.5000 H   0  0  0  0  0  0  0  0  0  0  0  0
    8.9601    7.9059    5.9338 H   0  0  0  0  0  0  0  0  0  0  0  0
    8.9144    6.3608    5.0637 H   0  0  0  0  0  0  0  0  0  0  0  0
  1  2  1  0  0  0  0
  1 10  1  0  0  0  0
  1 12  1  0  0  0  0
  2  3  1  0  0  0  0
  3  4  1  0  0  0  0
  3 15  1  0  0  0  0
  3 16  1  0  0  0  0
  4  5  2  0  0  0  0
  5 17  1  0  0  0  0
  6  5  1  0  0  0  0
  7  6  1  0  0  0  0
  8  7  2  0  0  0  0
  8  4  1  0  0  0  0
  9 20  1  0  0  0  0
  9  8  1  0  0  0  0
 11  1  1  0  0  0  0
 13  2  1  0  0  0  0
 14  2  1  0  0  0  0
 18  7  1  0  0  0  0
 19  9  1  0  0  0  0
 21  9  1  0  0  0  0
M  END
