Lattice="12.47683831 0.0 0.0 0.0 15.944247950000001 0.0 0.0 0.0 13.89212734" Properties=species:S:1:pos:R:3:GW_charged:R:1:dKS_charged:R:1:dKS_neutral:R:1 pbc="T T T"
 OpenBabel12102409393D
Lattice="12.47683831 0.0 0.0 0.0 15.944247950000001 0.0 0.0 0.0 13.89212734" Properties=species:S:1:pos:R:3:GW_charged:R:1:dKS_charged:R:1:dKS_neutral:R:1 pbc="T T T"
 19 18  0  0  0  0  0  0  0  0999 V2000
    5.5253   11.0495    8.4682 C   0  0  0  0  0  0  0  0  0  0  0  0
    5.5341    9.5334    8.4893 C   0  0  0  0  0  0  0  0  0  0  0  0
    6.1939    9.0632    7.3200 O   0  0  0  0  0  0  0  0  0  0  0  0
    6.2479    7.6460    7.2581 C   0  0  0  0  0  0  0  0  0  0  0  0
    6.9672    7.2408    5.9808 C   0  0  0  0  0  0  0  0  0  0  0  0
    7.0731    5.7314    5.8283 C   0  0  0  0  0  0  0  0  0  0  0  0
    7.7620    5.4605    4.6020 O   0  0  0  0  0  0  0  0  0  0  0  0
    6.5494   11.4442    8.4494 H   0  0  0  0  0  0  0  0  0  0  0  0
    4.9966   11.4231    7.5817 H   0  0  0  0  0  0  0  0  0  0  0  0
    5.0206   11.4404    9.3619 H   0  0  0  0  0  0  0  0  0  0  0  0
    6.0555    9.1566    9.3921 H   0  0  0  0  0  0  0  0  0  0  0  0
    4.5000    9.1355    8.5229 H   0  0  0  0  0  0  0  0  0  0  0  0
    6.7767    7.2483    8.1488 H   0  0  0  0  0  0  0  0  0  0  0  0
    5.2206    7.2270    7.2792 H   0  0  0  0  0  0  0  0  0  0  0  0
    6.4328    7.6559    5.1138 H   0  0  0  0  0  0  0  0  0  0  0  0
    7.9768    7.6769    5.9767 H   0  0  0  0  0  0  0  0  0  0  0  0
    7.6214    5.2995    6.6866 H   0  0  0  0  0  0  0  0  0  0  0  0
    6.0639    5.2783    5.8161 H   0  0  0  0  0  0  0  0  0  0  0  0
    7.8322    4.5000    4.5000 H   0  0  0  0  0  0  0  0  0  0  0  0
  1  2  1  0  0  0  0
  1 10  1  0  0  0  0
  2 12  1  0  0  0  0
  2 11  1  0  0  0  0
  3  2  1  0  0  0  0
  4 14  1  0  0  0  0
  4  3  1  0  0  0  0
  4 13  1  0  0  0  0
  5  4  1  0  0  0  0
  6  5  1  0  0  0  0
  6 17  1  0  0  0  0
  7  6  1  0  0  0  0
  8  1  1  0  0  0  0
  9  1  1  0  0  0  0
 15  5  1  0  0  0  0
 16  5  1  0  0  0  0
 18  6  1  0  0  0  0
 19  7  1  0  0  0  0
M  END
