Lattice="13.96339045 0.0 0.0 0.0 14.40207734 0.0 0.0 0.0 13.583883069999999" Properties=species:S:1:pos:R:3:GW_charged:R:1:dKS_charged:R:1:dKS_neutral:R:1 pbc="T T T"
 OpenBabel12102409393D
Lattice="13.96339045 0.0 0.0 0.0 14.40207734 0.0 0.0 0.0 13.583883069999999" Properties=species:S:1:pos:R:3:GW_charged:R:1:dKS_charged:R:1:dKS_neutral:R:1 pbc="T T T"
 21 21  0  0  1  0  0  0  0  0999 V2000
    5.4069    8.9859    7.0688 C   0  0  0  0  0  0  0  0  0  0  0  0
    6.3007    8.0832    6.2124 C   0  0  0  0  0  0  0  0  0  0  0  0
    7.5781    7.6901    6.9256 C   0  0  1  0  0  0  0  0  0  0  0  0
    7.6533    6.5332    7.9097 C   0  0  1  0  0  0  0  0  0  0  0  0
    6.4649    5.6610    8.2498 C   0  0  0  0  0  0  0  0  0  0  0  0
    8.3811    6.4493    6.5787 C   0  0  1  0  0  0  0  0  0  0  0  0
    7.9821    5.4862    5.4822 C   0  0  0  0  0  0  0  0  0  0  0  0
    5.9371    9.9021    7.3670 H   0  0  0  0  0  0  0  0  0  0  0  0
    4.5000    9.2879    6.5269 H   0  0  0  0  0  0  0  0  0  0  0  0
    5.0950    8.4732    7.9892 H   0  0  0  0  0  0  0  0  0  0  0  0
    5.7299    7.1947    5.9062 H   0  0  0  0  0  0  0  0  0  0  0  0
    6.5617    8.6016    5.2749 H   0  0  0  0  0  0  0  0  0  0  0  0
    8.1827    8.5581    7.2036 H   0  0  0  0  0  0  0  0  0  0  0  0
    8.3047    6.7118    8.7682 H   0  0  0  0  0  0  0  0  0  0  0  0
    5.7685    5.5348    7.4116 H   0  0  0  0  0  0  0  0  0  0  0  0
    6.7900    4.6556    8.5553 H   0  0  0  0  0  0  0  0  0  0  0  0
    5.8916    6.0908    9.0839 H   0  0  0  0  0  0  0  0  0  0  0  0
    9.4634    6.5807    6.6492 H   0  0  0  0  0  0  0  0  0  0  0  0
    6.8983    5.3308    5.4168 H   0  0  0  0  0  0  0  0  0  0  0  0
    8.3172    5.8500    4.5000 H   0  0  0  0  0  0  0  0  0  0  0  0
    8.4410    4.5000    5.6444 H   0  0  0  0  0  0  0  0  0  0  0  0
  1  8  1  0  0  0  0
  1 10  1  0  0  0  0
  2  3  1  0  0  0  0
  2  1  1  0  0  0  0
  3 13  1  1  0  0  0
  3  4  1  0  0  0  0
  4  5  1  0  0  0  0
  4 14  1  1  0  0  0
  5 16  1  0  0  0  0
  5 17  1  0  0  0  0
  6 18  1  1  0  0  0
  6  3  1  0  0  0  0
  6  4  1  0  0  0  0
  7 21  1  0  0  0  0
  7  6  1  0  0  0  0
  9  1  1  0  0  0  0
 11  2  1  0  0  0  0
 12  2  1  0  0  0  0
 15  5  1  0  0  0  0
 19  7  1  0  0  0  0
 20  7  1  0  0  0  0
M  END
