Lattice="12.76361954 0.0 0.0 0.0 16.19769844 0.0 0.0 0.0 12.95322338" Properties=species:S:1:pos:R:3:GW_charged:R:1:dKS_charged:R:1:dKS_neutral:R:1 pbc="T T T"
 OpenBabel12102409453D
Lattice="12.76361954 0.0 0.0 0.0 16.19769844 0.0 0.0 0.0 12.95322338" Properties=species:S:1:pos:R:3:GW_charged:R:1:dKS_charged:R:1:dKS_neutral:R:1 pbc="T T T"
 19 20  0  0  1  0  0  0  0  0999 V2000
    6.1108    5.5692    6.2179 C   0  0  0  0  0  0  0  0  0  0  0  0
    6.1096    6.7810    6.2332 C   0  0  0  0  0  0  0  0  0  0  0  0
    6.1216    8.2253    6.2663 C   0  0  1  0  0  0  0  0  0  0  0  0
    5.9115    8.9626    7.6398 C   0  0  0  0  0  0  0  0  0  0  0  0
    6.8146   10.0878    7.0616 C   0  0  1  0  0  0  0  0  0  0  0  0
    7.4992    8.9822    6.2102 C   0  0  0  0  0  0  0  0  0  0  0  0
    5.9932   11.0235    6.1622 C   0  0  0  0  0  0  0  0  0  0  0  0
    5.1450   10.2203    5.2092 C   0  0  0  0  0  0  0  0  0  0  0  0
    5.1973    8.8840    5.2489 C   0  0  0  0  0  0  0  0  0  0  0  0
    6.1120    4.5000    6.2045 H   0  0  0  0  0  0  0  0  0  0  0  0
    4.8761    9.1996    7.9152 H   0  0  0  0  0  0  0  0  0  0  0  0
    6.4089    8.4208    8.4532 H   0  0  0  0  0  0  0  0  0  0  0  0
    7.4417   10.6483    7.7658 H   0  0  0  0  0  0  0  0  0  0  0  0
    8.2636    8.4438    6.7832 H   0  0  0  0  0  0  0  0  0  0  0  0
    7.8780    9.2367    5.2123 H   0  0  0  0  0  0  0  0  0  0  0  0
    5.3547   11.6815    6.7767 H   0  0  0  0  0  0  0  0  0  0  0  0
    6.6620   11.6977    5.5996 H   0  0  0  0  0  0  0  0  0  0  0  0
    4.5000   10.7415    4.5000 H   0  0  0  0  0  0  0  0  0  0  0  0
    4.6096    8.2479    4.5875 H   0  0  0  0  0  0  0  0  0  0  0  0
  1  2  3  0  0  0  0
  3  2  1  1  0  0  0
  3  4  1  0  0  0  0
  4 11  1  0  0  0  0
  4 12  1  0  0  0  0
  5  4  1  0  0  0  0
  5 13  1  1  0  0  0
  6  3  1  0  0  0  0
  6 14  1  0  0  0  0
  6  5  1  0  0  0  0
  7 16  1  0  0  0  0
  7  5  1  0  0  0  0
  8  9  2  0  0  0  0
  8  7  1  0  0  0  0
  9  3  1  0  0  0  0
 10  1  1  0  0  0  0
 15  6  1  0  0  0  0
 17  7  1  0  0  0  0
 18  8  1  0  0  0  0
 19  9  1  0  0  0  0
M  END
