Lattice="13.22597796 0.0 0.0 0.0 14.75249192 0.0 0.0 0.0 15.15539767" Properties=species:S:1:pos:R:3:GW_charged:R:1:dKS_charged:R:1:dKS_neutral:R:1 pbc="T T T"
 OpenBabel12102409443D
Lattice="13.22597796 0.0 0.0 0.0 14.75249192 0.0 0.0 0.0 15.15539767" Properties=species:S:1:pos:R:3:GW_charged:R:1:dKS_charged:R:1:dKS_neutral:R:1 pbc="T T T"
 19 19  0  0  0  0  0  0  0  0999 V2000
    5.1388    9.7372    5.4315 C   0  0  0  0  0  0  0  0  0  0  0  0
    5.2967    8.3321    5.3578 O   0  0  0  0  0  0  0  0  0  0  0  0
    5.9119    7.7985    6.5208 C   0  0  0  0  0  0  0  0  0  0  0  0
    6.0438    6.2862    6.3513 C   0  0  0  0  0  0  0  0  0  0  0  0
    6.6568    5.6325    7.5512 C   0  0  0  0  0  0  0  0  0  0  0  0
    7.9105    5.0970    7.6518 C   0  0  0  0  0  0  0  0  0  0  0  0
    8.1368    4.6050    8.9087 O   0  0  0  0  0  0  0  0  0  0  0  0
    6.9976    4.8375    9.6264 C   0  0  0  0  0  0  0  0  0  0  0  0
    6.0653    5.4604    8.8517 C   0  0  0  0  0  0  0  0  0  0  0  0
    6.1122   10.2525    5.5323 H   0  0  0  0  0  0  0  0  0  0  0  0
    4.6594   10.0597    4.5000 H   0  0  0  0  0  0  0  0  0  0  0  0
    4.5000   10.0313    6.2852 H   0  0  0  0  0  0  0  0  0  0  0  0
    6.9114    8.2517    6.6740 H   0  0  0  0  0  0  0  0  0  0  0  0
    5.3062    8.0359    7.4183 H   0  0  0  0  0  0  0  0  0  0  0  0
    5.0435    5.8697    6.1569 H   0  0  0  0  0  0  0  0  0  0  0  0
    6.6506    6.0829    5.4576 H   0  0  0  0  0  0  0  0  0  0  0  0
    8.7260    4.9845    6.9471 H   0  0  0  0  0  0  0  0  0  0  0  0
    7.0122    4.5000   10.6554 H   0  0  0  0  0  0  0  0  0  0  0  0
    5.0689    5.7589    9.1606 H   0  0  0  0  0  0  0  0  0  0  0  0
  1 10  1  0  0  0  0
  1 12  1  0  0  0  0
  2  1  1  0  0  0  0
  2  3  1  0  0  0  0
  3 13  1  0  0  0  0
  3 14  1  0  0  0  0
  4  3  1  0  0  0  0
  4  5  1  0  0  0  0
  5  6  2  0  0  0  0
  5  9  1  0  0  0  0
  6  7  1  0  0  0  0
  7  8  1  0  0  0  0
  8 18  1  0  0  0  0
  9 19  1  0  0  0  0
  9  8  2  0  0  0  0
 11  1  1  0  0  0  0
 15  4  1  0  0  0  0
 16  4  1  0  0  0  0
 17  6  1  0  0  0  0
M  END
