Lattice="12.90418981 0.0 0.0 0.0 15.60168208 0.0 0.0 0.0 14.14447392" Properties=species:S:1:pos:R:3:GW_charged:R:1:dKS_charged:R:1:dKS_neutral:R:1 pbc="T T T"
 OpenBabel12102409443D
Lattice="12.90418981 0.0 0.0 0.0 15.60168208 0.0 0.0 0.0 14.14447392" Properties=species:S:1:pos:R:3:GW_charged:R:1:dKS_charged:R:1:dKS_neutral:R:1 pbc="T T T"
 19 19  0  0  0  0  0  0  0  0999 V2000
    5.5256   10.7002    8.6978 C   0  0  0  0  0  0  0  0  0  0  0  0
    5.5289    9.1869    8.7439 C   0  0  0  0  0  0  0  0  0  0  0  0
    6.2066    8.7026    7.5768 O   0  0  0  0  0  0  0  0  0  0  0  0
    6.2906    7.3511    7.4766 C   0  0  0  0  0  0  0  0  0  0  0  0
    5.8331    6.3609    8.3099 C   0  0  0  0  0  0  0  0  0  0  0  0
    6.1615    5.1351    7.7786 O   0  0  0  0  0  0  0  0  0  0  0  0
    6.8255    5.3764    6.6105 C   0  0  0  0  0  0  0  0  0  0  0  0
    6.9411    6.7139    6.3624 C   0  0  0  0  0  0  0  0  0  0  0  0
    7.5899    7.3988    5.2057 C   0  0  0  0  0  0  0  0  0  0  0  0
    6.5501   11.0938    8.6870 H   0  0  0  0  0  0  0  0  0  0  0  0
    5.0051   11.0635    7.8024 H   0  0  0  0  0  0  0  0  0  0  0  0
    5.0118   11.1017    9.5813 H   0  0  0  0  0  0  0  0  0  0  0  0
    6.0497    8.8145    9.6445 H   0  0  0  0  0  0  0  0  0  0  0  0
    4.5000    8.7841    8.7571 H   0  0  0  0  0  0  0  0  0  0  0  0
    5.2962    6.3442    9.2481 H   0  0  0  0  0  0  0  0  0  0  0  0
    7.1552    4.5000    6.0648 H   0  0  0  0  0  0  0  0  0  0  0  0
    6.8721    8.0290    4.6611 H   0  0  0  0  0  0  0  0  0  0  0  0
    8.4042    8.0588    5.5381 H   0  0  0  0  0  0  0  0  0  0  0  0
    8.0081    6.6706    4.5000 H   0  0  0  0  0  0  0  0  0  0  0  0
  1  2  1  0  0  0  0
  1 12  1  0  0  0  0
  2 14  1  0  0  0  0
  2 13  1  0  0  0  0
  3  2  1  0  0  0  0
  4  3  1  0  0  0  0
  4  5  2  0  0  0  0
  5 15  1  0  0  0  0
  6  5  1  0  0  0  0
  7  6  1  0  0  0  0
  8  7  2  0  0  0  0
  8  4  1  0  0  0  0
  9 18  1  0  0  0  0
  9  8  1  0  0  0  0
 10  1  1  0  0  0  0
 11  1  1  0  0  0  0
 16  7  1  0  0  0  0
 17  9  1  0  0  0  0
 19  9  1  0  0  0  0
M  END
