Lattice="13.68134347 0.0 0.0 0.0 15.286473350000001 0.0 0.0 0.0 10.96676637" Properties=species:S:1:pos:R:3:GW_charged:R:1:dKS_charged:R:1:dKS_neutral:R:1 pbc="T T T"
 OpenBabel12102409403D
Lattice="13.68134347 0.0 0.0 0.0 15.286473350000001 0.0 0.0 0.0 10.96676637" Properties=species:S:1:pos:R:3:GW_charged:R:1:dKS_charged:R:1:dKS_neutral:R:1 pbc="T T T"
 18 18  0  0  0  0  0  0  0  0999 V2000
    6.8351   10.2925    5.3697 C   0  0  0  0  0  0  0  0  0  0  0  0
    6.6520    8.8203    5.3966 C   0  0  0  0  0  0  0  0  0  0  0  0
    5.5603    8.0028    5.3666 C   0  0  0  0  0  0  0  0  0  0  0  0
    6.0373    6.6457    5.4208 C   0  0  0  0  0  0  0  0  0  0  0  0
    5.1925    5.4116    5.4119 C   0  0  0  0  0  0  0  0  0  0  0  0
    7.4031    6.7318    5.4807 C   0  0  0  0  0  0  0  0  0  0  0  0
    8.4985    5.7333    5.5544 C   0  0  0  0  0  0  0  0  0  0  0  0
    7.7909    8.0560    5.4666 O   0  0  0  0  0  0  0  0  0  0  0  0
    7.4309   10.6114    4.5013 H   0  0  0  0  0  0  0  0  0  0  0  0
    5.8584   10.7865    5.3134 H   0  0  0  0  0  0  0  0  0  0  0  0
    7.3503   10.6538    6.2724 H   0  0  0  0  0  0  0  0  0  0  0  0
    4.5250    8.3250    5.3118 H   0  0  0  0  0  0  0  0  0  0  0  0
    4.5801    5.3510    4.5000 H   0  0  0  0  0  0  0  0  0  0  0  0
    5.8011    4.5000    5.4613 H   0  0  0  0  0  0  0  0  0  0  0  0
    4.5000    5.3932    6.2666 H   0  0  0  0  0  0  0  0  0  0  0  0
    9.1813    5.8156    4.6953 H   0  0  0  0  0  0  0  0  0  0  0  0
    9.1010    5.8580    6.4668 H   0  0  0  0  0  0  0  0  0  0  0  0
    8.0859    4.7178    5.5600 H   0  0  0  0  0  0  0  0  0  0  0  0
  1  2  1  0  0  0  0
  1 11  1  0  0  0  0
  2  8  1  0  0  0  0
  3  2  2  0  0  0  0
  3  4  1  0  0  0  0
  4  6  2  0  0  0  0
  5  4  1  0  0  0  0
  5 14  1  0  0  0  0
  5 15  1  0  0  0  0
  6  7  1  0  0  0  0
  7 18  1  0  0  0  0
  7 17  1  0  0  0  0
  8  6  1  0  0  0  0
  9  1  1  0  0  0  0
 10  1  1  0  0  0  0
 12  3  1  0  0  0  0
 13  5  1  0  0  0  0
 16  7  1  0  0  0  0
M  END
