Lattice="12.82153922 0.0 0.0 0.0 13.51411577 0.0 0.0 0.0 15.59711389" Properties=species:S:1:pos:R:3:GW_charged:R:1:dKS_charged:R:1:dKS_neutral:R:1 pbc="T T T"
 OpenBabel12102409403D
Lattice="12.82153922 0.0 0.0 0.0 13.51411577 0.0 0.0 0.0 15.59711389" Properties=species:S:1:pos:R:3:GW_charged:R:1:dKS_charged:R:1:dKS_neutral:R:1 pbc="T T T"
 22 21  0  0  1  0  0  0  0  0999 V2000
    5.4142    8.5114    7.5814 C   0  0  0  0  0  0  0  0  0  0  0  0
    5.5748    6.9787    7.6582 C   0  0  1  0  0  0  0  0  0  0  0  0
    6.2027    6.4928    6.4307 C   0  0  0  0  0  0  0  0  0  0  0  0
    6.7329    6.1232    5.4060 C   0  0  0  0  0  0  0  0  0  0  0  0
    6.3122    6.4465    8.9448 C   0  0  0  0  0  0  0  0  0  0  0  0
    5.5668    6.9340   10.1995 C   0  0  0  0  0  0  0  0  0  0  0  0
    6.2824    4.9081    8.9205 C   0  0  0  0  0  0  0  0  0  0  0  0
    7.7717    6.9280    8.9881 C   0  0  0  0  0  0  0  0  0  0  0  0
    6.3889    9.0141    7.5504 H   0  0  0  0  0  0  0  0  0  0  0  0
    4.8723    8.7840    6.6677 H   0  0  0  0  0  0  0  0  0  0  0  0
    4.8487    8.8955    8.4389 H   0  0  0  0  0  0  0  0  0  0  0  0
    4.5598    6.5422    7.6945 H   0  0  0  0  0  0  0  0  0  0  0  0
    7.1923    5.7892    4.5000 H   0  0  0  0  0  0  0  0  0  0  0  0
    4.5000    6.6671   10.1623 H   0  0  0  0  0  0  0  0  0  0  0  0
    5.9942    6.4655   11.0971 H   0  0  0  0  0  0  0  0  0  0  0  0
    5.6410    8.0212   10.3327 H   0  0  0  0  0  0  0  0  0  0  0  0
    6.8028    4.5113    8.0392 H   0  0  0  0  0  0  0  0  0  0  0  0
    6.7699    4.5000    9.8170 H   0  0  0  0  0  0  0  0  0  0  0  0
    5.2491    4.5309    8.9001 H   0  0  0  0  0  0  0  0  0  0  0  0
    7.8411    8.0221    9.0596 H   0  0  0  0  0  0  0  0  0  0  0  0
    8.2833    6.5091    9.8661 H   0  0  0  0  0  0  0  0  0  0  0  0
    8.3215    6.6100    8.0922 H   0  0  0  0  0  0  0  0  0  0  0  0
  1  2  1  0  0  0  0
  1 11  1  0  0  0  0
  2 12  1  1  0  0  0
  2  5  1  0  0  0  0
  3  2  1  0  0  0  0
  4  3  3  0  0  0  0
  5  8  1  0  0  0  0
  5  6  1  0  0  0  0
  6 16  1  0  0  0  0
  6 15  1  0  0  0  0
  7  5  1  0  0  0  0
  7 18  1  0  0  0  0
  8 20  1  0  0  0  0
  8 21  1  0  0  0  0
  9  1  1  0  0  0  0
 10  1  1  0  0  0  0
 13  4  1  0  0  0  0
 14  6  1  0  0  0  0
 17  7  1  0  0  0  0
 19  7  1  0  0  0  0
 22  8  1  0  0  0  0
M  END
