Lattice="14.01597654 0.0 0.0 0.0 12.906772929999999 0.0 0.0 0.0 14.14285487" Properties=species:S:1:pos:R:3:GW_charged:R:1:dKS_charged:R:1:dKS_neutral:R:1 pbc="T T T"
 OpenBabel12102411043D
Lattice="14.01597654 0.0 0.0 0.0 12.906772929999999 0.0 0.0 0.0 14.14285487" Properties=species:S:1:pos:R:3:GW_charged:R:1:dKS_charged:R:1:dKS_neutral:R:1 pbc="T T T"
 21 23  0  0  1  0  0  0  0  0999 V2000
    6.3243    7.7933    5.4431 C   0  0  0  0  0  0  0  0  0  0  0  0
    7.8566    7.7922    5.4261 C   0  0  1  0  0  0  0  0  0  0  0  0
    8.4238    7.1717    6.6769 C   0  0  1  0  0  0  0  0  0  0  0  0
    7.8516    7.3237    8.0847 C   0  0  0  0  0  0  0  0  0  0  0  0
    6.9447    6.1877    8.5627 C   0  0  0  0  0  0  0  0  0  0  0  0
    5.6493    6.1907    7.9666 O   0  0  0  0  0  0  0  0  0  0  0  0
    5.5737    5.5527    6.6961 C   0  0  0  0  0  0  0  0  0  0  0  0
    6.3442    6.2333    5.5701 C   0  0  2  0  0  0  0  0  0  0  0  0
    7.8825    6.2634    5.6011 C   0  0  1  0  0  0  0  0  0  0  0  0
    5.8504    8.3411    6.2703 H   0  0  0  0  0  0  0  0  0  0  0  0
    5.8788    8.1298    4.5000 H   0  0  0  0  0  0  0  0  0  0  0  0
    8.4725    8.4068    4.7709 H   0  0  0  0  0  0  0  0  0  0  0  0
    9.5160    7.1819    6.6517 H   0  0  0  0  0  0  0  0  0  0  0  0
    8.6908    7.3944    8.7948 H   0  0  0  0  0  0  0  0  0  0  0  0
    7.2946    8.2690    8.1810 H   0  0  0  0  0  0  0  0  0  0  0  0
    7.4354    5.2091    8.3959 H   0  0  0  0  0  0  0  0  0  0  0  0
    6.7657    6.2953    9.6429 H   0  0  0  0  0  0  0  0  0  0  0  0
    5.9138    4.5000    6.7831 H   0  0  0  0  0  0  0  0  0  0  0  0
    4.5000    5.5385    6.4561 H   0  0  0  0  0  0  0  0  0  0  0  0
    6.0082    5.7827    4.6234 H   0  0  0  0  0  0  0  0  0  0  0  0
    8.5203    5.5316    5.1058 H   0  0  0  0  0  0  0  0  0  0  0  0
  1  8  1  0  0  0  0
  1 10  1  0  0  0  0
  2 12  1  6  0  0  0
  2  1  1  0  0  0  0
  2  9  1  0  0  0  0
  2  3  1  0  0  0  0
  3 13  1  1  0  0  0
  3  4  1  0  0  0  0
  4 15  1  0  0  0  0
  4  5  1  0  0  0  0
  4 14  1  0  0  0  0
  5 17  1  0  0  0  0
  6  5  1  0  0  0  0
  7 18  1  0  0  0  0
  7  6  1  0  0  0  0
  8 20  1  6  0  0  0
  8  9  1  0  0  0  0
  8  7  1  0  0  0  0
  9 21  1  6  0  0  0
  9  3  1  0  0  0  0
 11  1  1  0  0  0  0
 16  5  1  0  0  0  0
 19  7  1  0  0  0  0
M  END
