Lattice="12.50673771 0.0 0.0 0.0 13.71259462 0.0 0.0 0.0 13.58663358" Properties=species:S:1:pos:R:3:GW_charged:R:1:dKS_charged:R:1:dKS_neutral:R:1 pbc="T T T"
 OpenBabel12102409373D
Lattice="12.50673771 0.0 0.0 0.0 13.71259462 0.0 0.0 0.0 13.58663358" Properties=species:S:1:pos:R:3:GW_charged:R:1:dKS_charged:R:1:dKS_neutral:R:1 pbc="T T T"
 17 17  0  0  1  0  0  0  0  0999 V2000
    5.6944    8.6837    5.6274 C   0  0  0  0  0  0  0  0  0  0  0  0
    5.5767    7.1711    5.7998 C   0  0  1  0  0  0  0  0  0  0  0  0
    6.1142    6.5089    4.6380 O   0  0  0  0  0  0  0  0  0  0  0  0
    7.0550    5.5028    5.0391 C   0  0  0  0  0  0  0  0  0  0  0  0
    7.1823    5.6554    6.5215 C   0  0  0  0  0  0  0  0  0  0  0  0
    6.3433    6.5951    6.9701 C   0  0  0  0  0  0  0  0  0  0  0  0
    6.1155    7.0486    8.3735 C   0  0  0  0  0  0  0  0  0  0  0  0
    6.7496    8.9871    5.5967 H   0  0  0  0  0  0  0  0  0  0  0  0
    5.2150    8.9908    4.6893 H   0  0  0  0  0  0  0  0  0  0  0  0
    5.1964    9.2126    6.4525 H   0  0  0  0  0  0  0  0  0  0  0  0
    4.5000    6.9097    5.8916 H   0  0  0  0  0  0  0  0  0  0  0  0
    6.6809    4.5000    4.7518 H   0  0  0  0  0  0  0  0  0  0  0  0
    8.0067    5.6617    4.5000 H   0  0  0  0  0  0  0  0  0  0  0  0
    7.8587    5.0561    7.1297 H   0  0  0  0  0  0  0  0  0  0  0  0
    6.7118    6.4668    9.0866 H   0  0  0  0  0  0  0  0  0  0  0  0
    6.3753    8.1108    8.4995 H   0  0  0  0  0  0  0  0  0  0  0  0
    5.0545    6.9506    8.6528 H   0  0  0  0  0  0  0  0  0  0  0  0
  1  2  1  0  0  0  0
  1 10  1  0  0  0  0
  2 11  1  1  0  0  0
  2  6  1  0  0  0  0
  3  4  1  0  0  0  0
  3  2  1  0  0  0  0
  4  5  1  0  0  0  0
  5  6  2  0  0  0  0
  5 14  1  0  0  0  0
  6  7  1  0  0  0  0
  7 16  1  0  0  0  0
  7 17  1  0  0  0  0
  7 15  1  0  0  0  0
  8  1  1  0  0  0  0
  9  1  1  0  0  0  0
 12  4  1  0  0  0  0
 13  4  1  0  0  0  0
M  END
