Lattice="13.10477041 0.0 0.0 0.0 15.992605090000001 0.0 0.0 0.0 13.12289574" Properties=species:S:1:pos:R:3:GW_charged:R:1:dKS_charged:R:1:dKS_neutral:R:1 pbc="T T T"
 OpenBabel12102409453D
Lattice="13.10477041 0.0 0.0 0.0 15.992605090000001 0.0 0.0 0.0 13.12289574" Properties=species:S:1:pos:R:3:GW_charged:R:1:dKS_charged:R:1:dKS_neutral:R:1 pbc="T T T"
 19 21  0  0  1  0  0  0  0  0999 V2000
    5.1567    5.5666    5.0617 C   0  0  0  0  0  0  0  0  0  0  0  0
    5.1946    6.7758    5.1362 C   0  0  0  0  0  0  0  0  0  0  0  0
    5.2293    8.2209    5.2145 C   0  0  1  0  0  0  0  0  0  0  0  0
    5.2803    8.9100    6.6124 C   0  0  1  0  0  0  0  0  0  0  0  0
    6.7789    8.4888    6.7676 C   0  0  2  0  0  0  0  0  0  0  0  0
    7.5198    9.5771    7.5392 C   0  0  0  0  0  0  0  0  0  0  0  0
    6.8603   10.8413    6.9200 C   0  0  0  0  0  0  0  0  0  0  0  0
    5.8971   10.1787    5.9397 C   0  0  1  0  0  0  0  0  0  0  0  0
    6.6058    8.9503    5.2828 C   0  0  2  0  0  0  0  0  0  0  0  0
    5.1224    4.5000    4.9952 H   0  0  0  0  0  0  0  0  0  0  0  0
    4.5105    8.6691    4.5115 H   0  0  0  0  0  0  0  0  0  0  0  0
    4.5000    8.8793    7.3847 H   0  0  0  0  0  0  0  0  0  0  0  0
    7.0115    7.4372    6.9676 H   0  0  0  0  0  0  0  0  0  0  0  0
    7.3546    9.4995    8.6229 H   0  0  0  0  0  0  0  0  0  0  0  0
    8.6048    9.5375    7.3689 H   0  0  0  0  0  0  0  0  0  0  0  0
    6.3340   11.4546    7.6648 H   0  0  0  0  0  0  0  0  0  0  0  0
    7.5843   11.4926    6.4106 H   0  0  0  0  0  0  0  0  0  0  0  0
    5.2520   10.8106    5.3156 H   0  0  0  0  0  0  0  0  0  0  0  0
    7.3760    8.9667    4.5000 H   0  0  0  0  0  0  0  0  0  0  0  0
  1  2  3  0  0  0  0
  2  3  1  0  0  0  0
  3 11  1  6  0  0  0
  3  9  1  0  0  0  0
  3  4  1  0  0  0  0
  4  5  1  0  0  0  0
  4 12  1  1  0  0  0
  5 13  1  1  0  0  0
  5  6  1  0  0  0  0
  6 14  1  0  0  0  0
  7  6  1  0  0  0  0
  7 16  1  0  0  0  0
  8 18  1  6  0  0  0
  8  4  1  0  0  0  0
  8  7  1  0  0  0  0
  9 19  1  6  0  0  0
  9  8  1  0  0  0  0
  9  5  1  0  0  0  0
 10  1  1  0  0  0  0
 15  6  1  0  0  0  0
 17  7  1  0  0  0  0
M  END
