Lattice="14.81010808 0.0 0.0 0.0 15.73712094 0.0 0.0 0.0 12.31932368" Properties=species:S:1:pos:R:3:GW_charged:R:1:dKS_charged:R:1:dKS_neutral:R:1 pbc="T T T"
 OpenBabel12102410123D
Lattice="14.81010808 0.0 0.0 0.0 15.73712094 0.0 0.0 0.0 12.31932368" Properties=species:S:1:pos:R:3:GW_charged:R:1:dKS_charged:R:1:dKS_neutral:R:1 pbc="T T T"
 23 24  0  0  1  0  0  0  0  0999 V2000
    6.7391    8.6032    5.4681 C   0  0  0  0  0  0  0  0  0  0  0  0
    6.6506    7.0909    5.6198 C   0  0  0  0  0  0  0  0  0  0  0  0
    6.9368    6.4246    6.9967 C   0  0  0  0  0  0  0  0  0  0  0  0
    5.7989    5.4152    6.6978 C   0  0  0  0  0  0  0  0  0  0  0  0
    5.2516    6.4147    5.6450 C   0  0  0  0  0  0  0  0  0  0  0  0
    8.1513    9.1525    5.5095 C   0  0  1  0  0  0  0  0  0  0  0  0
    8.3588   10.6814    5.5273 C   0  0  0  0  0  0  0  0  0  0  0  0
    9.2232   10.4123    6.7698 C   0  0  0  0  0  0  0  0  0  0  0  0
    8.7929    9.0254    6.8227 O   0  0  0  0  0  0  0  0  0  0  0  0
    6.2971    8.9012    4.5000 H   0  0  0  0  0  0  0  0  0  0  0  0
    6.1422    9.0958    6.2547 H   0  0  0  0  0  0  0  0  0  0  0  0
    7.2721    6.6085    4.8466 H   0  0  0  0  0  0  0  0  0  0  0  0
    7.9480    6.0427    7.1809 H   0  0  0  0  0  0  0  0  0  0  0  0
    6.6733    7.1038    7.8193 H   0  0  0  0  0  0  0  0  0  0  0  0
    6.1808    4.5000    6.2248 H   0  0  0  0  0  0  0  0  0  0  0  0
    5.1360    5.1271    7.5233 H   0  0  0  0  0  0  0  0  0  0  0  0
    4.5000    7.0868    6.0854 H   0  0  0  0  0  0  0  0  0  0  0  0
    4.8531    6.0179    4.7018 H   0  0  0  0  0  0  0  0  0  0  0  0
    8.7745    8.6479    4.7461 H   0  0  0  0  0  0  0  0  0  0  0  0
    8.8568   11.1239    4.6577 H   0  0  0  0  0  0  0  0  0  0  0  0
    7.4370   11.2371    5.7408 H   0  0  0  0  0  0  0  0  0  0  0  0
   10.3101   10.4897    6.5959 H   0  0  0  0  0  0  0  0  0  0  0  0
    8.9677   10.9544    7.6924 H   0  0  0  0  0  0  0  0  0  0  0  0
  1  6  1  0  0  0  0
  1  2  1  0  0  0  0
  1 11  1  0  0  0  0
  2  5  1  0  0  0  0
  2  3  1  0  0  0  0
  3 13  1  0  0  0  0
  3 14  1  0  0  0  0
  4  3  1  0  0  0  0
  4 16  1  0  0  0  0
  5 17  1  0  0  0  0
  5  4  1  0  0  0  0
  6 19  1  6  0  0  0
  6  7  1  0  0  0  0
  6  9  1  0  0  0  0
  7 21  1  0  0  0  0
  7  8  1  0  0  0  0
  8  9  1  0  0  0  0
  8 23  1  0  0  0  0
 10  1  1  0  0  0  0
 12  2  1  0  0  0  0
 15  4  1  0  0  0  0
 18  5  1  0  0  0  0
 20  7  1  0  0  0  0
 22  8  1  0  0  0  0
M  END
