Lattice="16.86604435 0.0 0.0 0.0 12.5872782 0.0 0.0 0.0 12.07509041" Properties=species:S:1:pos:R:3:GW_charged:R:1:dKS_charged:R:1:dKS_neutral:R:1 pbc="T T T"
 OpenBabel12102409273D
Lattice="16.86604435 0.0 0.0 0.0 12.5872782 0.0 0.0 0.0 12.07509041" Properties=species:S:1:pos:R:3:GW_charged:R:1:dKS_charged:R:1:dKS_neutral:R:1 pbc="T T T"
 15 14  0  0  1  0  0  0  0  0999 V2000
    7.9540    7.6841    5.3887 C   0  0  0  0  0  0  0  0  0  0  0  0
    7.9703    6.1462    5.4269 C   0  0  1  0  0  0  0  0  0  0  0  0
    8.7669    5.5970    6.6500 C   0  0  0  0  0  0  0  0  0  0  0  0
   10.1701    5.9797    6.6323 C   0  0  0  0  0  0  0  0  0  0  0  0
   11.3347    6.3075    6.5898 C   0  0  0  0  0  0  0  0  0  0  0  0
    6.6178    5.5972    5.4369 C   0  0  0  0  0  0  0  0  0  0  0  0
    5.4932    5.1498    5.4726 C   0  0  0  0  0  0  0  0  0  0  0  0
    8.9802    8.0722    5.3653 H   0  0  0  0  0  0  0  0  0  0  0  0
    7.4211    8.0425    4.5000 H   0  0  0  0  0  0  0  0  0  0  0  0
    7.4470    8.0873    6.2756 H   0  0  0  0  0  0  0  0  0  0  0  0
    8.4794    5.7810    4.5189 H   0  0  0  0  0  0  0  0  0  0  0  0
    8.2906    5.9593    7.5751 H   0  0  0  0  0  0  0  0  0  0  0  0
    8.6833    4.5000    6.6660 H   0  0  0  0  0  0  0  0  0  0  0  0
   12.3660    6.5895    6.5648 H   0  0  0  0  0  0  0  0  0  0  0  0
    4.5000    4.7537    5.4916 H   0  0  0  0  0  0  0  0  0  0  0  0
  1  2  1  0  0  0  0
  1 10  1  0  0  0  0
  2 11  1  6  0  0  0
  2  6  1  0  0  0  0
  2  3  1  0  0  0  0
  3 13  1  0  0  0  0
  3 12  1  0  0  0  0
  4  3  1  0  0  0  0
  5  4  3  0  0  0  0
  6  7  3  0  0  0  0
  7 15  1  0  0  0  0
  8  1  1  0  0  0  0
  9  1  1  0  0  0  0
 14  5  1  0  0  0  0
M  END
