Lattice="13.77571152 0.0 0.0 0.0 13.64651724 0.0 0.0 0.0 13.01035659" Properties=species:S:1:pos:R:3:GW_charged:R:1:dKS_charged:R:1:dKS_neutral:R:1 pbc="T T T"
 OpenBabel12102409373D
Lattice="13.77571152 0.0 0.0 0.0 13.64651724 0.0 0.0 0.0 13.01035659" Properties=species:S:1:pos:R:3:GW_charged:R:1:dKS_charged:R:1:dKS_neutral:R:1 pbc="T T T"
 17 18  0  0  1  0  0  0  0  0999 V2000
    6.0959    8.6022    6.3028 C   0  0  0  0  0  0  0  0  0  0  0  0
    6.2534    7.0891    6.3274 C   0  0  1  0  0  0  0  0  0  0  0  0
    4.9669    6.4871    6.1620 O   0  0  0  0  0  0  0  0  0  0  0  0
    7.4554    6.3981    5.5785 C   0  0  1  0  0  0  0  0  0  0  0  0
    8.3752    6.9089    6.7244 C   0  0  0  0  0  0  0  0  0  0  0  0
    7.0935    6.3819    7.4335 C   0  0  2  0  0  0  0  0  0  0  0  0
    7.1920    5.1512    6.4768 C   0  0  0  0  0  0  0  0  0  0  0  0
    7.0382    9.1465    6.4252 H   0  0  0  0  0  0  0  0  0  0  0  0
    5.6638    8.9191    5.3401 H   0  0  0  0  0  0  0  0  0  0  0  0
    5.4095    8.9186    7.0999 H   0  0  0  0  0  0  0  0  0  0  0  0
    4.5000    6.9754    5.4671 H   0  0  0  0  0  0  0  0  0  0  0  0
    7.6632    6.4139    4.5000 H   0  0  0  0  0  0  0  0  0  0  0  0
    9.2757    6.3069    6.8976 H   0  0  0  0  0  0  0  0  0  0  0  0
    8.6011    7.9792    6.7798 H   0  0  0  0  0  0  0  0  0  0  0  0
    6.8798    6.3758    8.5104 H   0  0  0  0  0  0  0  0  0  0  0  0
    6.2747    4.5868    6.2935 H   0  0  0  0  0  0  0  0  0  0  0  0
    8.0603    4.5000    6.6406 H   0  0  0  0  0  0  0  0  0  0  0  0
  1  2  1  0  0  0  0
  1  8  1  0  0  0  0
  1 10  1  0  0  0  0
  2  3  1  6  0  0  0
  2  6  1  0  0  0  0
  4 12  1  6  0  0  0
  4  2  1  0  0  0  0
  4  7  1  0  0  0  0
  4  5  1  0  0  0  0
  5 14  1  0  0  0  0
  5 13  1  0  0  0  0
  5  6  1  0  0  0  0
  6 15  1  1  0  0  0
  7 17  1  0  0  0  0
  7  6  1  0  0  0  0
  9  1  1  0  0  0  0
 11  3  1  0  0  0  0
 16  7  1  0  0  0  0
M  END
