Lattice="13.19974169 0.0 0.0 0.0 13.00840769 0.0 0.0 0.0 13.741066" Properties=species:S:1:pos:R:3:GW_charged:R:1:dKS_charged:R:1:dKS_neutral:R:1 pbc="T T T"
 OpenBabel12102409393D
Lattice="13.19974169 0.0 0.0 0.0 13.00840769 0.0 0.0 0.0 13.741066" Properties=species:S:1:pos:R:3:GW_charged:R:1:dKS_charged:R:1:dKS_neutral:R:1 pbc="T T T"
 19 20  0  0  1  0  0  0  0  0999 V2000
    6.3547    7.6097    5.5742 C   0  0  0  0  0  0  0  0  0  0  0  0
    7.7587    7.8377    6.1994 C   0  0  0  0  0  0  0  0  0  0  0  0
    7.8604    6.3238    6.5501 C   0  0  1  0  0  0  0  0  0  0  0  0
    7.7269    5.9568    8.0349 C   0  0  0  0  0  0  0  0  0  0  0  0
    6.2251    6.1043    8.3451 C   0  0  0  0  0  0  0  0  0  0  0  0
    5.5391    5.6015    7.0607 C   0  0  0  0  0  0  0  0  0  0  0  0
    6.4369    6.0926    5.9162 C   0  0  1  0  0  0  0  0  0  0  0  0
    5.5316    8.1436    6.0702 H   0  0  0  0  0  0  0  0  0  0  0  0
    6.2947    7.8254    4.5000 H   0  0  0  0  0  0  0  0  0  0  0  0
    8.5207    8.1870    5.4912 H   0  0  0  0  0  0  0  0  0  0  0  0
    7.7775    8.5084    7.0704 H   0  0  0  0  0  0  0  0  0  0  0  0
    8.6997    5.8077    6.0671 H   0  0  0  0  0  0  0  0  0  0  0  0
    8.0335    4.9092    8.1848 H   0  0  0  0  0  0  0  0  0  0  0  0
    8.3643    6.5759    8.6830 H   0  0  0  0  0  0  0  0  0  0  0  0
    5.9163    5.5494    9.2411 H   0  0  0  0  0  0  0  0  0  0  0  0
    5.9734    7.1616    8.5249 H   0  0  0  0  0  0  0  0  0  0  0  0
    5.5138    4.5000    7.0628 H   0  0  0  0  0  0  0  0  0  0  0  0
    4.5000    5.9483    6.9624 H   0  0  0  0  0  0  0  0  0  0  0  0
    6.3936    5.4332    5.0403 H   0  0  0  0  0  0  0  0  0  0  0  0
  1  7  1  0  0  0  0
  1  8  1  0  0  0  0
  1  2  1  0  0  0  0
  2  3  1  0  0  0  0
  2 11  1  0  0  0  0
  3 12  1  6  0  0  0
  3  4  1  0  0  0  0
  4 13  1  0  0  0  0
  4  5  1  0  0  0  0
  4 14  1  0  0  0  0
  5 16  1  0  0  0  0
  5 15  1  0  0  0  0
  6 17  1  0  0  0  0
  6  5  1  0  0  0  0
  7 19  1  6  0  0  0
  7  3  1  0  0  0  0
  7  6  1  0  0  0  0
  9  1  1  0  0  0  0
 10  2  1  0  0  0  0
 18  6  1  0  0  0  0
M  END
