Lattice="12.1853564 0.0 0.0 0.0 13.63639169 0.0 0.0 0.0 14.5457951" Properties=species:S:1:pos:R:3:GW_charged:R:1:dKS_charged:R:1:dKS_neutral:R:1 pbc="T T T"
 OpenBabel12102409333D
Lattice="12.1853564 0.0 0.0 0.0 13.63639169 0.0 0.0 0.0 14.5457951" Properties=species:S:1:pos:R:3:GW_charged:R:1:dKS_charged:R:1:dKS_neutral:R:1 pbc="T T T"
 19 19  0  0  1  0  0  0  0  0999 V2000
    6.0334    8.5152    6.4605 C   0  0  0  0  0  0  0  0  0  0  0  0
    5.5857    7.0546    6.6423 C   0  0  0  0  0  0  0  0  0  0  0  0
    5.8266    6.2623    5.3530 C   0  0  0  0  0  0  0  0  0  0  0  0
    6.2429    6.4471    7.8893 C   0  0  1  0  0  0  0  0  0  0  0  0
    5.7463    6.9775    9.2185 C   0  0  0  0  0  0  0  0  0  0  0  0
    6.8704    5.1118    7.8762 C   0  0  0  0  0  0  0  0  0  0  0  0
    7.6854    6.2949    7.8142 O   0  0  0  0  0  0  0  0  0  0  0  0
    7.1176    8.5633    6.2879 H   0  0  0  0  0  0  0  0  0  0  0  0
    5.5312    8.9669    5.5945 H   0  0  0  0  0  0  0  0  0  0  0  0
    5.8036    9.1364    7.3357 H   0  0  0  0  0  0  0  0  0  0  0  0
    4.5000    7.0517    6.8433 H   0  0  0  0  0  0  0  0  0  0  0  0
    6.9015    6.1642    5.1431 H   0  0  0  0  0  0  0  0  0  0  0  0
    5.3876    5.2568    5.3960 H   0  0  0  0  0  0  0  0  0  0  0  0
    5.3714    6.7835    4.5000 H   0  0  0  0  0  0  0  0  0  0  0  0
    4.6795    6.7470    9.3518 H   0  0  0  0  0  0  0  0  0  0  0  0
    6.3050    6.5237   10.0458 H   0  0  0  0  0  0  0  0  0  0  0  0
    5.8674    8.0668    9.2875 H   0  0  0  0  0  0  0  0  0  0  0  0
    6.9374    4.5497    8.8138 H   0  0  0  0  0  0  0  0  0  0  0  0
    6.8712    4.5000    6.9711 H   0  0  0  0  0  0  0  0  0  0  0  0
  1  2  1  0  0  0  0
  1 10  1  0  0  0  0
  2 11  1  0  0  0  0
  3 13  1  0  0  0  0
  3  2  1  0  0  0  0
  4  2  1  6  0  0  0
  4  5  1  0  0  0  0
  5 17  1  0  0  0  0
  5 15  1  0  0  0  0
  5 16  1  0  0  0  0
  6  4  1  0  0  0  0
  6 18  1  0  0  0  0
  7  6  1  0  0  0  0
  7  4  1  0  0  0  0
  8  1  1  0  0  0  0
  9  1  1  0  0  0  0
 12  3  1  0  0  0  0
 14  3  1  0  0  0  0
 19  6  1  0  0  0  0
M  END
