Lattice="13.01145044 0.0 0.0 0.0 13.00697765 0.0 0.0 0.0 14.543669359999999" Properties=species:S:1:pos:R:3:GW_charged:R:1:dKS_charged:R:1:dKS_neutral:R:1 pbc="T T T"
 OpenBabel12102411063D
Lattice="13.01145044 0.0 0.0 0.0 13.00697765 0.0 0.0 0.0 14.543669359999999" Properties=species:S:1:pos:R:3:GW_charged:R:1:dKS_charged:R:1:dKS_neutral:R:1 pbc="T T T"
 21 23  0  0  1  0  0  0  0  0999 V2000
    6.2857    7.8941    5.6672 C   0  0  0  0  0  0  0  0  0  0  0  0
    7.4669    6.9926    5.4276 C   0  0  1  0  0  0  0  0  0  0  0  0
    8.2258    6.6449    6.5658 O   0  0  0  0  0  0  0  0  0  0  0  0
    7.5982    5.5281    7.2436 C   0  0  1  0  0  0  0  0  0  0  0  0
    7.5860    5.7655    8.7521 C   0  0  0  0  0  0  0  0  0  0  0  0
    6.3181    6.5966    8.9989 C   0  0  0  0  0  0  0  0  0  0  0  0
    5.2891    5.9945    8.0221 C   0  0  0  0  0  0  0  0  0  0  0  0
    6.1063    5.5146    6.7911 C   0  0  1  0  0  0  0  0  0  0  0  0
    6.0967    6.3904    5.5399 C   0  0  1  0  0  0  0  0  0  0  0  0
    6.2076    8.3627    6.6470 H   0  0  0  0  0  0  0  0  0  0  0  0
    5.9297    8.5070    4.8392 H   0  0  0  0  0  0  0  0  0  0  0  0
    8.0397    7.0327    4.5000 H   0  0  0  0  0  0  0  0  0  0  0  0
    8.1372    4.6059    6.9648 H   0  0  0  0  0  0  0  0  0  0  0  0
    7.5096    4.7922    9.2629 H   0  0  0  0  0  0  0  0  0  0  0  0
    8.5115    6.2468    9.0927 H   0  0  0  0  0  0  0  0  0  0  0  0
    5.9821    6.5650   10.0437 H   0  0  0  0  0  0  0  0  0  0  0  0
    6.5144    7.6509    8.7552 H   0  0  0  0  0  0  0  0  0  0  0  0
    4.7927    5.1328    8.4926 H   0  0  0  0  0  0  0  0  0  0  0  0
    4.5000    6.7035    7.7399 H   0  0  0  0  0  0  0  0  0  0  0  0
    5.8003    4.5000    6.5030 H   0  0  0  0  0  0  0  0  0  0  0  0
    5.5747    6.0203    4.6591 H   0  0  0  0  0  0  0  0  0  0  0  0
  1 10  1  0  0  0  0
  2 12  1  6  0  0  0
  2  9  1  0  0  0  0
  2  1  1  0  0  0  0
  2  3  1  0  0  0  0
  3  4  1  0  0  0  0
  4 13  1  6  0  0  0
  4  5  1  0  0  0  0
  5  6  1  0  0  0  0
  5 15  1  0  0  0  0
  5 14  1  0  0  0  0
  6 16  1  0  0  0  0
  7 18  1  0  0  0  0
  7  6  1  0  0  0  0
  8 20  1  6  0  0  0
  8  4  1  0  0  0  0
  8  7  1  0  0  0  0
  9 21  1  6  0  0  0
  9  1  1  0  0  0  0
  9  8  1  0  0  0  0
 11  1  1  0  0  0  0
 17  6  1  0  0  0  0
 19  7  1  0  0  0  0
M  END
