Lattice="12.152627410000001 0.0 0.0 0.0 12.69954407 0.0 0.0 0.0 16.750067729999998" Properties=species:S:1:pos:R:3:GW_charged:R:1:dKS_charged:R:1:dKS_neutral:R:1 pbc="T T T"
 OpenBabel12102409403D
Lattice="12.152627410000001 0.0 0.0 0.0 12.69954407 0.0 0.0 0.0 16.750067729999998" Properties=species:S:1:pos:R:3:GW_charged:R:1:dKS_charged:R:1:dKS_neutral:R:1 pbc="T T T"
 20 19  0  0  0  0  0  0  0  0999 V2000
    5.7360    7.7182   10.2759 C   0  0  0  0  0  0  0  0  0  0  0  0
    5.8634    6.2020   10.1181 C   0  0  0  0  0  0  0  0  0  0  0  0
    6.5825    5.5934   11.3289 C   0  0  0  0  0  0  0  0  0  0  0  0
    4.5000    5.7185   10.0674 O   0  0  0  0  0  0  0  0  0  0  0  0
    6.6118    5.8047    8.8256 C   0  0  0  0  0  0  0  0  0  0  0  0
    5.9632    6.3171    7.5255 C   0  0  0  0  0  0  0  0  0  0  0  0
    6.5864    5.7564    6.3359 C   0  0  0  0  0  0  0  0  0  0  0  0
    7.1251    5.2727    5.3651 C   0  0  0  0  0  0  0  0  0  0  0  0
    6.7222    8.1995   10.2443 H   0  0  0  0  0  0  0  0  0  0  0  0
    5.1124    8.1457    9.4812 H   0  0  0  0  0  0  0  0  0  0  0  0
    5.2618    7.9575   11.2362 H   0  0  0  0  0  0  0  0  0  0  0  0
    6.0294    5.8183   12.2501 H   0  0  0  0  0  0  0  0  0  0  0  0
    6.6615    4.5000   11.2305 H   0  0  0  0  0  0  0  0  0  0  0  0
    7.6021    5.9904   11.4304 H   0  0  0  0  0  0  0  0  0  0  0  0
    4.5286    4.7483   10.0842 H   0  0  0  0  0  0  0  0  0  0  0  0
    7.6526    6.1581    8.8804 H   0  0  0  0  0  0  0  0  0  0  0  0
    6.6659    4.7050    8.7805 H   0  0  0  0  0  0  0  0  0  0  0  0
    4.8907    6.0667    7.5359 H   0  0  0  0  0  0  0  0  0  0  0  0
    6.0231    7.4156    7.4749 H   0  0  0  0  0  0  0  0  0  0  0  0
    7.5922    4.8524    4.5000 H   0  0  0  0  0  0  0  0  0  0  0  0
  1 11  1  0  0  0  0
  2  1  1  0  0  0  0
  2  3  1  0  0  0  0
  3 14  1  0  0  0  0
  3 12  1  0  0  0  0
  4 15  1  0  0  0  0
  4  2  1  0  0  0  0
  5 16  1  0  0  0  0
  5  2  1  0  0  0  0
  6 18  1  0  0  0  0
  6  5  1  0  0  0  0
  7  6  1  0  0  0  0
  8  7  3  0  0  0  0
  9  1  1  0  0  0  0
 10  1  1  0  0  0  0
 13  3  1  0  0  0  0
 17  5  1  0  0  0  0
 19  6  1  0  0  0  0
 20  8  1  0  0  0  0
M  END
