Lattice="14.70887442 0.0 0.0 0.0 14.24063558 0.0 0.0 0.0 12.84079491" Properties=species:S:1:pos:R:3:GW_charged:R:1:dKS_charged:R:1:dKS_neutral:R:1 pbc="T T T"
 OpenBabel12102411073D
Lattice="14.70887442 0.0 0.0 0.0 14.24063558 0.0 0.0 0.0 12.84079491" Properties=species:S:1:pos:R:3:GW_charged:R:1:dKS_charged:R:1:dKS_neutral:R:1 pbc="T T T"
 23 23  0  0  0  0  0  0  0  0999 V2000
    5.5406    7.9744    6.4385 C   0  0  0  0  0  0  0  0  0  0  0  0
    6.9154    8.6618    6.5269 C   0  0  0  0  0  0  0  0  0  0  0  0
    7.8425    8.1442    7.6455 C   0  0  0  0  0  0  0  0  0  0  0  0
    9.1203    7.6594    7.2170 O   0  0  0  0  0  0  0  0  0  0  0  0
    9.1422    6.6335    6.2241 C   0  0  0  0  0  0  0  0  0  0  0  0
    8.3554    5.3524    6.5699 C   0  0  0  0  0  0  0  0  0  0  0  0
    7.4098    4.9241    5.5895 O   0  0  0  0  0  0  0  0  0  0  0  0
    6.3966    5.8544    5.1907 C   0  0  0  0  0  0  0  0  0  0  0  0
    5.5398    6.4385    6.3323 C   0  0  0  0  0  0  0  0  0  0  0  0
    4.9408    8.2564    7.3191 H   0  0  0  0  0  0  0  0  0  0  0  0
    5.0036    8.3946    5.5726 H   0  0  0  0  0  0  0  0  0  0  0  0
    7.4454    8.5750    5.5674 H   0  0  0  0  0  0  0  0  0  0  0  0
    6.7528    9.7406    6.6607 H   0  0  0  0  0  0  0  0  0  0  0  0
    8.0993    8.9529    8.3408 H   0  0  0  0  0  0  0  0  0  0  0  0
    7.3220    7.3729    8.2422 H   0  0  0  0  0  0  0  0  0  0  0  0
    8.7971    7.0141    5.2462 H   0  0  0  0  0  0  0  0  0  0  0  0
   10.2089    6.4044    6.1097 H   0  0  0  0  0  0  0  0  0  0  0  0
    9.0398    4.5000    6.6617 H   0  0  0  0  0  0  0  0  0  0  0  0
    7.8790    5.4791    7.5584 H   0  0  0  0  0  0  0  0  0  0  0  0
    6.8421    6.6720    4.5950 H   0  0  0  0  0  0  0  0  0  0  0  0
    5.7755    5.2708    4.5000 H   0  0  0  0  0  0  0  0  0  0  0  0
    5.8726    5.9925    7.2806 H   0  0  0  0  0  0  0  0  0  0  0  0
    4.5000    6.1023    6.2141 H   0  0  0  0  0  0  0  0  0  0  0  0
  1  2  1  0  0  0  0
  1 10  1  0  0  0  0
  2 13  1  0  0  0  0
  2  3  1  0  0  0  0
  3 15  1  0  0  0  0
  3 14  1  0  0  0  0
  4  3  1  0  0  0  0
  5  6  1  0  0  0  0
  5  4  1  0  0  0  0
  6 18  1  0  0  0  0
  6 19  1  0  0  0  0
  7  6  1  0  0  0  0
  8  7  1  0  0  0  0
  8  9  1  0  0  0  0
  9  1  1  0  0  0  0
  9 22  1  0  0  0  0
 11  1  1  0  0  0  0
 12  2  1  0  0  0  0
 16  5  1  0  0  0  0
 17  5  1  0  0  0  0
 20  8  1  0  0  0  0
 21  8  1  0  0  0  0
 23  9  1  0  0  0  0
M  END
