Lattice="14.66753254 0.0 0.0 0.0 12.69190332 0.0 0.0 0.0 13.88820612" Properties=species:S:1:pos:R:3:GW_charged:R:1:dKS_charged:R:1:dKS_neutral:R:1 pbc="T T T"
 OpenBabel12102409263D
Lattice="14.66753254 0.0 0.0 0.0 12.69190332 0.0 0.0 0.0 13.88820612" Properties=species:S:1:pos:R:3:GW_charged:R:1:dKS_charged:R:1:dKS_neutral:R:1 pbc="T T T"
 21 20  0  0  0  0  0  0  0  0999 V2000
    6.4270    7.7198    7.2673 C   0  0  0  0  0  0  0  0  0  0  0  0
    6.5238    6.1831    7.2195 C   0  0  0  0  0  0  0  0  0  0  0  0
    7.1962    5.6681    8.5063 C   0  0  0  0  0  0  0  0  0  0  0  0
    5.1016    5.5990    7.1352 C   0  0  0  0  0  0  0  0  0  0  0  0
    7.2962    5.7130    5.9615 C   0  0  0  0  0  0  0  0  0  0  0  0
    8.7409    6.1727    5.8262 C   0  0  0  0  0  0  0  0  0  0  0  0
    9.2472    5.6221    4.6002 O   0  0  0  0  0  0  0  0  0  0  0  0
    7.4104    8.1919    7.3989 H   0  0  0  0  0  0  0  0  0  0  0  0
    5.9835    8.1188    6.3433 H   0  0  0  0  0  0  0  0  0  0  0  0
    5.7949    8.0424    8.1073 H   0  0  0  0  0  0  0  0  0  0  0  0
    6.5900    5.9211    9.3882 H   0  0  0  0  0  0  0  0  0  0  0  0
    7.3124    4.5747    8.4836 H   0  0  0  0  0  0  0  0  0  0  0  0
    8.1915    6.1086    8.6572 H   0  0  0  0  0  0  0  0  0  0  0  0
    4.5820    5.9475    6.2308 H   0  0  0  0  0  0  0  0  0  0  0  0
    5.1247    4.5000    7.1052 H   0  0  0  0  0  0  0  0  0  0  0  0
    4.5000    5.8991    8.0054 H   0  0  0  0  0  0  0  0  0  0  0  0
    7.2905    4.6113    5.9309 H   0  0  0  0  0  0  0  0  0  0  0  0
    6.7521    6.0478    5.0635 H   0  0  0  0  0  0  0  0  0  0  0  0
    8.7997    7.2754    5.8037 H   0  0  0  0  0  0  0  0  0  0  0  0
    9.3446    5.8214    6.6817 H   0  0  0  0  0  0  0  0  0  0  0  0
   10.1675    5.9067    4.5000 H   0  0  0  0  0  0  0  0  0  0  0  0
  1  8  1  0  0  0  0
  1 10  1  0  0  0  0
  2  1  1  0  0  0  0
  2  3  1  0  0  0  0
  3 13  1  0  0  0  0
  3 11  1  0  0  0  0
  4  2  1  0  0  0  0
  4 16  1  0  0  0  0
  5  2  1  0  0  0  0
  6  5  1  0  0  0  0
  6 20  1  0  0  0  0
  7  6  1  0  0  0  0
  9  1  1  0  0  0  0
 12  3  1  0  0  0  0
 14  4  1  0  0  0  0
 15  4  1  0  0  0  0
 17  5  1  0  0  0  0
 18  5  1  0  0  0  0
 19  6  1  0  0  0  0
 21  7  1  0  0  0  0
M  END
