Lattice="13.24430797 0.0 0.0 0.0 13.80956254 0.0 0.0 0.0 12.46299252" Properties=species:S:1:pos:R:3:GW_charged:R:1:dKS_charged:R:1:dKS_neutral:R:1 pbc="T T T"
 OpenBabel12102409373D
Lattice="13.24430797 0.0 0.0 0.0 13.80956254 0.0 0.0 0.0 12.46299252" Properties=species:S:1:pos:R:3:GW_charged:R:1:dKS_charged:R:1:dKS_neutral:R:1 pbc="T T T"
 17 17  0  0  1  0  0  0  0  0999 V2000
    5.9707    8.6594    6.6373 C   0  0  0  0  0  0  0  0  0  0  0  0
    5.5791    7.2144    6.4283 C   0  0  1  0  0  0  0  0  0  0  0  0
    6.0576    6.4913    5.1509 C   0  0  0  0  0  0  0  0  0  0  0  0
    6.7266    5.4930    6.1119 C   0  0  1  0  0  0  0  0  0  0  0  0
    8.2328    5.3392    6.0434 C   0  0  0  0  0  0  0  0  0  0  0  0
    8.7443    4.6673    7.1900 O   0  0  0  0  0  0  0  0  0  0  0  0
    6.3399    6.2914    7.2772 O   0  0  0  0  0  0  0  0  0  0  0  0
    7.0415    8.8088    6.4421 H   0  0  0  0  0  0  0  0  0  0  0  0
    5.3967    9.3096    5.9607 H   0  0  0  0  0  0  0  0  0  0  0  0
    5.7598    8.9718    7.6692 H   0  0  0  0  0  0  0  0  0  0  0  0
    4.5000    7.0792    6.6190 H   0  0  0  0  0  0  0  0  0  0  0  0
    5.2753    6.0881    4.5000 H   0  0  0  0  0  0  0  0  0  0  0  0
    6.7666    7.0745    4.5478 H   0  0  0  0  0  0  0  0  0  0  0  0
    6.2478    4.5000    6.1588 H   0  0  0  0  0  0  0  0  0  0  0  0
    8.5082    4.7310    5.1683 H   0  0  0  0  0  0  0  0  0  0  0  0
    8.6967    6.3376    5.9270 H   0  0  0  0  0  0  0  0  0  0  0  0
    8.4159    5.1570    7.9630 H   0  0  0  0  0  0  0  0  0  0  0  0
  1 10  1  0  0  0  0
  2 11  1  1  0  0  0
  2  1  1  0  0  0  0
  2  7  1  0  0  0  0
  3  4  1  0  0  0  0
  3  2  1  0  0  0  0
  4 14  1  6  0  0  0
  4  7  1  0  0  0  0
  5  4  1  0  0  0  0
  5  6  1  0  0  0  0
  6 17  1  0  0  0  0
  8  1  1  0  0  0  0
  9  1  1  0  0  0  0
 12  3  1  0  0  0  0
 13  3  1  0  0  0  0
 15  5  1  0  0  0  0
 16  5  1  0  0  0  0
M  END
