Lattice="12.574582209999999 0.0 0.0 0.0 13.82038785 0.0 0.0 0.0 13.21841" Properties=species:S:1:pos:R:3:GW_charged:R:1:dKS_charged:R:1:dKS_neutral:R:1 pbc="T T T"
 OpenBabel12102409373D
Lattice="12.574582209999999 0.0 0.0 0.0 13.82038785 0.0 0.0 0.0 13.21841" Properties=species:S:1:pos:R:3:GW_charged:R:1:dKS_charged:R:1:dKS_neutral:R:1 pbc="T T T"
 19 19  0  0  1  0  0  0  0  0999 V2000
    5.2159    8.7651    6.5512 C   0  0  0  0  0  0  0  0  0  0  0  0
    5.4704    7.2615    6.5833 C   0  0  1  0  0  0  0  0  0  0  0  0
    6.2236    6.7011    5.3568 C   0  0  0  0  0  0  0  0  0  0  0  0
    6.8761    5.3746    5.8279 C   0  0  0  0  0  0  0  0  0  0  0  0
    6.6547    5.3208    7.3618 C   0  0  0  0  0  0  0  0  0  0  0  0
    6.3063    6.7573    7.7712 C   0  0  1  0  0  0  0  0  0  0  0  0
    7.4764    7.5895    7.8707 O   0  0  0  0  0  0  0  0  0  0  0  0
    6.1618    9.3204    6.5159 H   0  0  0  0  0  0  0  0  0  0  0  0
    4.6240    9.0414    5.6673 H   0  0  0  0  0  0  0  0  0  0  0  0
    4.6632    9.0992    7.4407 H   0  0  0  0  0  0  0  0  0  0  0  0
    4.5000    6.7403    6.6615 H   0  0  0  0  0  0  0  0  0  0  0  0
    5.5513    6.5607    4.5000 H   0  0  0  0  0  0  0  0  0  0  0  0
    6.9957    7.4184    5.0449 H   0  0  0  0  0  0  0  0  0  0  0  0
    6.4303    4.5000    5.3369 H   0  0  0  0  0  0  0  0  0  0  0  0
    7.9456    5.3611    5.5839 H   0  0  0  0  0  0  0  0  0  0  0  0
    5.8074    4.6646    7.6134 H   0  0  0  0  0  0  0  0  0  0  0  0
    7.5251    4.9336    7.9117 H   0  0  0  0  0  0  0  0  0  0  0  0
    5.7382    6.7994    8.7184 H   0  0  0  0  0  0  0  0  0  0  0  0
    8.0746    7.1806    8.5136 H   0  0  0  0  0  0  0  0  0  0  0  0
  1  2  1  0  0  0  0
  1 10  1  0  0  0  0
  2 11  1  1  0  0  0
  2  6  1  0  0  0  0
  3  4  1  0  0  0  0
  3  2  1  0  0  0  0
  4  5  1  0  0  0  0
  5 16  1  0  0  0  0
  5  6  1  0  0  0  0
  5 17  1  0  0  0  0
  6  7  1  0  0  0  0
  6 18  1  1  0  0  0
  7 19  1  0  0  0  0
  8  1  1  0  0  0  0
  9  1  1  0  0  0  0
 12  3  1  0  0  0  0
 13  3  1  0  0  0  0
 14  4  1  0  0  0  0
 15  4  1  0  0  0  0
M  END
