Lattice="13.21091479 0.0 0.0 0.0 14.909595419999999 0.0 0.0 0.0 13.1570392" Properties=species:S:1:pos:R:3:GW_charged:R:1:dKS_charged:R:1:dKS_neutral:R:1 pbc="T T T"
 OpenBabel12102411063D
Lattice="13.21091479 0.0 0.0 0.0 14.909595419999999 0.0 0.0 0.0 13.1570392" Properties=species:S:1:pos:R:3:GW_charged:R:1:dKS_charged:R:1:dKS_neutral:R:1 pbc="T T T"
 21 23  0  0  1  0  0  0  0  0999 V2000
    6.0968    9.8461    6.6504 C   0  0  0  0  0  0  0  0  0  0  0  0
    7.4214    9.1631    6.4930 C   0  0  1  0  0  0  0  0  0  0  0  0
    7.8311    8.4725    7.7965 C   0  0  0  0  0  0  0  0  0  0  0  0
    6.5023    7.6491    7.7779 C   0  0  2  0  0  0  0  0  0  0  0  0
    6.6642    6.1477    7.5440 C   0  0  0  0  0  0  0  0  0  0  0  0
    5.4249    5.5533    6.8526 C   0  0  0  0  0  0  0  0  0  0  0  0
    5.0535    6.3217    5.6081 C   0  0  0  0  0  0  0  0  0  0  0  0
    5.3941    7.6105    5.4265 C   0  0  0  0  0  0  0  0  0  0  0  0
    6.0893    8.3509    6.4764 C   0  0  1  0  0  0  0  0  0  0  0  0
    5.8084   10.2852    7.6105 H   0  0  0  0  0  0  0  0  0  0  0  0
    5.7559   10.4096    5.7810 H   0  0  0  0  0  0  0  0  0  0  0  0
    8.0790    9.3835    5.6531 H   0  0  0  0  0  0  0  0  0  0  0  0
    8.7109    7.8251    7.6888 H   0  0  0  0  0  0  0  0  0  0  0  0
    7.9926    9.1395    8.6570 H   0  0  0  0  0  0  0  0  0  0  0  0
    5.8180    7.8324    8.6233 H   0  0  0  0  0  0  0  0  0  0  0  0
    7.5347    5.9807    6.8887 H   0  0  0  0  0  0  0  0  0  0  0  0
    6.8741    5.6281    8.4909 H   0  0  0  0  0  0  0  0  0  0  0  0
    5.6119    4.5000    6.5929 H   0  0  0  0  0  0  0  0  0  0  0  0
    4.5707    5.5337    7.5534 H   0  0  0  0  0  0  0  0  0  0  0  0
    4.5000    5.7934    4.8293 H   0  0  0  0  0  0  0  0  0  0  0  0
    5.1345    8.1286    4.5000 H   0  0  0  0  0  0  0  0  0  0  0  0
  1 10  1  0  0  0  0
  2 12  1  6  0  0  0
  2  1  1  0  0  0  0
  2  3  1  0  0  0  0
  3 14  1  0  0  0  0
  4  3  1  0  0  0  0
  4 15  1  1  0  0  0
  5  4  1  0  0  0  0
  5 17  1  0  0  0  0
  6  5  1  0  0  0  0
  6 19  1  0  0  0  0
  7  6  1  0  0  0  0
  8  7  2  0  0  0  0
  9  8  1  6  0  0  0
  9  2  1  0  0  0  0
  9  1  1  0  0  0  0
  9  4  1  0  0  0  0
 11  1  1  0  0  0  0
 13  3  1  0  0  0  0
 16  5  1  0  0  0  0
 18  6  1  0  0  0  0
 20  7  1  0  0  0  0
 21  8  1  0  0  0  0
M  END
