Lattice="15.87478192 0.0 0.0 0.0 14.463829149999999 0.0 0.0 0.0 13.48772035" Properties=species:S:1:pos:R:3:GW_charged:R:1:dKS_charged:R:1:dKS_neutral:R:1 pbc="T T T"
 OpenBabel12102409453D
Lattice="15.87478192 0.0 0.0 0.0 14.463829149999999 0.0 0.0 0.0 13.48772035" Properties=species:S:1:pos:R:3:GW_charged:R:1:dKS_charged:R:1:dKS_neutral:R:1 pbc="T T T"
 19 20  0  0  1  0  0  0  0  0999 V2000
    9.3977    5.5615    6.6053 C   0  0  0  0  0  0  0  0  0  0  0  0
    9.2906    6.7633    6.7131 C   0  0  0  0  0  0  0  0  0  0  0  0
    9.1590    8.1909    6.8320 C   0  0  0  0  0  0  0  0  0  0  0  0
    8.0408    8.8309    6.0122 C   0  0  0  0  0  0  0  0  0  0  0  0
    6.6557    8.3968    6.4291 C   0  0  1  0  0  0  0  0  0  0  0  0
    5.5050    8.4948    5.5193 C   0  0  0  0  0  0  0  0  0  0  0  0
    6.1061    7.2220    5.8041 O   0  0  0  0  0  0  0  0  0  0  0  0
    9.4933    8.8107    8.1864 C   0  0  0  0  0  0  0  0  0  0  0  0
   10.4409    8.9895    7.0359 C   0  0  0  0  0  0  0  0  0  0  0  0
    9.4789    4.5000    6.5082 H   0  0  0  0  0  0  0  0  0  0  0  0
    8.1114    9.9254    6.1249 H   0  0  0  0  0  0  0  0  0  0  0  0
    8.1834    8.6036    4.9451 H   0  0  0  0  0  0  0  0  0  0  0  0
    6.4548    8.4498    7.5062 H   0  0  0  0  0  0  0  0  0  0  0  0
    4.5000    8.6414    5.9260 H   0  0  0  0  0  0  0  0  0  0  0  0
    5.6580    8.8641    4.5000 H   0  0  0  0  0  0  0  0  0  0  0  0
    8.8897    9.6624    8.4990 H   0  0  0  0  0  0  0  0  0  0  0  0
    9.7764    8.1321    8.9877 H   0  0  0  0  0  0  0  0  0  0  0  0
   11.3748    8.4321    7.0468 H   0  0  0  0  0  0  0  0  0  0  0  0
   10.4934    9.9638    6.5511 H   0  0  0  0  0  0  0  0  0  0  0  0
  1  2  3  0  0  0  0
  2  3  1  0  0  0  0
  3  9  1  0  0  0  0
  3  8  1  0  0  0  0
  4 11  1  0  0  0  0
  4  5  1  0  0  0  0
  4  3  1  0  0  0  0
  5 13  1  1  0  0  0
  6  7  1  0  0  0  0
  6 14  1  0  0  0  0
  6  5  1  0  0  0  0
  7  5  1  0  0  0  0
  8 16  1  0  0  0  0
  8 17  1  0  0  0  0
  9 18  1  0  0  0  0
  9  8  1  0  0  0  0
 10  1  1  0  0  0  0
 12  4  1  0  0  0  0
 15  6  1  0  0  0  0
 19  9  1  0  0  0  0
M  END
