Lattice="12.16580487 0.0 0.0 0.0 14.85904617 0.0 0.0 0.0 13.07775152" Properties=species:S:1:pos:R:3:GW_charged:R:1:dKS_charged:R:1:dKS_neutral:R:1 pbc="T T T"
 OpenBabel12102409323D
Lattice="12.16580487 0.0 0.0 0.0 14.85904617 0.0 0.0 0.0 13.07775152" Properties=species:S:1:pos:R:3:GW_charged:R:1:dKS_charged:R:1:dKS_neutral:R:1 pbc="T T T"
 19 19  0  0  0  0  0  0  0  0999 V2000
    5.6164    9.8926    7.4964 C   0  0  0  0  0  0  0  0  0  0  0  0
    5.4867    8.3821    7.5375 C   0  0  0  0  0  0  0  0  0  0  0  0
    6.5238    7.8252    6.7246 O   0  0  0  0  0  0  0  0  0  0  0  0
    6.4128    6.4341    6.5009 C   0  0  0  0  0  0  0  0  0  0  0  0
    6.6816    5.5615    7.7070 C   0  0  0  0  0  0  0  0  0  0  0  0
    5.4175    5.9953    5.4487 C   0  0  0  0  0  0  0  0  0  0  0  0
    6.9067    6.0147    5.1498 C   0  0  0  0  0  0  0  0  0  0  0  0
    6.6007   10.2079    7.8666 H   0  0  0  0  0  0  0  0  0  0  0  0
    5.5001   10.2668    6.4709 H   0  0  0  0  0  0  0  0  0  0  0  0
    4.8464   10.3590    8.1258 H   0  0  0  0  0  0  0  0  0  0  0  0
    5.5737    8.0183    8.5778 H   0  0  0  0  0  0  0  0  0  0  0  0
    4.5000    8.0593    7.1568 H   0  0  0  0  0  0  0  0  0  0  0  0
    5.9218    5.6990    8.4894 H   0  0  0  0  0  0  0  0  0  0  0  0
    6.6761    4.5000    7.4279 H   0  0  0  0  0  0  0  0  0  0  0  0
    7.6658    5.7991    8.1347 H   0  0  0  0  0  0  0  0  0  0  0  0
    4.9177    5.0345    5.5675 H   0  0  0  0  0  0  0  0  0  0  0  0
    4.8114    6.7705    4.9823 H   0  0  0  0  0  0  0  0  0  0  0  0
    7.2713    6.8080    4.5000 H   0  0  0  0  0  0  0  0  0  0  0  0
    7.4373    5.0673    5.0638 H   0  0  0  0  0  0  0  0  0  0  0  0
  1  2  1  0  0  0  0
  1  8  1  0  0  0  0
  1 10  1  0  0  0  0
  2 11  1  0  0  0  0
  3  2  1  0  0  0  0
  4  3  1  0  0  0  0
  4  5  1  0  0  0  0
  5 15  1  0  0  0  0
  5 13  1  0  0  0  0
  6 16  1  0  0  0  0
  6  4  1  0  0  0  0
  7  6  1  0  0  0  0
  7  4  1  0  0  0  0
  9  1  1  0  0  0  0
 12  2  1  0  0  0  0
 14  5  1  0  0  0  0
 17  6  1  0  0  0  0
 18  7  1  0  0  0  0
 19  7  1  0  0  0  0
M  END
