Lattice="12.65258773 0.0 0.0 0.0 12.596452150000001 0.0 0.0 0.0 13.127330539999999" Properties=species:S:1:pos:R:3:GW_charged:R:1:dKS_charged:R:1:dKS_neutral:R:1 pbc="T T T"
 OpenBabel12102409263D
Lattice="12.65258773 0.0 0.0 0.0 12.596452150000001 0.0 0.0 0.0 13.127330539999999" Properties=species:S:1:pos:R:3:GW_charged:R:1:dKS_charged:R:1:dKS_neutral:R:1 pbc="T T T"
 14 13  0  0  0  0  0  0  0  0999 V2000
    6.0675    7.6092    6.5246 C   0  0  0  0  0  0  0  0  0  0  0  0
    6.2205    6.0791    6.5251 C   0  0  0  0  0  0  0  0  0  0  0  0
    7.1348    5.5963    7.6556 C   0  0  0  0  0  0  0  0  0  0  0  0
    4.9372    5.4327    6.5700 O   0  0  0  0  0  0  0  0  0  0  0  0
    6.7964    5.6601    5.1660 C   0  0  0  0  0  0  0  0  0  0  0  0
    7.9381    5.8642    4.8200 O   0  0  0  0  0  0  0  0  0  0  0  0
    7.0426    8.0965    6.3968 H   0  0  0  0  0  0  0  0  0  0  0  0
    5.4018    7.9320    5.7137 H   0  0  0  0  0  0  0  0  0  0  0  0
    5.6365    7.9428    7.4803 H   0  0  0  0  0  0  0  0  0  0  0  0
    6.7583    5.9475    8.6273 H   0  0  0  0  0  0  0  0  0  0  0  0
    7.1758    4.5000    7.6723 H   0  0  0  0  0  0  0  0  0  0  0  0
    8.1526    5.9826    7.5174 H   0  0  0  0  0  0  0  0  0  0  0  0
    4.5000    5.6865    7.3974 H   0  0  0  0  0  0  0  0  0  0  0  0
    6.0530    5.1548    4.5000 H   0  0  0  0  0  0  0  0  0  0  0  0
  1  2  1  0  0  0  0
  1  9  1  0  0  0  0
  2  4  1  0  0  0  0
  2  3  1  0  0  0  0
  3 11  1  0  0  0  0
  3 10  1  0  0  0  0
  4 13  1  0  0  0  0
  5  2  1  0  0  0  0
  6  5  2  0  0  0  0
  7  1  1  0  0  0  0
  8  1  1  0  0  0  0
 12  3  1  0  0  0  0
 14  5  1  0  0  0  0
M  END
