Lattice="13.17112887 0.0 0.0 0.0 14.80195637 0.0 0.0 0.0 14.54457082" Properties=species:S:1:pos:R:3:GW_charged:R:1:dKS_charged:R:1:dKS_neutral:R:1 pbc="T T T"
 OpenBabel12102411073D
Lattice="13.17112887 0.0 0.0 0.0 14.80195637 0.0 0.0 0.0 14.54457082" Properties=species:S:1:pos:R:3:GW_charged:R:1:dKS_charged:R:1:dKS_neutral:R:1 pbc="T T T"
 25 26  0  0  0  0  0  0  0  0999 V2000
    5.5466    9.3029    5.5393 C   0  0  0  0  0  0  0  0  0  0  0  0
    6.8232    9.5421    6.3864 C   0  0  0  0  0  0  0  0  0  0  0  0
    6.7010    8.0970    6.9605 C   0  0  0  0  0  0  0  0  0  0  0  0
    5.2319    8.0621    6.4130 C   0  0  0  0  0  0  0  0  0  0  0  0
    7.6247    7.1011    6.2405 C   0  0  0  0  0  0  0  0  0  0  0  0
    7.4117    5.6561    6.7091 C   0  0  0  0  0  0  0  0  0  0  0  0
    7.5516    5.5309    8.2307 C   0  0  0  0  0  0  0  0  0  0  0  0
    6.6297    6.5183    8.9559 C   0  0  0  0  0  0  0  0  0  0  0  0
    6.8638    7.9558    8.4756 C   0  0  0  0  0  0  0  0  0  0  0  0
    4.7991   10.1056    5.5247 H   0  0  0  0  0  0  0  0  0  0  0  0
    5.7771    9.0355    4.5000 H   0  0  0  0  0  0  0  0  0  0  0  0
    7.7520    9.7817    5.8496 H   0  0  0  0  0  0  0  0  0  0  0  0
    6.6692   10.3020    7.1659 H   0  0  0  0  0  0  0  0  0  0  0  0
    4.5000    8.2826    7.2030 H   0  0  0  0  0  0  0  0  0  0  0  0
    4.9092    7.1487    5.8953 H   0  0  0  0  0  0  0  0  0  0  0  0
    7.4840    7.1718    5.1499 H   0  0  0  0  0  0  0  0  0  0  0  0
    8.6711    7.3967    6.4353 H   0  0  0  0  0  0  0  0  0  0  0  0
    6.4057    5.3167    6.4089 H   0  0  0  0  0  0  0  0  0  0  0  0
    8.1231    4.9876    6.2012 H   0  0  0  0  0  0  0  0  0  0  0  0
    7.3379    4.5000    8.5510 H   0  0  0  0  0  0  0  0  0  0  0  0
    8.5980    5.7351    8.5175 H   0  0  0  0  0  0  0  0  0  0  0  0
    5.5783    6.2392    8.7693 H   0  0  0  0  0  0  0  0  0  0  0  0
    6.7762    6.4527   10.0446 H   0  0  0  0  0  0  0  0  0  0  0  0
    7.8854    8.2733    8.7529 H   0  0  0  0  0  0  0  0  0  0  0  0
    6.1756    8.6481    8.9866 H   0  0  0  0  0  0  0  0  0  0  0  0
  1  2  1  0  0  0  0
  1  4  1  0  0  0  0
  2  3  1  0  0  0  0
  2 13  1  0  0  0  0
  3  9  1  0  0  0  0
  4  3  1  0  0  0  0
  4 14  1  0  0  0  0
  5 17  1  0  0  0  0
  5  6  1  0  0  0  0
  5  3  1  0  0  0  0
  6  7  1  0  0  0  0
  7 21  1  0  0  0  0
  7 20  1  0  0  0  0
  7  8  1  0  0  0  0
  8 23  1  0  0  0  0
  9 24  1  0  0  0  0
  9  8  1  0  0  0  0
  9 25  1  0  0  0  0
 10  1  1  0  0  0  0
 11  1  1  0  0  0  0
 12  2  1  0  0  0  0
 15  4  1  0  0  0  0
 16  5  1  0  0  0  0
 18  6  1  0  0  0  0
 19  6  1  0  0  0  0
 22  8  1  0  0  0  0
M  END
