Lattice="13.524249619999999 0.0 0.0 0.0 16.54680176 0.0 0.0 0.0 12.05891856" Properties=species:S:1:pos:R:3:GW_charged:R:1:dKS_charged:R:1:dKS_neutral:R:1 pbc="T T T"
 OpenBabel12102409453D
Lattice="13.524249619999999 0.0 0.0 0.0 16.54680176 0.0 0.0 0.0 12.05891856" Properties=species:S:1:pos:R:3:GW_charged:R:1:dKS_charged:R:1:dKS_neutral:R:1 pbc="T T T"
 19 19  0  0  0  0  0  0  0  0999 V2000
    7.0099    5.5573    4.9547 C   0  0  0  0  0  0  0  0  0  0  0  0
    6.9235    6.7572    5.1268 C   0  0  0  0  0  0  0  0  0  0  0  0
    6.9023    8.1642    5.3256 C   0  0  0  0  0  0  0  0  0  0  0  0
    5.7356    8.8482    5.2932 C   0  0  0  0  0  0  0  0  0  0  0  0
    5.5722   10.3360    5.4352 C   0  0  0  0  0  0  0  0  0  0  0  0
    6.3029   10.9892    6.6193 C   0  0  0  0  0  0  0  0  0  0  0  0
    7.8268   10.9515    6.5346 C   0  0  0  0  0  0  0  0  0  0  0  0
    8.3895    9.6499    6.6741 O   0  0  0  0  0  0  0  0  0  0  0  0
    8.2687    8.8226    5.5279 C   0  0  0  0  0  0  0  0  0  0  0  0
    7.0652    4.5000    4.8057 H   0  0  0  0  0  0  0  0  0  0  0  0
    4.8255    8.2680    5.1285 H   0  0  0  0  0  0  0  0  0  0  0  0
    5.9112   10.8225    4.5000 H   0  0  0  0  0  0  0  0  0  0  0  0
    4.5000   10.5639    5.5096 H   0  0  0  0  0  0  0  0  0  0  0  0
    5.9985   12.0468    6.6809 H   0  0  0  0  0  0  0  0  0  0  0  0
    5.9895   10.5101    7.5589 H   0  0  0  0  0  0  0  0  0  0  0  0
    8.1669   11.4009    5.5792 H   0  0  0  0  0  0  0  0  0  0  0  0
    8.2612   11.5419    7.3534 H   0  0  0  0  0  0  0  0  0  0  0  0
    9.0242    8.0370    5.6455 H   0  0  0  0  0  0  0  0  0  0  0  0
    8.5242    9.4017    4.6164 H   0  0  0  0  0  0  0  0  0  0  0  0
  1  2  3  0  0  0  0
  2  3  1  0  0  0  0
  3  9  1  0  0  0  0
  4  3  2  0  0  0  0
  4  5  1  0  0  0  0
  5 13  1  0  0  0  0
  5  6  1  0  0  0  0
  6 14  1  0  0  0  0
  6 15  1  0  0  0  0
  7  6  1  0  0  0  0
  7  8  1  0  0  0  0
  7 17  1  0  0  0  0
  9 18  1  0  0  0  0
  9  8  1  0  0  0  0
 10  1  1  0  0  0  0
 11  4  1  0  0  0  0
 12  5  1  0  0  0  0
 16  7  1  0  0  0  0
 19  9  1  0  0  0  0
M  END
