Lattice="13.64877077 0.0 0.0 0.0 16.80432483 0.0 0.0 0.0 12.35221266" Properties=species:S:1:pos:R:3:GW_charged:R:1:dKS_charged:R:1:dKS_neutral:R:1 pbc="T T T"
 OpenBabel12102410113D
Lattice="13.64877077 0.0 0.0 0.0 16.80432483 0.0 0.0 0.0 12.35221266" Properties=species:S:1:pos:R:3:GW_charged:R:1:dKS_charged:R:1:dKS_neutral:R:1 pbc="T T T"
 21 21  0  0  1  0  0  0  0  0999 V2000
    6.5957    5.5654    5.9220 C   0  0  0  0  0  0  0  0  0  0  0  0
    6.5315    6.7709    5.8293 C   0  0  0  0  0  0  0  0  0  0  0  0
    6.4587    8.2277    5.7481 C   0  0  1  0  0  0  0  0  0  0  0  0
    5.6904    8.8009    6.9732 C   0  0  0  0  0  0  0  0  0  0  0  0
    5.1603   10.2265    6.7834 C   0  0  0  0  0  0  0  0  0  0  0  0
    6.2096   11.3362    6.6440 C   0  0  0  0  0  0  0  0  0  0  0  0
    7.0905   11.2494    5.3841 C   0  0  0  0  0  0  0  0  0  0  0  0
    8.1030   10.1324    5.3938 C   0  0  0  0  0  0  0  0  0  0  0  0
    7.8435    8.8295    5.5582 C   0  0  0  0  0  0  0  0  0  0  0  0
    6.6490    4.5000    5.9955 H   0  0  0  0  0  0  0  0  0  0  0  0
    5.8557    8.4730    4.8510 H   0  0  0  0  0  0  0  0  0  0  0  0
    4.8401    8.1338    7.1746 H   0  0  0  0  0  0  0  0  0  0  0  0
    6.3505    8.7462    7.8522 H   0  0  0  0  0  0  0  0  0  0  0  0
    4.5000   10.2452    5.8983 H   0  0  0  0  0  0  0  0  0  0  0  0
    4.5132   10.4637    7.6421 H   0  0  0  0  0  0  0  0  0  0  0  0
    5.6850   12.3043    6.6327 H   0  0  0  0  0  0  0  0  0  0  0  0
    6.8592   11.3456    7.5341 H   0  0  0  0  0  0  0  0  0  0  0  0
    6.4338   11.1471    4.5000 H   0  0  0  0  0  0  0  0  0  0  0  0
    7.6169   12.2047    5.2523 H   0  0  0  0  0  0  0  0  0  0  0  0
    9.1488   10.4188    5.2590 H   0  0  0  0  0  0  0  0  0  0  0  0
    8.6721    8.1199    5.5520 H   0  0  0  0  0  0  0  0  0  0  0  0
  1 10  1  0  0  0  0
  2  1  3  0  0  0  0
  3 11  1  6  0  0  0
  3  2  1  0  0  0  0
  3  4  1  0  0  0  0
  4 12  1  0  0  0  0
  4 13  1  0  0  0  0
  5  4  1  0  0  0  0
  5 15  1  0  0  0  0
  6  5  1  0  0  0  0
  6 17  1  0  0  0  0
  7  8  1  0  0  0  0
  7  6  1  0  0  0  0
  8  9  2  0  0  0  0
  9  3  1  0  0  0  0
 14  5  1  0  0  0  0
 16  6  1  0  0  0  0
 18  7  1  0  0  0  0
 19  7  1  0  0  0  0
 20  8  1  0  0  0  0
 21  9  1  0  0  0  0
M  END
