Lattice="13.11166049 0.0 0.0 0.0 13.32629635 0.0 0.0 0.0 13.51760859" Properties=species:S:1:pos:R:3:GW_charged:R:1:dKS_charged:R:1:dKS_neutral:R:1 pbc="T T T"
 OpenBabel12102411063D
Lattice="13.11166049 0.0 0.0 0.0 13.32629635 0.0 0.0 0.0 13.51760859" Properties=species:S:1:pos:R:3:GW_charged:R:1:dKS_charged:R:1:dKS_neutral:R:1 pbc="T T T"
 21 23  0  0  1  0  0  0  0  0999 V2000
    5.3731    7.5985    7.5380 C   0  0  0  0  0  0  0  0  0  0  0  0
    6.9036    7.8425    7.5096 C   0  0  2  0  0  0  0  0  0  0  0  0
    7.2954    7.8774    6.0189 C   0  0  0  0  0  0  0  0  0  0  0  0
    6.6023    6.6709    5.3244 C   0  0  0  0  0  0  0  0  0  0  0  0
    6.4020    5.5747    6.3898 C   0  0  1  0  0  0  0  0  0  0  0  0
    7.7505    5.4708    7.1471 C   0  0  0  0  0  0  0  0  0  0  0  0
    7.4273    6.5169    8.2194 C   0  0  2  0  0  0  0  0  0  0  0  0
    6.2326    5.9058    8.7637 O   0  0  0  0  0  0  0  0  0  0  0  0
    5.4426    6.0679    7.5609 C   0  0  1  0  0  0  0  0  0  0  0  0
    4.8877    7.9491    8.4564 H   0  0  0  0  0  0  0  0  0  0  0  0
    4.8607    8.0458    6.6766 H   0  0  0  0  0  0  0  0  0  0  0  0
    7.2235    8.7440    8.0448 H   0  0  0  0  0  0  0  0  0  0  0  0
    6.9737    8.8263    5.5668 H   0  0  0  0  0  0  0  0  0  0  0  0
    8.3871    7.8331    5.8967 H   0  0  0  0  0  0  0  0  0  0  0  0
    5.6424    6.9670    4.8776 H   0  0  0  0  0  0  0  0  0  0  0  0
    7.2197    6.2869    4.5000 H   0  0  0  0  0  0  0  0  0  0  0  0
    6.0591    4.6291    5.9541 H   0  0  0  0  0  0  0  0  0  0  0  0
    7.9112    4.5000    7.6304 H   0  0  0  0  0  0  0  0  0  0  0  0
    8.6117    5.6899    6.5029 H   0  0  0  0  0  0  0  0  0  0  0  0
    8.1618    6.6677    9.0176 H   0  0  0  0  0  0  0  0  0  0  0  0
    4.5000    5.5194    7.6612 H   0  0  0  0  0  0  0  0  0  0  0  0
  1  9  1  0  0  0  0
  1 10  1  0  0  0  0
  2  1  1  0  0  0  0
  2 12  1  1  0  0  0
  2  7  1  0  0  0  0
  3  2  1  0  0  0  0
  4  3  1  0  0  0  0
  4  5  1  0  0  0  0
  5 17  1  6  0  0  0
  5  6  1  0  0  0  0
  5  9  1  0  0  0  0
  6 18  1  0  0  0  0
  6  7  1  0  0  0  0
  7  8  1  0  0  0  0
  7 20  1  1  0  0  0
  9 21  1  1  0  0  0
  9  8  1  0  0  0  0
 11  1  1  0  0  0  0
 13  3  1  0  0  0  0
 14  3  1  0  0  0  0
 15  4  1  0  0  0  0
 16  4  1  0  0  0  0
 19  6  1  0  0  0  0
M  END
