Lattice="13.091532319999999 0.0 0.0 0.0 13.95550306 0.0 0.0 0.0 13.75938906" Properties=species:S:1:pos:R:3:GW_charged:R:1:dKS_charged:R:1:dKS_neutral:R:1 pbc="T T T"
 OpenBabel12102411063D
Lattice="13.091532319999999 0.0 0.0 0.0 13.95550306 0.0 0.0 0.0 13.75938906" Properties=species:S:1:pos:R:3:GW_charged:R:1:dKS_charged:R:1:dKS_neutral:R:1 pbc="T T T"
 23 25  0  0  1  0  0  0  0  0999 V2000
    5.3913    8.7114    6.5674 C   0  0  0  0  0  0  0  0  0  0  0  0
    6.9359    8.6250    6.4044 C   0  0  1  0  0  0  0  0  0  0  0  0
    7.5784    8.2984    7.7564 C   0  0  0  0  0  0  0  0  0  0  0  0
    6.6853    7.3092    8.5389 C   0  0  0  0  0  0  0  0  0  0  0  0
    5.9129    6.3681    7.5919 C   0  0  2  0  0  0  0  0  0  0  0  0
    6.8362    5.3183    6.9326 C   0  0  0  0  0  0  0  0  0  0  0  0
    7.5539    6.0696    5.7795 C   0  0  0  0  0  0  0  0  0  0  0  0
    6.6933    7.3193    5.5569 C   0  0  1  0  0  0  0  0  0  0  0  0
    5.3788    7.1757    6.3749 C   0  0  2  0  0  0  0  0  0  0  0  0
    4.9852    9.1433    7.4934 H   0  0  0  0  0  0  0  0  0  0  0  0
    4.9232    9.2144    5.7111 H   0  0  0  0  0  0  0  0  0  0  0  0
    7.4492    9.4555    5.9004 H   0  0  0  0  0  0  0  0  0  0  0  0
    8.5862    7.8827    7.6017 H   0  0  0  0  0  0  0  0  0  0  0  0
    7.7154    9.2225    8.3386 H   0  0  0  0  0  0  0  0  0  0  0  0
    7.2786    6.7275    9.2594 H   0  0  0  0  0  0  0  0  0  0  0  0
    5.9562    7.8766    9.1358 H   0  0  0  0  0  0  0  0  0  0  0  0
    5.0989    5.8826    8.1502 H   0  0  0  0  0  0  0  0  0  0  0  0
    7.5313    4.8655    7.6537 H   0  0  0  0  0  0  0  0  0  0  0  0
    6.2267    4.5000    6.5204 H   0  0  0  0  0  0  0  0  0  0  0  0
    8.5915    6.3246    6.0396 H   0  0  0  0  0  0  0  0  0  0  0  0
    7.6036    5.4554    4.8703 H   0  0  0  0  0  0  0  0  0  0  0  0
    6.5383    7.5728    4.5000 H   0  0  0  0  0  0  0  0  0  0  0  0
    4.5000    6.7035    5.9135 H   0  0  0  0  0  0  0  0  0  0  0  0
  1 10  1  0  0  0  0
  2 12  1  6  0  0  0
  2  1  1  0  0  0  0
  2  3  1  0  0  0  0
  3 14  1  0  0  0  0
  3  4  1  0  0  0  0
  4 16  1  0  0  0  0
  4 15  1  0  0  0  0
  5 17  1  1  0  0  0
  5  4  1  0  0  0  0
  6  5  1  0  0  0  0
  6 18  1  0  0  0  0
  7 20  1  0  0  0  0
  7  6  1  0  0  0  0
  8 22  1  6  0  0  0
  8  7  1  0  0  0  0
  8  9  1  0  0  0  0
  8  2  1  0  0  0  0
  9 23  1  6  0  0  0
  9  1  1  0  0  0  0
  9  5  1  0  0  0  0
 11  1  1  0  0  0  0
 13  3  1  0  0  0  0
 19  6  1  0  0  0  0
 21  7  1  0  0  0  0
M  END
