Lattice="13.4176725 0.0 0.0 0.0 14.95974855 0.0 0.0 0.0 13.07254114" Properties=species:S:1:pos:R:3:GW_charged:R:1:dKS_charged:R:1:dKS_neutral:R:1 pbc="T T T"
 OpenBabel12102409413D
Lattice="13.4176725 0.0 0.0 0.0 14.95974855 0.0 0.0 0.0 13.07254114" Properties=species:S:1:pos:R:3:GW_charged:R:1:dKS_charged:R:1:dKS_neutral:R:1 pbc="T T T"
 20 19  0  0  1  0  0  0  0  0999 V2000
    7.8593    9.8860    6.0292 C   0  0  0  0  0  0  0  0  0  0  0  0
    7.6640    8.3810    6.2163 C   0  0  0  0  0  0  0  0  0  0  0  0
    6.1953    7.9282    6.4184 C   0  0  1  0  0  0  0  0  0  0  0  0
    5.5506    8.5211    7.6780 C   0  0  0  0  0  0  0  0  0  0  0  0
    5.4019    8.2319    5.2566 O   0  0  0  0  0  0  0  0  0  0  0  0
    6.2223    6.3872    6.5604 C   0  0  0  0  0  0  0  0  0  0  0  0
    5.5683    5.5629    5.4821 C   0  0  0  0  0  0  0  0  0  0  0  0
    6.7787    5.8856    7.5226 O   0  0  0  0  0  0  0  0  0  0  0  0
    8.9177   10.1099    5.8421 H   0  0  0  0  0  0  0  0  0  0  0  0
    7.2993   10.2732    5.1645 H   0  0  0  0  0  0  0  0  0  0  0  0
    7.5577   10.4597    6.9157 H   0  0  0  0  0  0  0  0  0  0  0  0
    8.0534    7.8505    5.3333 H   0  0  0  0  0  0  0  0  0  0  0  0
    8.2433    8.0245    7.0797 H   0  0  0  0  0  0  0  0  0  0  0  0
    5.5187    9.6182    7.6223 H   0  0  0  0  0  0  0  0  0  0  0  0
    4.5205    8.1565    7.7808 H   0  0  0  0  0  0  0  0  0  0  0  0
    6.1151    8.2318    8.5725 H   0  0  0  0  0  0  0  0  0  0  0  0
    5.3400    9.1970    5.1877 H   0  0  0  0  0  0  0  0  0  0  0  0
    5.9937    5.8130    4.5000 H   0  0  0  0  0  0  0  0  0  0  0  0
    5.7024    4.5000    5.7033 H   0  0  0  0  0  0  0  0  0  0  0  0
    4.5000    5.8121    5.4128 H   0  0  0  0  0  0  0  0  0  0  0  0
  1  2  1  0  0  0  0
  1 11  1  0  0  0  0
  2  3  1  0  0  0  0
  2 13  1  0  0  0  0
  3  5  1  6  0  0  0
  3  6  1  0  0  0  0
  3  4  1  0  0  0  0
  4 15  1  0  0  0  0
  4 16  1  0  0  0  0
  6  8  2  0  0  0  0
  7 19  1  0  0  0  0
  7  6  1  0  0  0  0
  9  1  1  0  0  0  0
 10  1  1  0  0  0  0
 12  2  1  0  0  0  0
 14  4  1  0  0  0  0
 17  5  1  0  0  0  0
 18  7  1  0  0  0  0
 20  7  1  0  0  0  0
M  END
