Lattice="12.99670641 0.0 0.0 0.0 15.76289252 0.0 0.0 0.0 13.220386340000001" Properties=species:S:1:pos:R:3:GW_charged:R:1:dKS_charged:R:1:dKS_neutral:R:1 pbc="T T T"
 OpenBabel12102409393D
Lattice="12.99670641 0.0 0.0 0.0 15.76289252 0.0 0.0 0.0 13.220386340000001" Properties=species:S:1:pos:R:3:GW_charged:R:1:dKS_charged:R:1:dKS_neutral:R:1 pbc="T T T"
 19 19  0  0  0  0  0  0  0  0999 V2000
    5.3728   10.7042    7.8909 C   0  0  0  0  0  0  0  0  0  0  0  0
    5.1314    9.3176    7.7473 O   0  0  0  0  0  0  0  0  0  0  0  0
    5.8943    8.7442    6.6935 C   0  0  0  0  0  0  0  0  0  0  0  0
    5.5829    7.2567    6.6093 C   0  0  0  0  0  0  0  0  0  0  0  0
    6.3547    6.5687    5.5052 C   0  0  0  0  0  0  0  0  0  0  0  0
    7.7790    6.1192    5.7356 C   0  0  0  0  0  0  0  0  0  0  0  0
    6.6749    5.0981    5.5982 C   0  0  0  0  0  0  0  0  0  0  0  0
    6.4342   10.9122    8.1237 H   0  0  0  0  0  0  0  0  0  0  0  0
    5.1033   11.2629    6.9748 H   0  0  0  0  0  0  0  0  0  0  0  0
    4.7502   11.0594    8.7204 H   0  0  0  0  0  0  0  0  0  0  0  0
    5.6521    9.2455    5.7338 H   0  0  0  0  0  0  0  0  0  0  0  0
    6.9764    8.9002    6.8760 H   0  0  0  0  0  0  0  0  0  0  0  0
    5.8200    6.7913    7.5793 H   0  0  0  0  0  0  0  0  0  0  0  0
    4.5000    7.1266    6.4560 H   0  0  0  0  0  0  0  0  0  0  0  0
    6.1358    6.9372    4.5000 H   0  0  0  0  0  0  0  0  0  0  0  0
    8.4967    6.2187    4.9229 H   0  0  0  0  0  0  0  0  0  0  0  0
    8.2027    6.2775    6.7275 H   0  0  0  0  0  0  0  0  0  0  0  0
    6.3575    4.5683    6.4960 H   0  0  0  0  0  0  0  0  0  0  0  0
    6.6346    4.5000    4.6893 H   0  0  0  0  0  0  0  0  0  0  0  0
  1  8  1  0  0  0  0
  1 10  1  0  0  0  0
  2  1  1  0  0  0  0
  3 12  1  0  0  0  0
  3  2  1  0  0  0  0
  4  3  1  0  0  0  0
  4 13  1  0  0  0  0
  5  7  1  0  0  0  0
  5  6  1  0  0  0  0
  5  4  1  0  0  0  0
  6 17  1  0  0  0  0
  7  6  1  0  0  0  0
  7 18  1  0  0  0  0
  9  1  1  0  0  0  0
 11  3  1  0  0  0  0
 14  4  1  0  0  0  0
 15  5  1  0  0  0  0
 16  6  1  0  0  0  0
 19  7  1  0  0  0  0
M  END
