Lattice="13.508125230000001 0.0 0.0 0.0 14.754412219999999 0.0 0.0 0.0 12.027851049999999" Properties=species:S:1:pos:R:3:GW_charged:R:1:dKS_charged:R:1:dKS_neutral:R:1 pbc="T T T"
 OpenBabel12102409323D
Lattice="13.508125230000001 0.0 0.0 0.0 14.754412219999999 0.0 0.0 0.0 12.027851049999999" Properties=species:S:1:pos:R:3:GW_charged:R:1:dKS_charged:R:1:dKS_neutral:R:1 pbc="T T T"
 19 18  0  0  1  0  0  0  0  0999 V2000
    7.9823    9.8337    6.6043 C   0  0  0  0  0  0  0  0  0  0  0  0
    7.9631    8.3063    6.5649 C   0  0  0  0  0  0  0  0  0  0  0  0
    6.5504    7.7253    6.4130 C   0  0  1  0  0  0  0  0  0  0  0  0
    5.9051    8.1863    5.2221 O   0  0  0  0  0  0  0  0  0  0  0  0
    6.5437    6.1850    6.4562 C   0  0  1  0  0  0  0  0  0  0  0  0
    5.1418    5.5997    6.5703 C   0  0  0  0  0  0  0  0  0  0  0  0
    7.1973    5.7630    5.2394 O   0  0  0  0  0  0  0  0  0  0  0  0
    9.0081   10.2168    6.6879 H   0  0  0  0  0  0  0  0  0  0  0  0
    7.5345   10.2544    5.6951 H   0  0  0  0  0  0  0  0  0  0  0  0
    7.4123   10.2183    7.4631 H   0  0  0  0  0  0  0  0  0  0  0  0
    8.5869    7.9362    5.7360 H   0  0  0  0  0  0  0  0  0  0  0  0
    8.4055    7.8988    7.4893 H   0  0  0  0  0  0  0  0  0  0  0  0
    5.9239    8.0903    7.2444 H   0  0  0  0  0  0  0  0  0  0  0  0
    6.2919    7.6588    4.5000 H   0  0  0  0  0  0  0  0  0  0  0  0
    7.1511    5.8617    7.3228 H   0  0  0  0  0  0  0  0  0  0  0  0
    4.5000    5.9659    5.7585 H   0  0  0  0  0  0  0  0  0  0  0  0
    5.1698    4.5000    6.5339 H   0  0  0  0  0  0  0  0  0  0  0  0
    4.6825    5.8820    7.5279 H   0  0  0  0  0  0  0  0  0  0  0  0
    6.9463    4.8440    5.0648 H   0  0  0  0  0  0  0  0  0  0  0  0
  1  8  1  0  0  0  0
  1 10  1  0  0  0  0
  2  1  1  0  0  0  0
  2 12  1  0  0  0  0
  3  5  1  0  0  0  0
  3  2  1  0  0  0  0
  3 13  1  1  0  0  0
  4  3  1  0  0  0  0
  5  6  1  0  0  0  0
  5 15  1  1  0  0  0
  6 18  1  0  0  0  0
  7  5  1  0  0  0  0
  9  1  1  0  0  0  0
 11  2  1  0  0  0  0
 14  4  1  0  0  0  0
 16  6  1  0  0  0  0
 17  6  1  0  0  0  0
 19  7  1  0  0  0  0
M  END
