Lattice="13.48267297 0.0 0.0 0.0 13.81935324 0.0 0.0 0.0 13.46728514" Properties=species:S:1:pos:R:3:GW_charged:R:1:dKS_charged:R:1:dKS_neutral:R:1 pbc="T T T"
 OpenBabel12102411063D
Lattice="13.48267297 0.0 0.0 0.0 13.81935324 0.0 0.0 0.0 13.46728514" Properties=species:S:1:pos:R:3:GW_charged:R:1:dKS_charged:R:1:dKS_neutral:R:1 pbc="T T T"
 21 22  0  0  1  0  0  0  0  0999 V2000
    5.5637    7.9314    6.4290 C   0  0  0  0  0  0  0  0  0  0  0  0
    7.0405    8.2914    6.1519 C   0  0  1  0  0  0  0  0  0  0  0  0
    7.9309    8.1773    7.4052 C   0  0  0  0  0  0  0  0  0  0  0  0
    7.8685    6.9082    8.2163 C   0  0  0  0  0  0  0  0  0  0  0  0
    7.0141    5.8715    8.2198 C   0  0  0  0  0  0  0  0  0  0  0  0
    5.7777    5.5646    7.4138 C   0  0  0  0  0  0  0  0  0  0  0  0
    5.4915    6.4119    6.1580 C   0  0  2  0  0  0  0  0  0  0  0  0
    6.5700    6.2315    5.1094 C   0  0  0  0  0  0  0  0  0  0  0  0
    7.4202    7.2631    5.1060 C   0  0  0  0  0  0  0  0  0  0  0  0
    5.2374    8.2037    7.4426 H   0  0  0  0  0  0  0  0  0  0  0  0
    4.9177    8.4615    5.7150 H   0  0  0  0  0  0  0  0  0  0  0  0
    7.1388    9.3194    5.7692 H   0  0  0  0  0  0  0  0  0  0  0  0
    8.9827    8.3400    7.1124 H   0  0  0  0  0  0  0  0  0  0  0  0
    7.6959    9.0205    8.0815 H   0  0  0  0  0  0  0  0  0  0  0  0
    8.6689    6.8496    8.9615 H   0  0  0  0  0  0  0  0  0  0  0  0
    7.2269    5.1000    8.9673 H   0  0  0  0  0  0  0  0  0  0  0  0
    5.8179    4.5000    7.1250 H   0  0  0  0  0  0  0  0  0  0  0  0
    4.9072    5.6369    8.0926 H   0  0  0  0  0  0  0  0  0  0  0  0
    4.5000    6.1176    5.7797 H   0  0  0  0  0  0  0  0  0  0  0  0
    6.6640    5.3278    4.5066 H   0  0  0  0  0  0  0  0  0  0  0  0
    8.3233    7.3411    4.5000 H   0  0  0  0  0  0  0  0  0  0  0  0
  1 10  1  0  0  0  0
  2 12  1  6  0  0  0
  2  1  1  0  0  0  0
  2  3  1  0  0  0  0
  3 14  1  0  0  0  0
  3  4  1  0  0  0  0
  4  5  2  0  0  0  0
  4 15  1  0  0  0  0
  5 16  1  0  0  0  0
  6 18  1  0  0  0  0
  6  5  1  0  0  0  0
  7 19  1  6  0  0  0
  7  1  1  0  0  0  0
  7  6  1  0  0  0  0
  8  7  1  0  0  0  0
  9  8  2  0  0  0  0
  9  2  1  0  0  0  0
 11  1  1  0  0  0  0
 13  3  1  0  0  0  0
 17  6  1  0  0  0  0
 20  8  1  0  0  0  0
 21  9  1  0  0  0  0
M  END
