Lattice="12.7533499 0.0 0.0 0.0 15.535984240000001 0.0 0.0 0.0 13.12569824" Properties=species:S:1:pos:R:3:GW_charged:R:1:dKS_charged:R:1:dKS_neutral:R:1 pbc="T T T"
 OpenBabel12102409263D
Lattice="12.7533499 0.0 0.0 0.0 15.535984240000001 0.0 0.0 0.0 13.12569824" Properties=species:S:1:pos:R:3:GW_charged:R:1:dKS_charged:R:1:dKS_neutral:R:1 pbc="T T T"
 19 18  0  0  1  0  0  0  0  0999 V2000
    5.0569   10.6137    5.4235 C   0  0  0  0  0  0  0  0  0  0  0  0
    5.0763    9.1985    5.4311 O   0  0  0  0  0  0  0  0  0  0  0  0
    5.7151    8.6770    6.5908 C   0  0  0  0  0  0  0  0  0  0  0  0
    5.7151    7.1595    6.5011 C   0  0  0  0  0  0  0  0  0  0  0  0
    6.3926    6.4783    7.6957 C   0  0  1  0  0  0  0  0  0  0  0  0
    6.2706    4.9572    7.6373 C   0  0  0  0  0  0  0  0  0  0  0  0
    7.7660    6.8868    7.8361 O   0  0  0  0  0  0  0  0  0  0  0  0
    6.0790   11.0360    5.4408 H   0  0  0  0  0  0  0  0  0  0  0  0
    4.5565   10.9276    4.5000 H   0  0  0  0  0  0  0  0  0  0  0  0
    4.5000   11.0192    6.2892 H   0  0  0  0  0  0  0  0  0  0  0  0
    6.7491    9.0620    6.6663 H   0  0  0  0  0  0  0  0  0  0  0  0
    5.1765    9.0087    7.5023 H   0  0  0  0  0  0  0  0  0  0  0  0
    4.6750    6.8064    6.4225 H   0  0  0  0  0  0  0  0  0  0  0  0
    6.2195    6.8527    5.5688 H   0  0  0  0  0  0  0  0  0  0  0  0
    5.9227    6.8383    8.6257 H   0  0  0  0  0  0  0  0  0  0  0  0
    5.2180    4.6414    7.6490 H   0  0  0  0  0  0  0  0  0  0  0  0
    6.7254    4.5625    6.7151 H   0  0  0  0  0  0  0  0  0  0  0  0
    6.7795    4.5000    8.4951 H   0  0  0  0  0  0  0  0  0  0  0  0
    8.2533    6.5501    7.0664 H   0  0  0  0  0  0  0  0  0  0  0  0
  1  2  1  0  0  0  0
  1  8  1  0  0  0  0
  1 10  1  0  0  0  0
  2  3  1  0  0  0  0
  3 11  1  0  0  0  0
  3 12  1  0  0  0  0
  4  3  1  0  0  0  0
  4  5  1  0  0  0  0
  5  7  1  0  0  0  0
  5 15  1  1  0  0  0
  6 16  1  0  0  0  0
  6  5  1  0  0  0  0
  6 18  1  0  0  0  0
  9  1  1  0  0  0  0
 13  4  1  0  0  0  0
 14  4  1  0  0  0  0
 17  6  1  0  0  0  0
 19  7  1  0  0  0  0
M  END
