Lattice="10.80453102 0.0 0.0 0.0 14.01879774 0.0 0.0 0.0 14.41595754" Properties=species:S:1:pos:R:3:GW_charged:R:1:dKS_charged:R:1:dKS_neutral:R:1 pbc="T T T"
 OpenBabel12102409263D
Lattice="10.80453102 0.0 0.0 0.0 14.01879774 0.0 0.0 0.0 14.41595754" Properties=species:S:1:pos:R:3:GW_charged:R:1:dKS_charged:R:1:dKS_neutral:R:1 pbc="T T T"
 15 15  0  0  0  0  0  0  0  0999 V2000
    5.3660    9.1109    6.6643 C   0  0  0  0  0  0  0  0  0  0  0  0
    5.3502    7.6166    6.6538 C   0  0  0  0  0  0  0  0  0  0  0  0
    5.3153    6.7891    5.5682 C   0  0  0  0  0  0  0  0  0  0  0  0
    5.3110    5.4754    5.9506 O   0  0  0  0  0  0  0  0  0  0  0  0
    5.3441    5.4754    7.3184 C   0  0  0  0  0  0  0  0  0  0  0  0
    5.3692    6.7493    7.8093 C   0  0  0  0  0  0  0  0  0  0  0  0
    5.4084    7.1771    9.2406 C   0  0  0  0  0  0  0  0  0  0  0  0
    6.2668    9.5005    7.1620 H   0  0  0  0  0  0  0  0  0  0  0  0
    5.3443    9.5179    5.6458 H   0  0  0  0  0  0  0  0  0  0  0  0
    4.5000    9.5188    7.2069 H   0  0  0  0  0  0  0  0  0  0  0  0
    5.2913    6.9702    4.5000 H   0  0  0  0  0  0  0  0  0  0  0  0
    5.3454    4.5000    7.7909 H   0  0  0  0  0  0  0  0  0  0  0  0
    6.3045    7.7779    9.4568 H   0  0  0  0  0  0  0  0  0  0  0  0
    4.5377    7.7983    9.4990 H   0  0  0  0  0  0  0  0  0  0  0  0
    5.4145    6.3126    9.9160 H   0  0  0  0  0  0  0  0  0  0  0  0
  1  8  1  0  0  0  0
  1 10  1  0  0  0  0
  2  1  1  0  0  0  0
  2  6  1  0  0  0  0
  3  4  1  0  0  0  0
  3  2  2  0  0  0  0
  4  5  1  0  0  0  0
  5 12  1  0  0  0  0
  5  6  2  0  0  0  0
  6  7  1  0  0  0  0
  7 13  1  0  0  0  0
  7 14  1  0  0  0  0
  7 15  1  0  0  0  0
  9  1  1  0  0  0  0
 11  3  1  0  0  0  0
M  END
