Lattice="14.24018752 0.0 0.0 0.0 12.91765899 0.0 0.0 0.0 12.37566586" Properties=species:S:1:pos:R:3:GW_charged:R:1:dKS_charged:R:1:dKS_neutral:R:1 pbc="T T T"
 OpenBabel12102409423D
Lattice="14.24018752 0.0 0.0 0.0 12.91765899 0.0 0.0 0.0 12.37566586" Properties=species:S:1:pos:R:3:GW_charged:R:1:dKS_charged:R:1:dKS_neutral:R:1 pbc="T T T"
 18 18  0  0  0  0  0  0  0  0999 V2000
    6.5790    7.8322    6.8100 C   0  0  0  0  0  0  0  0  0  0  0  0
    6.4847    6.3301    6.5097 C   0  0  0  0  0  0  0  0  0  0  0  0
    5.0370    5.8659    6.4458 C   0  0  0  0  0  0  0  0  0  0  0  0
    7.3198    5.9446    5.2768 C   0  0  0  0  0  0  0  0  0  0  0  0
    8.6952    5.6230    5.8501 C   0  0  0  0  0  0  0  0  0  0  0  0
    9.7402    5.5145    5.2471 O   0  0  0  0  0  0  0  0  0  0  0  0
    8.5016    5.4739    7.3588 C   0  0  0  0  0  0  0  0  0  0  0  0
    7.1073    5.5706    7.5987 O   0  0  0  0  0  0  0  0  0  0  0  0
    7.6223    8.1752    6.8560 H   0  0  0  0  0  0  0  0  0  0  0  0
    6.0723    8.4177    6.0303 H   0  0  0  0  0  0  0  0  0  0  0  0
    6.1035    8.0524    7.7741 H   0  0  0  0  0  0  0  0  0  0  0  0
    4.5000    6.3780    5.6363 H   0  0  0  0  0  0  0  0  0  0  0  0
    4.9888    4.7837    6.2701 H   0  0  0  0  0  0  0  0  0  0  0  0
    4.5237    6.0844    7.3916 H   0  0  0  0  0  0  0  0  0  0  0  0
    6.9295    5.0263    4.8087 H   0  0  0  0  0  0  0  0  0  0  0  0
    7.3868    6.7151    4.5000 H   0  0  0  0  0  0  0  0  0  0  0  0
    8.8693    4.5000    7.7124 H   0  0  0  0  0  0  0  0  0  0  0  0
    9.0824    6.2631    7.8757 H   0  0  0  0  0  0  0  0  0  0  0  0
  1  9  1  0  0  0  0
  1 11  1  0  0  0  0
  2  1  1  0  0  0  0
  2  8  1  0  0  0  0
  3  2  1  0  0  0  0
  3 14  1  0  0  0  0
  4  5  1  0  0  0  0
  4  2  1  0  0  0  0
  5  7  1  0  0  0  0
  6  5  2  0  0  0  0
  7  8  1  0  0  0  0
  7 17  1  0  0  0  0
  7 18  1  0  0  0  0
 10  1  1  0  0  0  0
 12  3  1  0  0  0  0
 13  3  1  0  0  0  0
 15  4  1  0  0  0  0
 16  4  1  0  0  0  0
M  END
