Lattice="14.25996407 0.0 0.0 0.0 13.507171660000001 0.0 0.0 0.0 13.26931802" Properties=species:S:1:pos:R:3:GW_charged:R:1:dKS_charged:R:1:dKS_neutral:R:1 pbc="T T T"
 OpenBabel12102409403D
Lattice="14.25996407 0.0 0.0 0.0 13.507171660000001 0.0 0.0 0.0 13.26931802" Properties=species:S:1:pos:R:3:GW_charged:R:1:dKS_charged:R:1:dKS_neutral:R:1 pbc="T T T"
 20 19  0  0  1  0  0  0  0  0999 V2000
    7.8669    8.5175    5.6868 C   0  0  0  0  0  0  0  0  0  0  0  0
    7.7880    6.9826    5.8050 C   0  0  1  0  0  0  0  0  0  0  0  0
    8.5549    6.5139    6.9549 C   0  0  0  0  0  0  0  0  0  0  0  0
    9.1909    6.1587    7.9226 C   0  0  0  0  0  0  0  0  0  0  0  0
    6.3254    6.4255    5.8172 C   0  0  0  0  0  0  0  0  0  0  0  0
    6.3439    4.8931    5.8216 C   0  0  0  0  0  0  0  0  0  0  0  0
    5.5061    6.9666    6.9937 C   0  0  0  0  0  0  0  0  0  0  0  0
    5.7761    6.8972    4.5664 O   0  0  0  0  0  0  0  0  0  0  0  0
    8.9070    8.8251    5.5248 H   0  0  0  0  0  0  0  0  0  0  0  0
    7.2589    8.8603    4.8424 H   0  0  0  0  0  0  0  0  0  0  0  0
    7.5152    9.0072    6.6033 H   0  0  0  0  0  0  0  0  0  0  0  0
    8.2444    6.5526    4.8964 H   0  0  0  0  0  0  0  0  0  0  0  0
    9.7600    5.8385    8.7693 H   0  0  0  0  0  0  0  0  0  0  0  0
    6.7966    4.5000    6.7407 H   0  0  0  0  0  0  0  0  0  0  0  0
    5.3184    4.5003    5.7550 H   0  0  0  0  0  0  0  0  0  0  0  0
    6.9131    4.5150    4.9622 H   0  0  0  0  0  0  0  0  0  0  0  0
    5.3960    8.0556    6.9277 H   0  0  0  0  0  0  0  0  0  0  0  0
    4.5000    6.5223    6.9915 H   0  0  0  0  0  0  0  0  0  0  0  0
    5.9806    6.7188    7.9526 H   0  0  0  0  0  0  0  0  0  0  0  0
    4.8695    6.5592    4.5000 H   0  0  0  0  0  0  0  0  0  0  0  0
  1  2  1  0  0  0  0
  1 11  1  0  0  0  0
  2 12  1  6  0  0  0
  2  5  1  0  0  0  0
  2  3  1  0  0  0  0
  3  4  3  0  0  0  0
  4 13  1  0  0  0  0
  5  6  1  0  0  0  0
  5  7  1  0  0  0  0
  6 14  1  0  0  0  0
  7 19  1  0  0  0  0
  8  5  1  0  0  0  0
  9  1  1  0  0  0  0
 10  1  1  0  0  0  0
 15  6  1  0  0  0  0
 16  6  1  0  0  0  0
 17  7  1  0  0  0  0
 18  7  1  0  0  0  0
 20  8  1  0  0  0  0
M  END
