Lattice="14.07175397 0.0 0.0 0.0 13.57647969 0.0 0.0 0.0 12.85843318" Properties=species:S:1:pos:R:3:GW_charged:R:1:dKS_charged:R:1:dKS_neutral:R:1 pbc="T T T"
 OpenBabel12102409373D
Lattice="14.07175397 0.0 0.0 0.0 13.57647969 0.0 0.0 0.0 12.85843318" Properties=species:S:1:pos:R:3:GW_charged:R:1:dKS_charged:R:1:dKS_neutral:R:1 pbc="T T T"
 17 18  0  0  1  0  0  0  0  0999 V2000
    5.2964    8.1578    6.1183 C   0  0  0  0  0  0  0  0  0  0  0  0
    6.1680    6.9231    6.2700 C   0  0  1  0  0  0  0  0  0  0  0  0
    7.4528    6.8059    5.3895 C   0  0  0  0  0  0  0  0  0  0  0  0
    8.1719    6.2794    6.6300 C   0  0  1  0  0  0  0  0  0  0  0  0
    8.9913    5.0721    6.7724 C   0  0  0  0  0  0  0  0  0  0  0  0
    9.5718    6.3912    6.8844 O   0  0  0  0  0  0  0  0  0  0  0  0
    7.0621    6.7948    7.5443 C   0  0  0  0  0  0  0  0  0  0  0  0
    5.8910    9.0765    6.2309 H   0  0  0  0  0  0  0  0  0  0  0  0
    4.8167    8.1899    5.1294 H   0  0  0  0  0  0  0  0  0  0  0  0
    4.5000    8.1808    6.8762 H   0  0  0  0  0  0  0  0  0  0  0  0
    5.5592    6.0143    6.1549 H   0  0  0  0  0  0  0  0  0  0  0  0
    7.4178    6.1644    4.5000 H   0  0  0  0  0  0  0  0  0  0  0  0
    7.8376    7.7964    5.1042 H   0  0  0  0  0  0  0  0  0  0  0  0
    8.9574    4.5000    7.7049 H   0  0  0  0  0  0  0  0  0  0  0  0
    9.2880    4.5094    5.8817 H   0  0  0  0  0  0  0  0  0  0  0  0
    7.3204    7.7817    7.9564 H   0  0  0  0  0  0  0  0  0  0  0  0
    6.7182    6.1446    8.3584 H   0  0  0  0  0  0  0  0  0  0  0  0
  1  8  1  0  0  0  0
  1  2  1  0  0  0  0
  1 10  1  0  0  0  0
  2 11  1  6  0  0  0
  2  7  1  0  0  0  0
  3  2  1  0  0  0  0
  3  4  1  0  0  0  0
  4  5  1  0  0  0  0
  4  6  1  1  0  0  0
  4  7  1  0  0  0  0
  5  6  1  0  0  0  0
  5 14  1  0  0  0  0
  7 16  1  0  0  0  0
  7 17  1  0  0  0  0
  9  1  1  0  0  0  0
 12  3  1  0  0  0  0
 13  3  1  0  0  0  0
 15  5  1  0  0  0  0
M  END
