Lattice="14.88766926 0.0 0.0 0.0 14.78435925 0.0 0.0 0.0 13.216091330000001" Properties=species:S:1:pos:R:3:GW_charged:R:1:dKS_charged:R:1:dKS_neutral:R:1 pbc="T T T"
 OpenBabel12102409383D
Lattice="14.88766926 0.0 0.0 0.0 14.78435925 0.0 0.0 0.0 13.216091330000001" Properties=species:S:1:pos:R:3:GW_charged:R:1:dKS_charged:R:1:dKS_neutral:R:1 pbc="T T T"
 23 22  0  0  0  0  0  0  0  0999 V2000
    6.4216    9.7220    7.4685 C   0  0  0  0  0  0  0  0  0  0  0  0
    6.4378    8.2206    7.7651 C   0  0  0  0  0  0  0  0  0  0  0  0
    7.0833    7.3530    6.6658 C   0  0  0  0  0  0  0  0  0  0  0  0
    8.6171    7.5117    6.6546 C   0  0  0  0  0  0  0  0  0  0  0  0
    9.2989    7.0534    5.3633 C   0  0  0  0  0  0  0  0  0  0  0  0
    6.6736    5.8730    6.8065 C   0  0  0  0  0  0  0  0  0  0  0  0
    5.2303    5.5667    6.3997 C   0  0  0  0  0  0  0  0  0  0  0  0
    7.4323   10.1307    7.3298 H   0  0  0  0  0  0  0  0  0  0  0  0
    5.8517    9.9366    6.5527 H   0  0  0  0  0  0  0  0  0  0  0  0
    5.9543   10.2844    8.2885 H   0  0  0  0  0  0  0  0  0  0  0  0
    6.9658    8.0326    8.7161 H   0  0  0  0  0  0  0  0  0  0  0  0
    5.4014    7.8876    7.9293 H   0  0  0  0  0  0  0  0  0  0  0  0
    6.7033    7.7132    5.6900 H   0  0  0  0  0  0  0  0  0  0  0  0
    8.8744    8.5681    6.8274 H   0  0  0  0  0  0  0  0  0  0  0  0
    9.0337    6.9587    7.5144 H   0  0  0  0  0  0  0  0  0  0  0  0
    9.1155    5.9912    5.1490 H   0  0  0  0  0  0  0  0  0  0  0  0
    8.9361    7.6303    4.5000 H   0  0  0  0  0  0  0  0  0  0  0  0
   10.3877    7.1897    5.4184 H   0  0  0  0  0  0  0  0  0  0  0  0
    7.3462    5.2502    6.1967 H   0  0  0  0  0  0  0  0  0  0  0  0
    6.8425    5.5597    7.8514 H   0  0  0  0  0  0  0  0  0  0  0  0
    4.5000    6.1294    6.9979 H   0  0  0  0  0  0  0  0  0  0  0  0
    5.0561    5.8210    5.3439 H   0  0  0  0  0  0  0  0  0  0  0  0
    4.9995    4.5000    6.5256 H   0  0  0  0  0  0  0  0  0  0  0  0
  1  2  1  0  0  0  0
  1 10  1  0  0  0  0
  2 12  1  0  0  0  0
  2 11  1  0  0  0  0
  3  6  1  0  0  0  0
  3  2  1  0  0  0  0
  4  3  1  0  0  0  0
  4 14  1  0  0  0  0
  4 15  1  0  0  0  0
  5 18  1  0  0  0  0
  5  4  1  0  0  0  0
  6 20  1  0  0  0  0
  7 23  1  0  0  0  0
  7  6  1  0  0  0  0
  7 21  1  0  0  0  0
  8  1  1  0  0  0  0
  9  1  1  0  0  0  0
 13  3  1  0  0  0  0
 16  5  1  0  0  0  0
 17  5  1  0  0  0  0
 19  6  1  0  0  0  0
 22  7  1  0  0  0  0
M  END
