Lattice="12.61076197 0.0 0.0 0.0 15.93030265 0.0 0.0 0.0 12.8650956" Properties=species:S:1:pos:R:3:GW_charged:R:1:dKS_charged:R:1:dKS_neutral:R:1 pbc="T T T"
 OpenBabel12102409263D
Lattice="12.61076197 0.0 0.0 0.0 15.93030265 0.0 0.0 0.0 12.8650956" Properties=species:S:1:pos:R:3:GW_charged:R:1:dKS_charged:R:1:dKS_neutral:R:1 pbc="T T T"
 17 16  0  0  1  0  0  0  0  0999 V2000
    7.1075   10.5782    5.3130 C   0  0  0  0  0  0  0  0  0  0  0  0
    6.9343    9.3124    6.0082 C   0  0  0  0  0  0  0  0  0  0  0  0
    6.8008    8.2603    6.5967 C   0  0  0  0  0  0  0  0  0  0  0  0
    6.6132    6.9908    7.2841 C   0  0  0  0  0  0  0  0  0  0  0  0
    5.3897    6.2012    6.7849 C   0  0  1  0  0  0  0  0  0  0  0  0
    5.5171    5.7663    5.3297 C   0  0  0  0  0  0  0  0  0  0  0  0
    5.2836    5.0772    7.6738 O   0  0  0  0  0  0  0  0  0  0  0  0
    8.1108   10.6557    4.8694 H   0  0  0  0  0  0  0  0  0  0  0  0
    6.3754   10.6898    4.5000 H   0  0  0  0  0  0  0  0  0  0  0  0
    6.9778   11.4303    5.9959 H   0  0  0  0  0  0  0  0  0  0  0  0
    7.5073    6.3553    7.1702 H   0  0  0  0  0  0  0  0  0  0  0  0
    6.4871    7.1587    8.3651 H   0  0  0  0  0  0  0  0  0  0  0  0
    4.5000    6.8493    6.8960 H   0  0  0  0  0  0  0  0  0  0  0  0
    4.6210    5.2180    5.0033 H   0  0  0  0  0  0  0  0  0  0  0  0
    5.6329    6.6398    4.6742 H   0  0  0  0  0  0  0  0  0  0  0  0
    6.3906    5.1119    5.1993 H   0  0  0  0  0  0  0  0  0  0  0  0
    4.5791    4.5000    7.3421 H   0  0  0  0  0  0  0  0  0  0  0  0
  1 10  1  0  0  0  0
  1  2  1  0  0  0  0
  2  3  3  0  0  0  0
  3  4  1  0  0  0  0
  4 12  1  0  0  0  0
  5 13  1  1  0  0  0
  5  4  1  0  0  0  0
  5  7  1  0  0  0  0
  6  5  1  0  0  0  0
  8  1  1  0  0  0  0
  9  1  1  0  0  0  0
 11  4  1  0  0  0  0
 14  6  1  0  0  0  0
 15  6  1  0  0  0  0
 16  6  1  0  0  0  0
 17  7  1  0  0  0  0
M  END
