Lattice="11.836294989999999 0.0 0.0 0.0 13.66948403 0.0 0.0 0.0 14.56276746" Properties=species:S:1:pos:R:3:GW_charged:R:1:dKS_charged:R:1:dKS_neutral:R:1 pbc="T T T"
 OpenBabel12102409383D
Lattice="11.836294989999999 0.0 0.0 0.0 13.66948403 0.0 0.0 0.0 14.56276746" Properties=species:S:1:pos:R:3:GW_charged:R:1:dKS_charged:R:1:dKS_neutral:R:1 pbc="T T T"
 19 19  0  0  0  0  0  0  0  0999 V2000
    5.3789    8.6483    6.7593 C   0  0  0  0  0  0  0  0  0  0  0  0
    5.5765    7.1298    6.6766 C   0  0  0  0  0  0  0  0  0  0  0  0
    6.3158    6.7316    5.3935 C   0  0  0  0  0  0  0  0  0  0  0  0
    6.3050    6.6055    7.9121 C   0  0  0  0  0  0  0  0  0  0  0  0
    5.5840    6.6501    9.2770 C   0  0  0  0  0  0  0  0  0  0  0  0
    5.8435    5.2393    9.5131 O   0  0  0  0  0  0  0  0  0  0  0  0
    6.3503    5.0819    8.1596 C   0  0  0  0  0  0  0  0  0  0  0  0
    6.3482    9.1695    6.7784 H   0  0  0  0  0  0  0  0  0  0  0  0
    4.8171    9.0243    5.8929 H   0  0  0  0  0  0  0  0  0  0  0  0
    4.8266    8.9387    7.6642 H   0  0  0  0  0  0  0  0  0  0  0  0
    4.5779    6.6555    6.6572 H   0  0  0  0  0  0  0  0  0  0  0  0
    7.3193    7.1830    5.3628 H   0  0  0  0  0  0  0  0  0  0  0  0
    6.4382    5.6420    5.3151 H   0  0  0  0  0  0  0  0  0  0  0  0
    5.7727    7.0694    4.5000 H   0  0  0  0  0  0  0  0  0  0  0  0
    7.3080    7.0561    7.9675 H   0  0  0  0  0  0  0  0  0  0  0  0
    6.0221    7.2837   10.0628 H   0  0  0  0  0  0  0  0  0  0  0  0
    4.5000    6.8550    9.2103 H   0  0  0  0  0  0  0  0  0  0  0  0
    5.6506    4.5000    7.5323 H   0  0  0  0  0  0  0  0  0  0  0  0
    7.3363    4.5938    8.1462 H   0  0  0  0  0  0  0  0  0  0  0  0
  1  8  1  0  0  0  0
  1 10  1  0  0  0  0
  2  1  1  0  0  0  0
  2  4  1  0  0  0  0
  3  2  1  0  0  0  0
  4 15  1  0  0  0  0
  4  7  1  0  0  0  0
  4  5  1  0  0  0  0
  5  6  1  0  0  0  0
  5 16  1  0  0  0  0
  7  6  1  0  0  0  0
  9  1  1  0  0  0  0
 11  2  1  0  0  0  0
 12  3  1  0  0  0  0
 13  3  1  0  0  0  0
 14  3  1  0  0  0  0
 17  5  1  0  0  0  0
 18  7  1  0  0  0  0
 19  7  1  0  0  0  0
M  END
