Lattice="13.63094356 0.0 0.0 0.0 13.82738813 0.0 0.0 0.0 13.21401282" Properties=species:S:1:pos:R:3:GW_charged:R:1:dKS_charged:R:1:dKS_neutral:R:1 pbc="T T T"
 OpenBabel12102411043D
Lattice="13.63094356 0.0 0.0 0.0 13.82738813 0.0 0.0 0.0 13.21401282" Properties=species:S:1:pos:R:3:GW_charged:R:1:dKS_charged:R:1:dKS_neutral:R:1 pbc="T T T"
 21 24  0  0  1  0  0  0  0  0999 V2000
    5.4782    8.8033    6.5095 C   0  0  0  0  0  0  0  0  0  0  0  0
    7.0161    8.5155    6.4603 C   0  0  1  0  0  0  0  0  0  0  0  0
    7.2150    7.7649    7.7877 C   0  0  2  0  0  0  0  0  0  0  0  0
    7.4243    6.2678    7.7494 C   0  0  2  0  0  0  0  0  0  0  0  0
    8.0349    5.5625    6.5581 C   0  0  0  0  0  0  0  0  0  0  0  0
    7.5858    6.2068    5.2301 C   0  0  0  0  0  0  0  0  0  0  0  0
    6.6484    7.3812    5.4575 C   0  0  1  0  0  0  0  0  0  0  0  0
    5.4061    7.2444    6.3878 C   0  0  1  0  0  0  0  0  0  0  0  0
    6.0160    6.8183    7.7337 C   0  0  2  0  0  0  0  0  0  0  0  0
    5.0787    9.2570    7.4271 H   0  0  0  0  0  0  0  0  0  0  0  0
    5.1046    9.3274    5.6185 H   0  0  0  0  0  0  0  0  0  0  0  0
    7.7493    9.2890    6.2021 H   0  0  0  0  0  0  0  0  0  0  0  0
    7.4608    8.3304    8.6858 H   0  0  0  0  0  0  0  0  0  0  0  0
    7.7150    5.8447    8.7140 H   0  0  0  0  0  0  0  0  0  0  0  0
    9.1309    5.5900    6.6509 H   0  0  0  0  0  0  0  0  0  0  0  0
    7.7508    4.5000    6.5888 H   0  0  0  0  0  0  0  0  0  0  0  0
    8.4565    6.5555    4.6548 H   0  0  0  0  0  0  0  0  0  0  0  0
    7.0780    5.4672    4.5931 H   0  0  0  0  0  0  0  0  0  0  0  0
    6.3416    7.8243    4.5000 H   0  0  0  0  0  0  0  0  0  0  0  0
    4.5000    6.7235    6.0559 H   0  0  0  0  0  0  0  0  0  0  0  0
    5.3603    6.6719    8.5912 H   0  0  0  0  0  0  0  0  0  0  0  0
  1 10  1  0  0  0  0
  2 12  1  6  0  0  0
  2  1  1  0  0  0  0
  2  3  1  0  0  0  0
  3 13  1  1  0  0  0
  4  3  1  0  0  0  0
  4 14  1  1  0  0  0
  5 16  1  0  0  0  0
  5 15  1  0  0  0  0
  5  4  1  0  0  0  0
  6  7  1  0  0  0  0
  6  5  1  0  0  0  0
  7 19  1  6  0  0  0
  7  8  1  0  0  0  0
  7  2  1  0  0  0  0
  8 20  1  6  0  0  0
  8  1  1  0  0  0  0
  8  9  1  0  0  0  0
  9  4  1  0  0  0  0
  9  3  1  0  0  0  0
  9 21  1  1  0  0  0
 11  1  1  0  0  0  0
 17  6  1  0  0  0  0
 18  6  1  0  0  0  0
M  END
