Lattice="14.03304462 0.0 0.0 0.0 15.266934769999999 0.0 0.0 0.0 13.36482501" Properties=species:S:1:pos:R:3:GW_charged:R:1:dKS_charged:R:1:dKS_neutral:R:1 pbc="T T T"
 OpenBabel12102409273D
Lattice="14.03304462 0.0 0.0 0.0 15.266934769999999 0.0 0.0 0.0 13.36482501" Properties=species:S:1:pos:R:3:GW_charged:R:1:dKS_charged:R:1:dKS_neutral:R:1 pbc="T T T"
 19 18  0  0  1  0  0  0  0  0999 V2000
    7.7613   10.3437    6.6626 C   0  0  0  0  0  0  0  0  0  0  0  0
    7.7484    8.8111    6.7041 C   0  0  0  0  0  0  0  0  0  0  0  0
    8.4948    8.3012    7.9416 C   0  0  0  0  0  0  0  0  0  0  0  0
    6.2974    8.2420    6.6480 C   0  0  1  0  0  0  0  0  0  0  0  0
    5.4806    8.7480    5.4413 C   0  0  0  0  0  0  0  0  0  0  0  0
    6.3051    6.7800    6.6548 C   0  0  0  0  0  0  0  0  0  0  0  0
    6.3088    5.5691    6.6206 C   0  0  0  0  0  0  0  0  0  0  0  0
    8.7885   10.7186    6.7683 H   0  0  0  0  0  0  0  0  0  0  0  0
    7.3617   10.7448    5.7228 H   0  0  0  0  0  0  0  0  0  0  0  0
    7.1703   10.7669    7.4898 H   0  0  0  0  0  0  0  0  0  0  0  0
    8.2697    8.4337    5.8072 H   0  0  0  0  0  0  0  0  0  0  0  0
    8.0159    8.6627    8.8648 H   0  0  0  0  0  0  0  0  0  0  0  0
    8.5128    7.2049    7.9794 H   0  0  0  0  0  0  0  0  0  0  0  0
    9.5330    8.6601    7.9452 H   0  0  0  0  0  0  0  0  0  0  0  0
    5.7843    8.5736    7.5705 H   0  0  0  0  0  0  0  0  0  0  0  0
    4.5000    8.2579    5.4116 H   0  0  0  0  0  0  0  0  0  0  0  0
    5.3184    9.8312    5.4971 H   0  0  0  0  0  0  0  0  0  0  0  0
    5.9995    8.5205    4.5000 H   0  0  0  0  0  0  0  0  0  0  0  0
    6.3084    4.5000    6.6018 H   0  0  0  0  0  0  0  0  0  0  0  0
  1  2  1  0  0  0  0
  1  8  1  0  0  0  0
  1 10  1  0  0  0  0
  2  3  1  0  0  0  0
  3 14  1  0  0  0  0
  3 13  1  0  0  0  0
  3 12  1  0  0  0  0
  4  6  1  0  0  0  0
  4  2  1  0  0  0  0
  4 15  1  1  0  0  0
  5 17  1  0  0  0  0
  5  4  1  0  0  0  0
  7  6  3  0  0  0  0
  9  1  1  0  0  0  0
 11  2  1  0  0  0  0
 16  5  1  0  0  0  0
 18  5  1  0  0  0  0
 19  7  1  0  0  0  0
M  END
