Lattice="13.381463029999999 0.0 0.0 0.0 17.45794998 0.0 0.0 0.0 12.51537655" Properties=species:S:1:pos:R:3:GW_charged:R:1:dKS_charged:R:1:dKS_neutral:R:1 pbc="T T T"
 OpenBabel12102410123D
Lattice="13.381463029999999 0.0 0.0 0.0 17.45794998 0.0 0.0 0.0 12.51537655" Properties=species:S:1:pos:R:3:GW_charged:R:1:dKS_charged:R:1:dKS_neutral:R:1 pbc="T T T"
 21 22  0  0  1  0  0  0  0  0999 V2000
    5.0639    5.5602    5.4428 C   0  0  0  0  0  0  0  0  0  0  0  0
    5.1111    6.7612    5.5902 C   0  0  0  0  0  0  0  0  0  0  0  0
    5.2094    8.2036    5.7593 C   0  0  0  0  0  0  0  0  0  0  0  0
    6.6326    8.7483    5.5137 C   0  0  0  0  0  0  0  0  0  0  0  0
    6.6851   10.2616    5.6439 C   0  0  1  0  0  0  0  0  0  0  0  0
    6.5909   10.9841    7.0329 C   0  0  1  0  0  0  0  0  0  0  0  0
    8.0575   10.5448    7.3144 C   0  0  0  0  0  0  0  0  0  0  0  0
    8.0373   11.0246    5.8324 C   0  0  2  0  0  0  0  0  0  0  0  0
    7.1893   12.2326    6.3242 C   0  0  0  0  0  0  0  0  0  0  0  0
    5.0116    4.5000    5.3144 H   0  0  0  0  0  0  0  0  0  0  0  0
    4.5000    8.6982    5.0748 H   0  0  0  0  0  0  0  0  0  0  0  0
    4.8845    8.4716    6.7780 H   0  0  0  0  0  0  0  0  0  0  0  0
    7.3243    8.2482    6.2050 H   0  0  0  0  0  0  0  0  0  0  0  0
    6.9525    8.4622    4.5000 H   0  0  0  0  0  0  0  0  0  0  0  0
    6.0359   10.7254    4.8812 H   0  0  0  0  0  0  0  0  0  0  0  0
    5.7465   10.9666    7.7345 H   0  0  0  0  0  0  0  0  0  0  0  0
    8.6207   11.1753    8.0154 H   0  0  0  0  0  0  0  0  0  0  0  0
    8.2456    9.4822    7.5055 H   0  0  0  0  0  0  0  0  0  0  0  0
    8.8815   11.0499    5.1310 H   0  0  0  0  0  0  0  0  0  0  0  0
    6.5540   12.7249    5.5748 H   0  0  0  0  0  0  0  0  0  0  0  0
    7.7028   12.9579    6.9691 H   0  0  0  0  0  0  0  0  0  0  0  0
  1  2  3  0  0  0  0
  2  3  1  0  0  0  0
  3 12  1  0  0  0  0
  4  5  1  0  0  0  0
  4  3  1  0  0  0  0
  4 13  1  0  0  0  0
  5 15  1  6  0  0  0
  5  8  1  0  0  0  0
  5  6  1  0  0  0  0
  6  7  1  0  0  0  0
  6 16  1  1  0  0  0
  7 18  1  0  0  0  0
  7 17  1  0  0  0  0
  8 19  1  6  0  0  0
  8  9  1  0  0  0  0
  8  7  1  0  0  0  0
  9 21  1  0  0  0  0
  9  6  1  0  0  0  0
 10  1  1  0  0  0  0
 11  3  1  0  0  0  0
 14  4  1  0  0  0  0
 20  9  1  0  0  0  0
M  END
