Lattice="14.71636204 0.0 0.0 0.0 13.94255775 0.0 0.0 0.0 14.09099285" Properties=species:S:1:pos:R:3:GW_charged:R:1:dKS_charged:R:1:dKS_neutral:R:1 pbc="T T T"
 OpenBabel12102411073D
Lattice="14.71636204 0.0 0.0 0.0 13.94255775 0.0 0.0 0.0 14.09099285" Properties=species:S:1:pos:R:3:GW_charged:R:1:dKS_charged:R:1:dKS_neutral:R:1 pbc="T T T"
 23 23  0  0  0  0  0  0  0  0999 V2000
    5.9211    7.9089    8.4183 C   0  0  0  0  0  0  0  0  0  0  0  0
    7.3610    8.4220    8.2158 C   0  0  0  0  0  0  0  0  0  0  0  0
    8.4844    7.5740    8.8638 C   0  0  0  0  0  0  0  0  0  0  0  0
    9.4913    6.9760    7.8440 C   0  0  0  0  0  0  0  0  0  0  0  0
    8.7384    6.2456    6.8336 C   0  0  0  0  0  0  0  0  0  0  0  0
    7.8357    5.8144    6.1461 C   0  0  0  0  0  0  0  0  0  0  0  0
    6.5156    5.5344    5.5979 C   0  0  0  0  0  0  0  0  0  0  0  0
    5.5070    6.5372    6.2210 C   0  0  0  0  0  0  0  0  0  0  0  0
    5.5247    6.5671    7.7702 C   0  0  0  0  0  0  0  0  0  0  0  0
    5.7299    7.8311    9.5021 H   0  0  0  0  0  0  0  0  0  0  0  0
    5.2296    8.6876    8.0539 H   0  0  0  0  0  0  0  0  0  0  0  0
    7.5617    8.5267    7.1387 H   0  0  0  0  0  0  0  0  0  0  0  0
    7.4027    9.4426    8.6245 H   0  0  0  0  0  0  0  0  0  0  0  0
    9.0470    8.1781    9.5910 H   0  0  0  0  0  0  0  0  0  0  0  0
    8.0449    6.7397    9.4312 H   0  0  0  0  0  0  0  0  0  0  0  0
   10.0773    7.7835    7.3740 H   0  0  0  0  0  0  0  0  0  0  0  0
   10.2164    6.3296    8.3624 H   0  0  0  0  0  0  0  0  0  0  0  0
    6.5017    5.6161    4.5000 H   0  0  0  0  0  0  0  0  0  0  0  0
    6.2154    4.5000    5.8350 H   0  0  0  0  0  0  0  0  0  0  0  0
    5.7379    7.5371    5.8236 H   0  0  0  0  0  0  0  0  0  0  0  0
    4.5000    6.2859    5.8559 H   0  0  0  0  0  0  0  0  0  0  0  0
    6.1916    5.7734    8.1401 H   0  0  0  0  0  0  0  0  0  0  0  0
    4.5228    6.3090    8.1441 H   0  0  0  0  0  0  0  0  0  0  0  0
  1 10  1  0  0  0  0
  2  1  1  0  0  0  0
  2 13  1  0  0  0  0
  2  3  1  0  0  0  0
  3 15  1  0  0  0  0
  3 14  1  0  0  0  0
  4 17  1  0  0  0  0
  4  3  1  0  0  0  0
  5  4  1  0  0  0  0
  6  5  3  0  0  0  0
  7 19  1  0  0  0  0
  7  6  1  0  0  0  0
  7  8  1  0  0  0  0
  8  9  1  0  0  0  0
  9 22  1  0  0  0  0
  9 23  1  0  0  0  0
  9  1  1  0  0  0  0
 11  1  1  0  0  0  0
 12  2  1  0  0  0  0
 16  4  1  0  0  0  0
 18  7  1  0  0  0  0
 20  8  1  0  0  0  0
 21  8  1  0  0  0  0
M  END
