Lattice="12.52310288 0.0 0.0 0.0 13.52097303 0.0 0.0 0.0 13.48900634" Properties=species:S:1:pos:R:3:GW_charged:R:1:dKS_charged:R:1:dKS_neutral:R:1 pbc="T T T"
 OpenBabel12102409263D
Lattice="12.52310288 0.0 0.0 0.0 13.52097303 0.0 0.0 0.0 13.48900634" Properties=species:S:1:pos:R:3:GW_charged:R:1:dKS_charged:R:1:dKS_neutral:R:1 pbc="T T T"
 18 17  0  0  1  0  0  0  0  0999 V2000
    5.4199    8.5595    6.7335 C   0  0  0  0  0  0  0  0  0  0  0  0
    5.5243    7.0303    6.6711 C   0  0  0  0  0  0  0  0  0  0  0  0
    6.1845    6.5755    5.3626 C   0  0  0  0  0  0  0  0  0  0  0  0
    6.2244    6.4804    7.9297 C   0  0  1  0  0  0  0  0  0  0  0  0
    6.2178    4.9562    8.0324 C   0  0  0  0  0  0  0  0  0  0  0  0
    7.5686    6.9965    7.9377 O   0  0  0  0  0  0  0  0  0  0  0  0
    6.4159    9.0210    6.7061 H   0  0  0  0  0  0  0  0  0  0  0  0
    4.8414    8.9480    5.8840 H   0  0  0  0  0  0  0  0  0  0  0  0
    4.9233    8.8896    7.6575 H   0  0  0  0  0  0  0  0  0  0  0  0
    4.5000    6.6192    6.7021 H   0  0  0  0  0  0  0  0  0  0  0  0
    7.2297    6.9085    5.3160 H   0  0  0  0  0  0  0  0  0  0  0  0
    6.1719    5.4835    5.2465 H   0  0  0  0  0  0  0  0  0  0  0  0
    5.6547    7.0023    4.5000 H   0  0  0  0  0  0  0  0  0  0  0  0
    5.6781    6.8899    8.8030 H   0  0  0  0  0  0  0  0  0  0  0  0
    6.6522    4.6293    8.9890 H   0  0  0  0  0  0  0  0  0  0  0  0
    5.1919    4.5632    7.9873 H   0  0  0  0  0  0  0  0  0  0  0  0
    6.8022    4.5000    7.2229 H   0  0  0  0  0  0  0  0  0  0  0  0
    8.0231    6.6334    8.7122 H   0  0  0  0  0  0  0  0  0  0  0  0
  1  9  1  0  0  0  0
  2 10  1  0  0  0  0
  2  1  1  0  0  0  0
  2  4  1  0  0  0  0
  3  2  1  0  0  0  0
  4  6  1  0  0  0  0
  4  5  1  0  0  0  0
  4 14  1  1  0  0  0
  5 15  1  0  0  0  0
  6 18  1  0  0  0  0
  7  1  1  0  0  0  0
  8  1  1  0  0  0  0
 11  3  1  0  0  0  0
 12  3  1  0  0  0  0
 13  3  1  0  0  0  0
 16  5  1  0  0  0  0
 17  5  1  0  0  0  0
M  END
