Lattice="14.56279844 0.0 0.0 0.0 14.816801470000001 0.0 0.0 0.0 12.599288439999999" Properties=species:S:1:pos:R:3:GW_charged:R:1:dKS_charged:R:1:dKS_neutral:R:1 pbc="T T T"
 OpenBabel12102410123D
Lattice="14.56279844 0.0 0.0 0.0 14.816801470000001 0.0 0.0 0.0 12.599288439999999" Properties=species:S:1:pos:R:3:GW_charged:R:1:dKS_charged:R:1:dKS_neutral:R:1 pbc="T T T"
 21 22  0  0  1  0  0  0  0  0999 V2000
    6.6964    7.8181    5.5252 C   0  0  0  0  0  0  0  0  0  0  0  0
    6.5101    6.3193    5.4531 C   0  0  0  0  0  0  0  0  0  0  0  0
    6.5497    5.4782    6.7038 C   0  0  0  0  0  0  0  0  0  0  0  0
    5.2443    5.6817    5.9733 C   0  0  0  0  0  0  0  0  0  0  0  0
    8.1564    8.2671    5.5470 C   0  0  1  0  0  0  0  0  0  0  0  0
    8.3326    9.8034    5.4801 C   0  0  0  0  0  0  0  0  0  0  0  0
    9.3571   10.0881    6.4327 O   0  0  0  0  0  0  0  0  0  0  0  0
    9.1408    9.1194    7.4387 C   0  0  0  0  0  0  0  0  0  0  0  0
    8.8257    7.9052    6.7778 O   0  0  0  0  0  0  0  0  0  0  0  0
    6.2073    8.2926    4.6553 H   0  0  0  0  0  0  0  0  0  0  0  0
    6.1925    8.2199    6.4202 H   0  0  0  0  0  0  0  0  0  0  0  0
    6.9370    5.8583    4.5589 H   0  0  0  0  0  0  0  0  0  0  0  0
    7.0247    4.5000    6.6536 H   0  0  0  0  0  0  0  0  0  0  0  0
    6.6983    5.9975    7.6491 H   0  0  0  0  0  0  0  0  0  0  0  0
    4.5000    6.3342    6.4299 H   0  0  0  0  0  0  0  0  0  0  0  0
    4.8218    4.8435    5.4216 H   0  0  0  0  0  0  0  0  0  0  0  0
    8.7115    7.7727    4.7328 H   0  0  0  0  0  0  0  0  0  0  0  0
    8.6642   10.1647    4.5000 H   0  0  0  0  0  0  0  0  0  0  0  0
    7.3914   10.3168    5.7559 H   0  0  0  0  0  0  0  0  0  0  0  0
   10.0628    8.9901    8.0197 H   0  0  0  0  0  0  0  0  0  0  0  0
    8.3020    9.4311    8.0993 H   0  0  0  0  0  0  0  0  0  0  0  0
  1  5  1  0  0  0  0
  1 11  1  0  0  0  0
  2  1  1  0  0  0  0
  2  4  1  0  0  0  0
  2  3  1  0  0  0  0
  3 14  1  0  0  0  0
  4 15  1  0  0  0  0
  4  3  1  0  0  0  0
  5 17  1  6  0  0  0
  5  9  1  0  0  0  0
  6  5  1  0  0  0  0
  6 19  1  0  0  0  0
  6  7  1  0  0  0  0
  7  8  1  0  0  0  0
  8 20  1  0  0  0  0
  8 21  1  0  0  0  0
  9  8  1  0  0  0  0
 10  1  1  0  0  0  0
 12  2  1  0  0  0  0
 13  3  1  0  0  0  0
 16  4  1  0  0  0  0
 18  6  1  0  0  0  0
M  END
