Lattice="13.50425737 0.0 0.0 0.0 14.96063276 0.0 0.0 0.0 14.38626845" Properties=species:S:1:pos:R:3:GW_charged:R:1:dKS_charged:R:1:dKS_neutral:R:1 pbc="T T T"
 OpenBabel12102409463D
Lattice="13.50425737 0.0 0.0 0.0 14.96063276 0.0 0.0 0.0 14.38626845" Properties=species:S:1:pos:R:3:GW_charged:R:1:dKS_charged:R:1:dKS_neutral:R:1 pbc="T T T"
 19 20  0  0  1  0  0  0  0  0999 V2000
    4.8529    5.4456    4.8540 C   0  0  0  0  0  0  0  0  0  0  0  0
    5.2622    6.5151    5.2473 C   0  0  0  0  0  0  0  0  0  0  0  0
    5.7377    7.7969    5.7342 C   0  0  1  0  0  0  0  0  0  0  0  0
    5.5131    8.1196    7.2321 C   0  0  0  0  0  0  0  0  0  0  0  0
    7.0481    8.2422    7.3077 C   0  0  0  0  0  0  0  0  0  0  0  0
    7.6981    9.5557    7.7959 C   0  0  0  0  0  0  0  0  0  0  0  0
    8.0272    8.8297    9.1287 C   0  0  0  0  0  0  0  0  0  0  0  0
    7.8443    7.4788    8.3846 C   0  0  0  0  0  0  0  0  0  0  0  0
    7.1886    7.8570    5.9131 O   0  0  0  0  0  0  0  0  0  0  0  0
    4.5000    4.5000    4.5000 H   0  0  0  0  0  0  0  0  0  0  0  0
    5.4041    8.5973    5.0522 H   0  0  0  0  0  0  0  0  0  0  0  0
    4.9456    9.0356    7.4299 H   0  0  0  0  0  0  0  0  0  0  0  0
    5.0901    7.2881    7.8054 H   0  0  0  0  0  0  0  0  0  0  0  0
    8.6066    9.7587    7.2127 H   0  0  0  0  0  0  0  0  0  0  0  0
    7.0765   10.4606    7.8194 H   0  0  0  0  0  0  0  0  0  0  0  0
    9.0043    9.0281    9.5832 H   0  0  0  0  0  0  0  0  0  0  0  0
    7.2493    8.9896    9.8863 H   0  0  0  0  0  0  0  0  0  0  0  0
    7.3440    6.6471    8.8973 H   0  0  0  0  0  0  0  0  0  0  0  0
    8.7918    7.1203    7.9596 H   0  0  0  0  0  0  0  0  0  0  0  0
  1  2  3  0  0  0  0
  2  3  1  0  0  0  0
  3 11  1  6  0  0  0
  3  9  1  0  0  0  0
  3  4  1  0  0  0  0
  4  5  1  0  0  0  0
  4 12  1  0  0  0  0
  4 13  1  0  0  0  0
  5  6  1  0  0  0  0
  5  8  1  0  0  0  0
  6 15  1  0  0  0  0
  6  7  1  0  0  0  0
  7 16  1  0  0  0  0
  7 17  1  0  0  0  0
  8 18  1  0  0  0  0
  8  7  1  0  0  0  0
  9  5  1  0  0  0  0
 10  1  1  0  0  0  0
 14  6  1  0  0  0  0
 19  8  1  0  0  0  0
M  END
