Lattice="13.37583927 0.0 0.0 0.0 14.103746430000001 0.0 0.0 0.0 13.948848479999999" Properties=species:S:1:pos:R:3:GW_charged:R:1:dKS_charged:R:1:dKS_neutral:R:1 pbc="T T T"
 OpenBabel12102411053D
Lattice="13.37583927 0.0 0.0 0.0 14.103746430000001 0.0 0.0 0.0 13.948848479999999" Properties=species:S:1:pos:R:3:GW_charged:R:1:dKS_charged:R:1:dKS_neutral:R:1 pbc="T T T"
 21 23  0  0  1  0  0  0  0  0999 V2000
    5.8488    9.0716    6.6306 C   0  0  0  0  0  0  0  0  0  0  0  0
    7.2924    8.6005    6.5185 C   0  0  1  0  0  0  0  0  0  0  0  0
    7.9982    8.3033    7.7919 C   0  0  0  0  0  0  0  0  0  0  0  0
    7.4134    7.2972    8.4658 C   0  0  0  0  0  0  0  0  0  0  0  0
    6.2507    6.7181    7.7020 C   0  0  2  0  0  0  0  0  0  0  0  0
    6.4399    5.3072    7.0983 C   0  0  0  0  0  0  0  0  0  0  0  0
    5.5531    5.3376    5.8425 C   0  0  0  0  0  0  0  0  0  0  0  0
    5.7487    6.7537    5.2494 C   0  0  0  0  0  0  0  0  0  0  0  0
    6.1291    7.6108    6.4542 C   0  0  1  0  0  0  0  0  0  0  0  0
    5.5036    9.4361    7.5999 H   0  0  0  0  0  0  0  0  0  0  0  0
    5.4423    9.6037    5.7696 H   0  0  0  0  0  0  0  0  0  0  0  0
    7.8529    8.8845    5.6269 H   0  0  0  0  0  0  0  0  0  0  0  0
    8.8758    8.8564    8.1273 H   0  0  0  0  0  0  0  0  0  0  0  0
    7.7187    6.9390    9.4488 H   0  0  0  0  0  0  0  0  0  0  0  0
    5.3244    6.7324    8.3036 H   0  0  0  0  0  0  0  0  0  0  0  0
    7.4965    5.1758    6.8165 H   0  0  0  0  0  0  0  0  0  0  0  0
    6.1783    4.5000    7.7953 H   0  0  0  0  0  0  0  0  0  0  0  0
    5.7982    4.5409    5.1279 H   0  0  0  0  0  0  0  0  0  0  0  0
    4.5000    5.1995    6.1326 H   0  0  0  0  0  0  0  0  0  0  0  0
    6.5548    6.7510    4.5000 H   0  0  0  0  0  0  0  0  0  0  0  0
    4.8417    7.1158    4.7460 H   0  0  0  0  0  0  0  0  0  0  0  0
  1 10  1  0  0  0  0
  2 12  1  6  0  0  0
  2  1  1  0  0  0  0
  2  3  1  0  0  0  0
  3 13  1  0  0  0  0
  3  4  2  0  0  0  0
  4 14  1  0  0  0  0
  5 15  1  1  0  0  0
  5  4  1  0  0  0  0
  6  5  1  0  0  0  0
  6 17  1  0  0  0  0
  7 19  1  0  0  0  0
  7  6  1  0  0  0  0
  8  7  1  0  0  0  0
  9  8  1  6  0  0  0
  9  2  1  0  0  0  0
  9  1  1  0  0  0  0
  9  5  1  0  0  0  0
 11  1  1  0  0  0  0
 16  6  1  0  0  0  0
 18  7  1  0  0  0  0
 20  8  1  0  0  0  0
 21  8  1  0  0  0  0
M  END
