Lattice="12.73920614 0.0 0.0 0.0 13.50975912 0.0 0.0 0.0 13.3908027" Properties=species:S:1:pos:R:3:GW_charged:R:1:dKS_charged:R:1:dKS_neutral:R:1 pbc="T T T"
 OpenBabel12102409383D
Lattice="12.73920614 0.0 0.0 0.0 13.50975912 0.0 0.0 0.0 13.3908027" Properties=species:S:1:pos:R:3:GW_charged:R:1:dKS_charged:R:1:dKS_neutral:R:1 pbc="T T T"
 17 18  0  0  1  0  0  0  0  0999 V2000
    6.7844    8.6786    6.3437 O   0  0  0  0  0  0  0  0  0  0  0  0
    6.8217    7.2891    6.5937 C   0  0  2  0  0  0  0  0  0  0  0  0
    7.3085    6.3639    5.4439 C   0  0  0  0  0  0  0  0  0  0  0  0
    5.9771    5.5574    5.5395 C   0  0  0  0  0  0  0  0  0  0  0  0
    5.4777    6.4829    6.6801 C   0  0  1  0  0  0  0  0  0  0  0  0
    5.8666    6.0167    8.1078 C   0  0  0  0  0  0  0  0  0  0  0  0
    7.1975    6.8260    8.0289 C   0  0  0  0  0  0  0  0  0  0  0  0
    7.6975    9.0098    6.3245 H   0  0  0  0  0  0  0  0  0  0  0  0
    7.4071    6.9148    4.5000 H   0  0  0  0  0  0  0  0  0  0  0  0
    8.2392    5.8101    5.6305 H   0  0  0  0  0  0  0  0  0  0  0  0
    5.3707    5.6125    4.6273 H   0  0  0  0  0  0  0  0  0  0  0  0
    6.0798    4.5000    5.8180 H   0  0  0  0  0  0  0  0  0  0  0  0
    4.5000    6.9601    6.5527 H   0  0  0  0  0  0  0  0  0  0  0  0
    5.1874    6.3751    8.8908 H   0  0  0  0  0  0  0  0  0  0  0  0
    5.9763    4.9299    8.2220 H   0  0  0  0  0  0  0  0  0  0  0  0
    8.1320    6.2556    8.1233 H   0  0  0  0  0  0  0  0  0  0  0  0
    7.2255    7.6708    8.7286 H   0  0  0  0  0  0  0  0  0  0  0  0
  2  1  1  6  0  0  0
  2  5  1  0  0  0  0
  2  7  1  0  0  0  0
  3  4  1  0  0  0  0
  3 10  1  0  0  0  0
  3  2  1  0  0  0  0
  4 12  1  0  0  0  0
  4  5  1  0  0  0  0
  5 13  1  6  0  0  0
  5  6  1  0  0  0  0
  6 15  1  0  0  0  0
  6 14  1  0  0  0  0
  7  6  1  0  0  0  0
  7 16  1  0  0  0  0
  7 17  1  0  0  0  0
  8  1  1  0  0  0  0
  9  3  1  0  0  0  0
 11  4  1  0  0  0  0
M  END
