Lattice="13.54159031 0.0 0.0 0.0 13.754338350000001 0.0 0.0 0.0 14.220318259999999" Properties=species:S:1:pos:R:3:GW_charged:R:1:dKS_charged:R:1:dKS_neutral:R:1 pbc="T T T"
 OpenBabel12102411053D
Lattice="13.54159031 0.0 0.0 0.0 13.754338350000001 0.0 0.0 0.0 14.220318259999999" Properties=species:S:1:pos:R:3:GW_charged:R:1:dKS_charged:R:1:dKS_neutral:R:1 pbc="T T T"
 21 22  0  0  1  0  0  0  0  0999 V2000
    5.9212    7.6937    8.6862 C   0  0  0  0  0  0  0  0  0  0  0  0
    7.4639    7.7723    8.5205 C   0  0  1  0  0  0  0  0  0  0  0  0
    7.5324    6.2248    8.7110 C   0  0  0  0  0  0  0  0  0  0  0  0
    5.9844    6.1496    8.5265 C   0  0  2  0  0  0  0  0  0  0  0  0
    5.4830    5.5838    7.1937 C   0  0  0  0  0  0  0  0  0  0  0  0
    6.3512    5.6924    6.0619 O   0  0  0  0  0  0  0  0  0  0  0  0
    6.6970    6.9746    5.5823 C   0  0  0  0  0  0  0  0  0  0  0  0
    7.9437    7.4390    6.0554 O   0  0  0  0  0  0  0  0  0  0  0  0
    7.9761    8.3181    7.1835 C   0  0  0  0  0  0  0  0  0  0  0  0
    5.5934    7.9962    9.6891 H   0  0  0  0  0  0  0  0  0  0  0  0
    5.3126    8.2458    7.9540 H   0  0  0  0  0  0  0  0  0  0  0  0
    7.9642    8.3548    9.3077 H   0  0  0  0  0  0  0  0  0  0  0  0
    8.1298    5.6772    7.9731 H   0  0  0  0  0  0  0  0  0  0  0  0
    7.8507    5.9383    9.7203 H   0  0  0  0  0  0  0  0  0  0  0  0
    5.4534    5.6010    9.3180 H   0  0  0  0  0  0  0  0  0  0  0  0
    5.3305    4.5000    7.2910 H   0  0  0  0  0  0  0  0  0  0  0  0
    4.5000    6.0362    6.9566 H   0  0  0  0  0  0  0  0  0  0  0  0
    6.8313    6.8481    4.5000 H   0  0  0  0  0  0  0  0  0  0  0  0
    5.8926    7.7088    5.7836 H   0  0  0  0  0  0  0  0  0  0  0  0
    7.4342    9.2543    6.9445 H   0  0  0  0  0  0  0  0  0  0  0  0
    9.0416    8.5702    7.2757 H   0  0  0  0  0  0  0  0  0  0  0  0
  1 10  1  0  0  0  0
  2  1  1  0  0  0  0
  2  3  1  0  0  0  0
  2 12  1  1  0  0  0
  3 14  1  0  0  0  0
  4  1  1  0  0  0  0
  4  3  1  0  0  0  0
  4 15  1  1  0  0  0
  5 16  1  0  0  0  0
  5  4  1  0  0  0  0
  6  5  1  0  0  0  0
  7 19  1  0  0  0  0
  7  8  1  0  0  0  0
  7  6  1  0  0  0  0
  8  9  1  0  0  0  0
  9 21  1  0  0  0  0
  9  2  1  0  0  0  0
 11  1  1  0  0  0  0
 13  3  1  0  0  0  0
 17  5  1  0  0  0  0
 18  7  1  0  0  0  0
 20  9  1  0  0  0  0
M  END
