Lattice="13.08098925 0.0 0.0 0.0 13.547848 0.0 0.0 0.0 13.5758233" Properties=species:S:1:pos:R:3:GW_charged:R:1:dKS_charged:R:1:dKS_neutral:R:1 pbc="T T T"
 OpenBabel12102411043D
Lattice="13.08098925 0.0 0.0 0.0 13.547848 0.0 0.0 0.0 13.5758233" Properties=species:S:1:pos:R:3:GW_charged:R:1:dKS_charged:R:1:dKS_neutral:R:1 pbc="T T T"
 21 23  0  0  1  0  0  0  0  0999 V2000
    5.5857    8.4436    5.4805 C   0  0  0  0  0  0  0  0  0  0  0  0
    6.9314    7.7672    5.6122 C   0  0  2  0  0  0  0  0  0  0  0  0
    5.6587    6.9449    5.5944 C   0  0  1  0  0  0  0  0  0  0  0  0
    5.4713    6.2765    6.9546 C   0  0  1  0  0  0  0  0  0  0  0  0
    6.6387    5.2964    7.1771 C   0  0  0  0  0  0  0  0  0  0  0  0
    7.9732    6.0914    7.1010 C   0  0  0  0  0  0  0  0  0  0  0  0
    7.6377    7.5949    6.9552 C   0  0  2  0  0  0  0  0  0  0  0  0
    6.7072    7.9700    8.1087 C   0  0  0  0  0  0  0  0  0  0  0  0
    5.4593    7.2500    8.0137 O   0  0  0  0  0  0  0  0  0  0  0  0
    5.1716    9.0062    6.3149 H   0  0  0  0  0  0  0  0  0  0  0  0
    5.3447    8.8510    4.5000 H   0  0  0  0  0  0  0  0  0  0  0  0
    7.5777    7.7603    4.7331 H   0  0  0  0  0  0  0  0  0  0  0  0
    5.4128    6.3354    4.7233 H   0  0  0  0  0  0  0  0  0  0  0  0
    4.5000    5.7701    7.0301 H   0  0  0  0  0  0  0  0  0  0  0  0
    6.5163    4.8159    8.1573 H   0  0  0  0  0  0  0  0  0  0  0  0
    6.6009    4.5000    6.4200 H   0  0  0  0  0  0  0  0  0  0  0  0
    8.5777    5.9255    8.0042 H   0  0  0  0  0  0  0  0  0  0  0  0
    8.5810    5.7649    6.2456 H   0  0  0  0  0  0  0  0  0  0  0  0
    8.5480    8.2094    7.0141 H   0  0  0  0  0  0  0  0  0  0  0  0
    7.1846    7.7302    9.0758 H   0  0  0  0  0  0  0  0  0  0  0  0
    6.4761    9.0478    8.1089 H   0  0  0  0  0  0  0  0  0  0  0  0
  1  3  1  0  0  0  0
  1  2  1  0  0  0  0
  1 10  1  0  0  0  0
  2 12  1  6  0  0  0
  2  7  1  0  0  0  0
  3 13  1  6  0  0  0
  3  2  1  0  0  0  0
  3  4  1  0  0  0  0
  4 14  1  1  0  0  0
  4  5  1  0  0  0  0
  4  9  1  0  0  0  0
  5 15  1  0  0  0  0
  6  5  1  0  0  0  0
  6 17  1  0  0  0  0
  7 19  1  1  0  0  0
  7  6  1  0  0  0  0
  7  8  1  0  0  0  0
  8 21  1  0  0  0  0
  8 20  1  0  0  0  0
  9  8  1  0  0  0  0
 11  1  1  0  0  0  0
 16  5  1  0  0  0  0
 18  6  1  0  0  0  0
M  END
