Lattice="13.82908626 0.0 0.0 0.0 12.67505915 0.0 0.0 0.0 13.827107940000001" Properties=species:S:1:pos:R:3:GW_charged:R:1:dKS_charged:R:1:dKS_neutral:R:1 pbc="T T T"
 OpenBabel12102409263D
Lattice="13.82908626 0.0 0.0 0.0 12.67505915 0.0 0.0 0.0 13.827107940000001" Properties=species:S:1:pos:R:3:GW_charged:R:1:dKS_charged:R:1:dKS_neutral:R:1 pbc="T T T"
 19 19  0  0  1  0  0  0  0  0999 V2000
    6.5286    7.7214    6.2310 C   0  0  0  0  0  0  0  0  0  0  0  0
    6.5875    6.1916    6.2065 C   0  0  0  0  0  0  0  0  0  0  0  0
    5.2058    5.5988    5.9534 C   0  0  0  0  0  0  0  0  0  0  0  0
    7.7599    5.6707    5.3099 C   0  0  0  0  0  0  0  0  0  0  0  0
    8.6626    5.5828    6.5691 C   0  0  0  0  0  0  0  0  0  0  0  0
    7.3708    5.6050    7.4215 C   0  0  1  0  0  0  0  0  0  0  0  0
    7.3167    6.3818    8.6107 O   0  0  0  0  0  0  0  0  0  0  0  0
    7.5137    8.1751    6.4021 H   0  0  0  0  0  0  0  0  0  0  0  0
    6.1465    8.0945    5.2695 H   0  0  0  0  0  0  0  0  0  0  0  0
    5.8613    8.0779    7.0270 H   0  0  0  0  0  0  0  0  0  0  0  0
    4.7957    5.9463    4.9934 H   0  0  0  0  0  0  0  0  0  0  0  0
    5.2393    4.5000    5.9244 H   0  0  0  0  0  0  0  0  0  0  0  0
    4.5000    5.8950    6.7436 H   0  0  0  0  0  0  0  0  0  0  0  0
    7.5410    4.6819    4.8844 H   0  0  0  0  0  0  0  0  0  0  0  0
    8.0891    6.3341    4.5000 H   0  0  0  0  0  0  0  0  0  0  0  0
    9.3291    4.7170    6.6715 H   0  0  0  0  0  0  0  0  0  0  0  0
    9.2447    6.5006    6.7231 H   0  0  0  0  0  0  0  0  0  0  0  0
    7.0208    4.5757    7.6196 H   0  0  0  0  0  0  0  0  0  0  0  0
    7.7242    5.8727    9.3271 H   0  0  0  0  0  0  0  0  0  0  0  0
  1  8  1  0  0  0  0
  1 10  1  0  0  0  0
  2  1  1  0  0  0  0
  2  6  1  0  0  0  0
  3  2  1  0  0  0  0
  3 13  1  0  0  0  0
  4  2  1  0  0  0  0
  4  5  1  0  0  0  0
  5 16  1  0  0  0  0
  5 17  1  0  0  0  0
  5  6  1  0  0  0  0
  6 18  1  1  0  0  0
  6  7  1  0  0  0  0
  7 19  1  0  0  0  0
  9  1  1  0  0  0  0
 11  3  1  0  0  0  0
 12  3  1  0  0  0  0
 14  4  1  0  0  0  0
 15  4  1  0  0  0  0
M  END
