Lattice="13.484157360000001 0.0 0.0 0.0 14.15614607 0.0 0.0 0.0 14.49732987" Properties=species:S:1:pos:R:3:GW_charged:R:1:dKS_charged:R:1:dKS_neutral:R:1 pbc="T T T"
 OpenBabel12102411063D
Lattice="13.484157360000001 0.0 0.0 0.0 14.15614607 0.0 0.0 0.0 14.49732987" Properties=species:S:1:pos:R:3:GW_charged:R:1:dKS_charged:R:1:dKS_neutral:R:1 pbc="T T T"
 23 25  0  0  1  0  0  0  0  0999 V2000
    6.7504    9.1322    5.5633 C   0  0  0  0  0  0  0  0  0  0  0  0
    8.1570    8.9398    6.0788 C   0  0  0  0  0  0  0  0  0  0  0  0
    7.2155    7.7617    5.9882 C   0  0  0  0  0  0  0  0  0  0  0  0
    6.7003    7.0940    7.2270 C   0  0  1  0  0  0  0  0  0  0  0  0
    6.2848    7.8622    8.5242 C   0  0  0  0  0  0  0  0  0  0  0  0
    5.5270    6.5403    8.8321 C   0  0  1  0  0  0  0  0  0  0  0  0
    5.2778    6.4507    7.3020 C   0  0  0  0  0  0  0  0  0  0  0  0
    6.6845    5.5449    9.0309 C   0  0  0  0  0  0  0  0  0  0  0  0
    7.5755    5.9642    7.8206 C   0  0  0  0  0  0  0  0  0  0  0  0
    6.0436    9.6561    6.2056 H   0  0  0  0  0  0  0  0  0  0  0  0
    6.6106    9.3207    4.5000 H   0  0  0  0  0  0  0  0  0  0  0  0
    8.9842    9.0028    5.3736 H   0  0  0  0  0  0  0  0  0  0  0  0
    8.3850    9.3250    7.0722 H   0  0  0  0  0  0  0  0  0  0  0  0
    7.4165    7.0634    5.1710 H   0  0  0  0  0  0  0  0  0  0  0  0
    7.0783    8.1815    9.2156 H   0  0  0  0  0  0  0  0  0  0  0  0
    5.5991    8.6944    8.3204 H   0  0  0  0  0  0  0  0  0  0  0  0
    4.7027    6.5094    9.5536 H   0  0  0  0  0  0  0  0  0  0  0  0
    4.5000    7.1442    6.9579 H   0  0  0  0  0  0  0  0  0  0  0  0
    5.1325    5.4573    6.8523 H   0  0  0  0  0  0  0  0  0  0  0  0
    7.1894    5.6804    9.9973 H   0  0  0  0  0  0  0  0  0  0  0  0
    6.3502    4.5000    8.9713 H   0  0  0  0  0  0  0  0  0  0  0  0
    7.7294    5.1485    7.0999 H   0  0  0  0  0  0  0  0  0  0  0  0
    8.5650    6.3353    8.1217 H   0  0  0  0  0  0  0  0  0  0  0  0
  1  3  1  0  0  0  0
  1  2  1  0  0  0  0
  1 10  1  0  0  0  0
  2 13  1  0  0  0  0
  3  2  1  0  0  0  0
  4  3  1  6  0  0  0
  4  7  1  0  0  0  0
  4  9  1  0  0  0  0
  4  5  1  0  0  0  0
  5  6  1  0  0  0  0
  5 15  1  0  0  0  0
  6  8  1  0  0  0  0
  6 17  1  1  0  0  0
  7  6  1  0  0  0  0
  8 20  1  0  0  0  0
  9 23  1  0  0  0  0
  9  8  1  0  0  0  0
 11  1  1  0  0  0  0
 12  2  1  0  0  0  0
 14  3  1  0  0  0  0
 16  5  1  0  0  0  0
 18  7  1  0  0  0  0
 19  7  1  0  0  0  0
 21  8  1  0  0  0  0
 22  9  1  0  0  0  0
M  END
