Lattice="13.61763159 0.0 0.0 0.0 13.11041337 0.0 0.0 0.0 13.08101981" Properties=species:S:1:pos:R:3:GW_charged:R:1:dKS_charged:R:1:dKS_neutral:R:1 pbc="T T T"
 OpenBabel12102409273D
Lattice="13.61763159 0.0 0.0 0.0 13.11041337 0.0 0.0 0.0 13.08101981" Properties=species:S:1:pos:R:3:GW_charged:R:1:dKS_charged:R:1:dKS_neutral:R:1 pbc="T T T"
 19 19  0  0  0  0  0  0  0  0999 V2000
    5.9814    7.9405    6.5125 C   0  0  0  0  0  0  0  0  0  0  0  0
    6.4112    6.4703    6.5277 C   0  0  0  0  0  0  0  0  0  0  0  0
    5.1726    5.5613    6.4499 C   0  0  0  0  0  0  0  0  0  0  0  0
    7.3793    6.1236    5.3506 C   0  0  0  0  0  0  0  0  0  0  0  0
    8.3936    5.1971    5.9639 C   0  0  0  0  0  0  0  0  0  0  0  0
    8.3161    5.1883    7.3000 C   0  0  0  0  0  0  0  0  0  0  0  0
    7.2371    6.1074    7.8042 C   0  0  0  0  0  0  0  0  0  0  0  0
    6.8514    8.6104    6.5674 H   0  0  0  0  0  0  0  0  0  0  0  0
    5.4278    8.1840    5.5935 H   0  0  0  0  0  0  0  0  0  0  0  0
    5.3252    8.1723    7.3646 H   0  0  0  0  0  0  0  0  0  0  0  0
    4.6028    5.7489    5.5280 H   0  0  0  0  0  0  0  0  0  0  0  0
    5.4600    4.5000    6.4596 H   0  0  0  0  0  0  0  0  0  0  0  0
    4.5000    5.7372    7.3023 H   0  0  0  0  0  0  0  0  0  0  0  0
    6.8423    5.6741    4.5000 H   0  0  0  0  0  0  0  0  0  0  0  0
    7.8720    7.0294    4.9541 H   0  0  0  0  0  0  0  0  0  0  0  0
    9.1176    4.6332    5.3754 H   0  0  0  0  0  0  0  0  0  0  0  0
    8.9678    4.6161    7.9607 H   0  0  0  0  0  0  0  0  0  0  0  0
    7.6800    7.0075    8.2668 H   0  0  0  0  0  0  0  0  0  0  0  0
    6.6058    5.6471    8.5810 H   0  0  0  0  0  0  0  0  0  0  0  0
  1  2  1  0  0  0  0
  1  8  1  0  0  0  0
  1 10  1  0  0  0  0
  2  7  1  0  0  0  0
  3 12  1  0  0  0  0
  3  2  1  0  0  0  0
  3 13  1  0  0  0  0
  4  5  1  0  0  0  0
  4  2  1  0  0  0  0
  5  6  2  0  0  0  0
  6  7  1  0  0  0  0
  6 17  1  0  0  0  0
  7 18  1  0  0  0  0
  7 19  1  0  0  0  0
  9  1  1  0  0  0  0
 11  3  1  0  0  0  0
 14  4  1  0  0  0  0
 15  4  1  0  0  0  0
 16  5  1  0  0  0  0
M  END
