Lattice="13.73809938 0.0 0.0 0.0 12.75329743 0.0 0.0 0.0 14.362962360000001" Properties=species:S:1:pos:R:3:GW_charged:R:1:dKS_charged:R:1:dKS_neutral:R:1 pbc="T T T"
 OpenBabel12102409263D
Lattice="13.73809938 0.0 0.0 0.0 12.75329743 0.0 0.0 0.0 14.362962360000001" Properties=species:S:1:pos:R:3:GW_charged:R:1:dKS_charged:R:1:dKS_neutral:R:1 pbc="T T T"
 19 19  0  0  1  0  0  0  0  0999 V2000
    6.6131    7.7803    6.0019 C   0  0  0  0  0  0  0  0  0  0  0  0
    6.6452    6.2677    6.1242 C   0  0  0  0  0  0  0  0  0  0  0  0
    5.4056    5.5924    5.5682 C   0  0  0  0  0  0  0  0  0  0  0  0
    7.9654    5.5492    5.9644 C   0  0  0  0  0  0  0  0  0  0  0  0
    7.2979    5.5977    7.3226 C   0  0  1  0  0  0  0  0  0  0  0  0
    7.9116    6.3575    8.4637 C   0  0  0  0  0  0  0  0  0  0  0  0
    8.8999    5.5143    9.0801 O   0  0  0  0  0  0  0  0  0  0  0  0
    7.5442    8.2533    6.3373 H   0  0  0  0  0  0  0  0  0  0  0  0
    6.4604    8.0714    4.9518 H   0  0  0  0  0  0  0  0  0  0  0  0
    5.7863    8.2106    6.5875 H   0  0  0  0  0  0  0  0  0  0  0  0
    5.2771    5.8250    4.5000 H   0  0  0  0  0  0  0  0  0  0  0  0
    5.4616    4.5000    5.6678 H   0  0  0  0  0  0  0  0  0  0  0  0
    4.5000    5.9307    6.0947 H   0  0  0  0  0  0  0  0  0  0  0  0
    7.9858    4.5991    5.4314 H   0  0  0  0  0  0  0  0  0  0  0  0
    8.8626    6.1548    5.8323 H   0  0  0  0  0  0  0  0  0  0  0  0
    6.8180    4.6708    7.6454 H   0  0  0  0  0  0  0  0  0  0  0  0
    8.3751    7.2942    8.1077 H   0  0  0  0  0  0  0  0  0  0  0  0
    7.1295    6.6300    9.1969 H   0  0  0  0  0  0  0  0  0  0  0  0
    9.2381    5.9744    9.8630 H   0  0  0  0  0  0  0  0  0  0  0  0
  1  2  1  0  0  0  0
  1  8  1  0  0  0  0
  1 10  1  0  0  0  0
  2  5  1  0  0  0  0
  3 12  1  0  0  0  0
  3 13  1  0  0  0  0
  3  2  1  0  0  0  0
  4  2  1  0  0  0  0
  4  5  1  0  0  0  0
  5 16  1  1  0  0  0
  5  6  1  0  0  0  0
  6  7  1  0  0  0  0
  6 18  1  0  0  0  0
  7 19  1  0  0  0  0
  9  1  1  0  0  0  0
 11  3  1  0  0  0  0
 14  4  1  0  0  0  0
 15  4  1  0  0  0  0
 17  6  1  0  0  0  0
M  END
