Lattice="11.80750857 0.0 0.0 0.0 14.01363875 0.0 0.0 0.0 13.30612768" Properties=species:S:1:pos:R:3:GW_charged:R:1:dKS_charged:R:1:dKS_neutral:R:1 pbc="T T T"
 OpenBabel12102409393D
Lattice="11.80750857 0.0 0.0 0.0 14.01363875 0.0 0.0 0.0 13.30612768" Properties=species:S:1:pos:R:3:GW_charged:R:1:dKS_charged:R:1:dKS_neutral:R:1 pbc="T T T"
 17 17  0  0  1  0  0  0  0  0999 V2000
    5.8799    9.0092    7.8138 C   0  0  0  0  0  0  0  0  0  0  0  0
    5.8785    7.4888    7.9898 C   0  0  0  0  0  0  0  0  0  0  0  0
    6.2887    6.7311    6.7297 C   0  0  1  0  0  0  0  0  0  0  0  0
    6.3158    5.1687    6.7251 C   0  0  0  0  0  0  0  0  0  0  0  0
    5.5564    5.1391    5.3668 C   0  0  0  0  0  0  0  0  0  0  0  0
    5.2879    6.6382    5.5582 C   0  0  0  0  0  0  0  0  0  0  0  0
    4.5000    7.4115    5.0698 O   0  0  0  0  0  0  0  0  0  0  0  0
    6.8831    9.3775    7.5538 H   0  0  0  0  0  0  0  0  0  0  0  0
    5.1940    9.3151    7.0137 H   0  0  0  0  0  0  0  0  0  0  0  0
    5.5701    9.5136    8.7389 H   0  0  0  0  0  0  0  0  0  0  0  0
    6.5612    7.2019    8.8061 H   0  0  0  0  0  0  0  0  0  0  0  0
    4.8754    7.1500    8.2966 H   0  0  0  0  0  0  0  0  0  0  0  0
    7.2427    7.1308    6.3415 H   0  0  0  0  0  0  0  0  0  0  0  0
    7.3075    4.7043    6.7397 H   0  0  0  0  0  0  0  0  0  0  0  0
    5.7164    4.7502    7.5438 H   0  0  0  0  0  0  0  0  0  0  0  0
    6.2083    4.9560    4.5000 H   0  0  0  0  0  0  0  0  0  0  0  0
    4.6690    4.5000    5.2732 H   0  0  0  0  0  0  0  0  0  0  0  0
  1  2  1  0  0  0  0
  1 10  1  0  0  0  0
  2 12  1  0  0  0  0
  2 11  1  0  0  0  0
  3 13  1  6  0  0  0
  3  2  1  0  0  0  0
  4  3  1  0  0  0  0
  4 14  1  0  0  0  0
  4 15  1  0  0  0  0
  5  6  1  0  0  0  0
  5  4  1  0  0  0  0
  6  3  1  0  0  0  0
  7  6  2  0  0  0  0
  8  1  1  0  0  0  0
  9  1  1  0  0  0  0
 16  5  1  0  0  0  0
 17  5  1  0  0  0  0
M  END
