Lattice="12.87694299 0.0 0.0 0.0 12.7496049 0.0 0.0 0.0 14.31609109" Properties=species:S:1:pos:R:3:GW_charged:R:1:dKS_charged:R:1:dKS_neutral:R:1 pbc="T T T"
 OpenBabel12102409403D
Lattice="12.87694299 0.0 0.0 0.0 12.7496049 0.0 0.0 0.0 14.31609109" Properties=species:S:1:pos:R:3:GW_charged:R:1:dKS_charged:R:1:dKS_neutral:R:1 pbc="T T T"
 19 20  0  0  1  0  0  0  0  0999 V2000
    5.3203    7.7275    5.5366 C   0  0  0  0  0  0  0  0  0  0  0  0
    5.4576    6.2261    5.6422 C   0  0  1  0  0  0  0  0  0  0  0  0
    6.7810    5.5379    5.3922 C   0  0  0  0  0  0  0  0  0  0  0  0
    6.1919    5.5524    6.7859 C   0  0  1  0  0  0  0  0  0  0  0  0
    6.8380    6.3223    7.8933 C   0  0  0  0  0  0  0  0  0  0  0  0
    6.1840    6.3830    9.2540 C   0  0  0  0  0  0  0  0  0  0  0  0
    7.4535    5.5872    9.0607 C   0  0  0  0  0  0  0  0  0  0  0  0
    6.2355    8.2496    5.8460 H   0  0  0  0  0  0  0  0  0  0  0  0
    5.1099    8.0278    4.5000 H   0  0  0  0  0  0  0  0  0  0  0  0
    4.5000    8.0996    6.1674 H   0  0  0  0  0  0  0  0  0  0  0  0
    4.5800    5.6801    5.2889 H   0  0  0  0  0  0  0  0  0  0  0  0
    6.7983    4.6024    4.8345 H   0  0  0  0  0  0  0  0  0  0  0  0
    7.6473    6.1773    5.2158 H   0  0  0  0  0  0  0  0  0  0  0  0
    5.7520    4.6080    7.1178 H   0  0  0  0  0  0  0  0  0  0  0  0
    7.3654    7.2266    7.5854 H   0  0  0  0  0  0  0  0  0  0  0  0
    6.2361    7.3143    9.8161 H   0  0  0  0  0  0  0  0  0  0  0  0
    5.2538    5.8314    9.3884 H   0  0  0  0  0  0  0  0  0  0  0  0
    7.3791    4.5000    9.0663 H   0  0  0  0  0  0  0  0  0  0  0  0
    8.3769    5.9733    9.4898 H   0  0  0  0  0  0  0  0  0  0  0  0
  1  2  1  0  0  0  0
  1  8  1  0  0  0  0
  1 10  1  0  0  0  0
  2 11  1  6  0  0  0
  2  4  1  0  0  0  0
  3  2  1  0  0  0  0
  3  4  1  0  0  0  0
  4 14  1  1  0  0  0
  4  5  1  0  0  0  0
  5  7  1  0  0  0  0
  5  6  1  0  0  0  0
  6 17  1  0  0  0  0
  6 16  1  0  0  0  0
  7 18  1  0  0  0  0
  7  6  1  0  0  0  0
  7 19  1  0  0  0  0
  9  1  1  0  0  0  0
 12  3  1  0  0  0  0
 13  3  1  0  0  0  0
 15  5  1  0  0  0  0
M  END
