Lattice="12.03087408 0.0 0.0 0.0 12.75320873 0.0 0.0 0.0 11.100094160000001" Properties=species:S:1:pos:R:3:GW_charged:R:1:dKS_charged:R:1:dKS_neutral:R:1 pbc="T T T"
 OpenBabel12102409263D
Lattice="12.03087408 0.0 0.0 0.0 12.75320873 0.0 0.0 0.0 11.100094160000001" Properties=species:S:1:pos:R:3:GW_charged:R:1:dKS_charged:R:1:dKS_neutral:R:1 pbc="T T T"
 10  9  0  0  0  0  0  0  0  0999 V2000
    5.5871    7.7805    5.3819 C   0  0  0  0  0  0  0  0  0  0  0  0
    5.5499    6.2739    5.5559 C   0  0  0  0  0  0  0  0  0  0  0  0
    6.8874    5.5778    5.7235 C   0  0  0  0  0  0  0  0  0  0  0  0
    4.5000    5.6549    5.5608 O   0  0  0  0  0  0  0  0  0  0  0  0
    6.1877    8.0487    4.5000 H   0  0  0  0  0  0  0  0  0  0  0  0
    4.5718    8.1726    5.2702 H   0  0  0  0  0  0  0  0  0  0  0  0
    6.0744    8.2532    6.2477 H   0  0  0  0  0  0  0  0  0  0  0  0
    7.4189    5.9771    6.6001 H   0  0  0  0  0  0  0  0  0  0  0  0
    6.7398    4.5000    5.8406 H   0  0  0  0  0  0  0  0  0  0  0  0
    7.5309    5.7718    4.8524 H   0  0  0  0  0  0  0  0  0  0  0  0
  1  2  1  0  0  0  0
  1  7  1  0  0  0  0
  2  4  2  0  0  0  0
  2  3  1  0  0  0  0
  3  9  1  0  0  0  0
  3  8  1  0  0  0  0
  5  1  1  0  0  0  0
  6  1  1  0  0  0  0
 10  3  1  0  0  0  0
M  END
