Lattice="14.01862474 0.0 0.0 0.0 15.64375066 0.0 0.0 0.0 12.588769039999999" Properties=species:S:1:pos:R:3:GW_charged:R:1:dKS_charged:R:1:dKS_neutral:R:1 pbc="T T T"
 OpenBabel12102409463D
Lattice="14.01862474 0.0 0.0 0.0 15.64375066 0.0 0.0 0.0 12.588769039999999" Properties=species:S:1:pos:R:3:GW_charged:R:1:dKS_charged:R:1:dKS_neutral:R:1 pbc="T T T"
 19 21  0  0  1  0  0  0  0  0999 V2000
    5.8009    5.5678    5.2187 C   0  0  0  0  0  0  0  0  0  0  0  0
    5.8222    6.7783    5.2664 C   0  0  0  0  0  0  0  0  0  0  0  0
    5.8740    8.2295    5.3445 C   0  0  1  0  0  0  0  0  0  0  0  0
    5.3679    8.8223    6.7055 C   0  0  0  0  0  0  0  0  0  0  0  0
    6.6183    9.5770    7.1402 C   0  0  2  0  0  0  0  0  0  0  0  0
    7.2748   10.2559    5.8929 C   0  0  1  0  0  0  0  0  0  0  0  0
    8.6691   10.0303    6.5231 C   0  0  0  0  0  0  0  0  0  0  0  0
    7.8853    8.7250    6.7979 C   0  0  2  0  0  0  0  0  0  0  0  0
    7.3082    8.7935    5.3485 C   0  0  1  0  0  0  0  0  0  0  0  0
    5.7751    4.5000    5.1703 H   0  0  0  0  0  0  0  0  0  0  0  0
    5.3026    8.6481    4.5002 H   0  0  0  0  0  0  0  0  0  0  0  0
    4.5000    9.4812    6.5657 H   0  0  0  0  0  0  0  0  0  0  0  0
    5.0828    8.0311    7.4105 H   0  0  0  0  0  0  0  0  0  0  0  0
    6.5965   10.1285    8.0888 H   0  0  0  0  0  0  0  0  0  0  0  0
    6.9070   11.1438    5.3604 H   0  0  0  0  0  0  0  0  0  0  0  0
    9.5186    9.9595    5.8304 H   0  0  0  0  0  0  0  0  0  0  0  0
    8.9184   10.6473    7.3971 H   0  0  0  0  0  0  0  0  0  0  0  0
    8.2293    7.8225    7.3188 H   0  0  0  0  0  0  0  0  0  0  0  0
    7.9573    8.5456    4.5000 H   0  0  0  0  0  0  0  0  0  0  0  0
  1  2  3  0  0  0  0
  2  3  1  0  0  0  0
  3 11  1  6  0  0  0
  3  9  1  0  0  0  0
  3  4  1  0  0  0  0
  4  5  1  0  0  0  0
  4 13  1  0  0  0  0
  5 14  1  1  0  0  0
  6 15  1  6  0  0  0
  6  7  1  0  0  0  0
  6  5  1  0  0  0  0
  7  8  1  0  0  0  0
  7 17  1  0  0  0  0
  8  5  1  0  0  0  0
  8 18  1  1  0  0  0
  9 19  1  6  0  0  0
  9  6  1  0  0  0  0
  9  8  1  0  0  0  0
 10  1  1  0  0  0  0
 12  4  1  0  0  0  0
 16  7  1  0  0  0  0
M  END
