Lattice="13.33002318 0.0 0.0 0.0 13.79964122 0.0 0.0 0.0 13.13752944" Properties=species:S:1:pos:R:3:GW_charged:R:1:dKS_charged:R:1:dKS_neutral:R:1 pbc="T T T"
 OpenBabel12102411063D
Lattice="13.33002318 0.0 0.0 0.0 13.79964122 0.0 0.0 0.0 13.13752944" Properties=species:S:1:pos:R:3:GW_charged:R:1:dKS_charged:R:1:dKS_neutral:R:1 pbc="T T T"
 21 23  0  0  1  0  0  0  0  0999 V2000
    5.2634    8.6311    6.5165 C   0  0  0  0  0  0  0  0  0  0  0  0
    6.8006    8.4800    6.4452 C   0  0  1  0  0  0  0  0  0  0  0  0
    7.1058    7.8573    7.7164 O   0  0  0  0  0  0  0  0  0  0  0  0
    6.1431    6.7510    7.7248 C   0  0  2  0  0  0  0  0  0  0  0  0
    6.8907    5.4177    7.6440 C   0  0  0  0  0  0  0  0  0  0  0  0
    8.0155    5.5005    6.6026 C   0  0  0  0  0  0  0  0  0  0  0  0
    7.5440    6.1381    5.2836 C   0  0  0  0  0  0  0  0  0  0  0  0
    6.5592    7.2866    5.4683 C   0  0  1  0  0  0  0  0  0  0  0  0
    5.3545    7.0819    6.4464 C   0  0  2  0  0  0  0  0  0  0  0  0
    4.8599    9.0935    7.4264 H   0  0  0  0  0  0  0  0  0  0  0  0
    4.8160    9.0657    5.6149 H   0  0  0  0  0  0  0  0  0  0  0  0
    7.5026    9.2996    6.2617 H   0  0  0  0  0  0  0  0  0  0  0  0
    5.5314    6.8240    8.6375 H   0  0  0  0  0  0  0  0  0  0  0  0
    7.3078    5.1572    8.6275 H   0  0  0  0  0  0  0  0  0  0  0  0
    6.1653    4.6266    7.3886 H   0  0  0  0  0  0  0  0  0  0  0  0
    8.8300    6.1023    7.0262 H   0  0  0  0  0  0  0  0  0  0  0  0
    8.4283    4.5000    6.4083 H   0  0  0  0  0  0  0  0  0  0  0  0
    8.4131    6.4754    4.6977 H   0  0  0  0  0  0  0  0  0  0  0  0
    7.0393    5.3762    4.6655 H   0  0  0  0  0  0  0  0  0  0  0  0
    6.2041    7.6654    4.5000 H   0  0  0  0  0  0  0  0  0  0  0  0
    4.5000    6.4390    6.2060 H   0  0  0  0  0  0  0  0  0  0  0  0
  1 10  1  0  0  0  0
  2 12  1  6  0  0  0
  2  1  1  0  0  0  0
  2  3  1  0  0  0  0
  3  4  1  0  0  0  0
  4 13  1  1  0  0  0
  5  4  1  0  0  0  0
  5 14  1  0  0  0  0
  6 16  1  0  0  0  0
  6  5  1  0  0  0  0
  7  8  1  0  0  0  0
  7  6  1  0  0  0  0
  8 20  1  6  0  0  0
  8  2  1  0  0  0  0
  8  9  1  0  0  0  0
  9 21  1  6  0  0  0
  9  1  1  0  0  0  0
  9  4  1  0  0  0  0
 11  1  1  0  0  0  0
 15  5  1  0  0  0  0
 17  6  1  0  0  0  0
 18  7  1  0  0  0  0
 19  7  1  0  0  0  0
M  END
