Lattice="13.104936649999999 0.0 0.0 0.0 15.486974440000001 0.0 0.0 0.0 10.80104031" Properties=species:S:1:pos:R:3:GW_charged:R:1:dKS_charged:R:1:dKS_neutral:R:1 pbc="T T T"
 OpenBabel12102409273D
Lattice="13.104936649999999 0.0 0.0 0.0 15.486974440000001 0.0 0.0 0.0 10.80104031" Properties=species:S:1:pos:R:3:GW_charged:R:1:dKS_charged:R:1:dKS_neutral:R:1 pbc="T T T"
 15 14  0  0  0  0  0  0  0  0999 V2000
    7.7345   10.5624    5.4055 O   0  0  0  0  0  0  0  0  0  0  0  0
    7.9337    9.1427    5.3960 C   0  0  0  0  0  0  0  0  0  0  0  0
    6.5570    8.5012    5.4061 C   0  0  0  0  0  0  0  0  0  0  0  0
    6.5986    6.9811    5.3976 C   0  0  0  0  0  0  0  0  0  0  0  0
    7.6353    6.3479    5.3848 O   0  0  0  0  0  0  0  0  0  0  0  0
    5.2317    6.2997    5.4062 C   0  0  0  0  0  0  0  0  0  0  0  0
    5.3836    4.8964    5.3980 O   0  0  0  0  0  0  0  0  0  0  0  0
    8.6049   10.9870    5.3994 H   0  0  0  0  0  0  0  0  0  0  0  0
    8.4910    8.8223    4.5000 H   0  0  0  0  0  0  0  0  0  0  0  0
    8.5085    8.8128    6.2774 H   0  0  0  0  0  0  0  0  0  0  0  0
    5.9928    8.8421    6.2903 H   0  0  0  0  0  0  0  0  0  0  0  0
    5.9753    8.8517    4.5371 H   0  0  0  0  0  0  0  0  0  0  0  0
    4.6863    6.6607    6.3010 H   0  0  0  0  0  0  0  0  0  0  0  0
    4.6708    6.6694    4.5246 H   0  0  0  0  0  0  0  0  0  0  0  0
    4.5000    4.5000    5.4036 H   0  0  0  0  0  0  0  0  0  0  0  0
  2  1  1  0  0  0  0
  2  3  1  0  0  0  0
  2 10  1  0  0  0  0
  3 11  1  0  0  0  0
  4  3  1  0  0  0  0
  4  6  1  0  0  0  0
  5  4  2  0  0  0  0
  6 13  1  0  0  0  0
  7 15  1  0  0  0  0
  7  6  1  0  0  0  0
  8  1  1  0  0  0  0
  9  2  1  0  0  0  0
 12  3  1  0  0  0  0
 14  6  1  0  0  0  0
M  END
