Lattice="14.030281689999999 0.0 0.0 0.0 15.513887140000001 0.0 0.0 0.0 13.77649085" Properties=species:S:1:pos:R:3:GW_charged:R:1:dKS_charged:R:1:dKS_neutral:R:1 pbc="T T T"
 OpenBabel12102409463D
Lattice="14.030281689999999 0.0 0.0 0.0 15.513887140000001 0.0 0.0 0.0 13.77649085" Properties=species:S:1:pos:R:3:GW_charged:R:1:dKS_charged:R:1:dKS_neutral:R:1 pbc="T T T"
 19 20  0  0  1  0  0  0  0  0999 V2000
    5.9356    5.5659    6.4323 C   0  0  0  0  0  0  0  0  0  0  0  0
    5.9821    6.7730    6.5198 C   0  0  0  0  0  0  0  0  0  0  0  0
    6.0311    8.2253    6.6186 C   0  0  1  0  0  0  0  0  0  0  0  0
    5.4375    8.7889    7.9006 C   0  0  0  0  0  0  0  0  0  0  0  0
    6.1757    9.7884    8.3913 C   0  0  0  0  0  0  0  0  0  0  0  0
    7.3941   10.0652    7.5528 C   0  0  0  0  0  0  0  0  0  0  0  0
    7.4512    8.8565    6.6112 C   0  0  0  0  0  0  0  0  0  0  0  0
    8.6846    7.9919    6.5795 C   0  0  0  0  0  0  0  0  0  0  0  0
    8.3158    8.8367    5.3822 C   0  0  0  0  0  0  0  0  0  0  0  0
    5.8901    4.5000    6.3604 H   0  0  0  0  0  0  0  0  0  0  0  0
    5.4560    8.6272    5.7596 H   0  0  0  0  0  0  0  0  0  0  0  0
    4.5000    8.4182    8.3112 H   0  0  0  0  0  0  0  0  0  0  0  0
    5.9209   10.3707    9.2765 H   0  0  0  0  0  0  0  0  0  0  0  0
    7.2755   11.0139    6.9977 H   0  0  0  0  0  0  0  0  0  0  0  0
    8.3117   10.1691    8.1521 H   0  0  0  0  0  0  0  0  0  0  0  0
    9.5303    8.3055    7.1912 H   0  0  0  0  0  0  0  0  0  0  0  0
    8.5511    6.9140    6.5016 H   0  0  0  0  0  0  0  0  0  0  0  0
    7.9363    8.3205    4.5000 H   0  0  0  0  0  0  0  0  0  0  0  0
    8.9132    9.7219    5.1638 H   0  0  0  0  0  0  0  0  0  0  0  0
  1  2  3  0  0  0  0
  2  3  1  0  0  0  0
  3 11  1  6  0  0  0
  3  4  1  0  0  0  0
  4 12  1  0  0  0  0
  4  5  2  0  0  0  0
  5 13  1  0  0  0  0
  6 15  1  0  0  0  0
  6  5  1  0  0  0  0
  7  3  1  0  0  0  0
  7  6  1  0  0  0  0
  8  7  1  0  0  0  0
  8 16  1  0  0  0  0
  9  8  1  0  0  0  0
  9  7  1  0  0  0  0
 10  1  1  0  0  0  0
 14  6  1  0  0  0  0
 17  8  1  0  0  0  0
 18  9  1  0  0  0  0
 19  9  1  0  0  0  0
M  END
