Lattice="12.98825571 0.0 0.0 0.0 13.98516119 0.0 0.0 0.0 12.21130329" Properties=species:S:1:pos:R:3:GW_charged:R:1:dKS_charged:R:1:dKS_neutral:R:1 pbc="T T T"
 OpenBabel12102409373D
Lattice="12.98825571 0.0 0.0 0.0 13.98516119 0.0 0.0 0.0 12.21130329" Properties=species:S:1:pos:R:3:GW_charged:R:1:dKS_charged:R:1:dKS_neutral:R:1 pbc="T T T"
 17 17  0  0  1  0  0  0  0  0999 V2000
    5.5525    8.9886    6.2231 C   0  0  0  0  0  0  0  0  0  0  0  0
    5.5136    7.4819    6.3779 C   0  0  1  0  0  0  0  0  0  0  0  0
    5.9177    6.6725    5.1295 C   0  0  0  0  0  0  0  0  0  0  0  0
    6.6849    5.4544    5.6782 C   0  0  1  0  0  0  0  0  0  0  0  0
    8.0095    5.4928    5.1282 O   0  0  0  0  0  0  0  0  0  0  0  0
    6.6402    5.6875    7.2024 C   0  0  0  0  0  0  0  0  0  0  0  0
    6.4577    7.0856    7.3880 O   0  0  0  0  0  0  0  0  0  0  0  0
    6.5563    9.3148    5.9193 H   0  0  0  0  0  0  0  0  0  0  0  0
    4.8336    9.3127    5.4583 H   0  0  0  0  0  0  0  0  0  0  0  0
    5.2949    9.4852    7.1673 H   0  0  0  0  0  0  0  0  0  0  0  0
    4.5000    7.1674    6.7059 H   0  0  0  0  0  0  0  0  0  0  0  0
    5.0529    6.3891    4.5179 H   0  0  0  0  0  0  0  0  0  0  0  0
    6.6100    7.2480    4.5000 H   0  0  0  0  0  0  0  0  0  0  0  0
    6.1981    4.5000    5.4136 H   0  0  0  0  0  0  0  0  0  0  0  0
    8.4883    4.7086    5.4380 H   0  0  0  0  0  0  0  0  0  0  0  0
    5.7922    5.1223    7.6428 H   0  0  0  0  0  0  0  0  0  0  0  0
    7.5663    5.3894    7.7113 H   0  0  0  0  0  0  0  0  0  0  0  0
  1  2  1  0  0  0  0
  1 10  1  0  0  0  0
  2 11  1  1  0  0  0
  2  7  1  0  0  0  0
  3  4  1  0  0  0  0
  3  2  1  0  0  0  0
  4 14  1  6  0  0  0
  4  6  1  0  0  0  0
  5 15  1  0  0  0  0
  5  4  1  0  0  0  0
  6  7  1  0  0  0  0
  6 16  1  0  0  0  0
  6 17  1  0  0  0  0
  8  1  1  0  0  0  0
  9  1  1  0  0  0  0
 12  3  1  0  0  0  0
 13  3  1  0  0  0  0
M  END
