Lattice="13.27907181 0.0 0.0 0.0 17.432959789999998 0.0 0.0 0.0 12.51719942" Properties=species:S:1:pos:R:3:GW_charged:R:1:dKS_charged:R:1:dKS_neutral:R:1 pbc="T T T"
 OpenBabel12102410123D
Lattice="13.27907181 0.0 0.0 0.0 17.432959789999998 0.0 0.0 0.0 12.51719942" Properties=species:S:1:pos:R:3:GW_charged:R:1:dKS_charged:R:1:dKS_neutral:R:1 pbc="T T T"
 21 21  0  0  1  0  0  0  0  0999 V2000
    5.1005    5.5669    5.5834 C   0  0  0  0  0  0  0  0  0  0  0  0
    5.0882    6.7749    5.6647 C   0  0  0  0  0  0  0  0  0  0  0  0
    5.1152    8.2274    5.7594 C   0  0  0  0  0  0  0  0  0  0  0  0
    6.5409    8.8107    5.6838 C   0  0  0  0  0  0  0  0  0  0  0  0
    6.5752   10.3375    5.7477 C   0  0  1  0  0  0  0  0  0  0  0  0
    6.0590   10.9576    7.0767 C   0  0  0  0  0  0  0  0  0  0  0  0
    6.9337   12.1708    7.2628 C   0  0  0  0  0  0  0  0  0  0  0  0
    7.9854   12.1601    6.4355 C   0  0  0  0  0  0  0  0  0  0  0  0
    7.9945   10.9378    5.5553 C   0  0  0  0  0  0  0  0  0  0  0  0
    5.1009    4.5000    5.5129 H   0  0  0  0  0  0  0  0  0  0  0  0
    4.5000    8.6549    4.9496 H   0  0  0  0  0  0  0  0  0  0  0  0
    4.6319    8.5338    6.7015 H   0  0  0  0  0  0  0  0  0  0  0  0
    7.1436    8.3910    6.5052 H   0  0  0  0  0  0  0  0  0  0  0  0
    7.0106    8.4665    4.7496 H   0  0  0  0  0  0  0  0  0  0  0  0
    5.9412   10.7319    4.9351 H   0  0  0  0  0  0  0  0  0  0  0  0
    4.9871   11.2025    7.0396 H   0  0  0  0  0  0  0  0  0  0  0  0
    6.1850   10.2587    7.9252 H   0  0  0  0  0  0  0  0  0  0  0  0
    6.7382   12.9330    8.0172 H   0  0  0  0  0  0  0  0  0  0  0  0
    8.7739   12.9125    6.4162 H   0  0  0  0  0  0  0  0  0  0  0  0
    8.7791   10.2311    5.8838 H   0  0  0  0  0  0  0  0  0  0  0  0
    8.2097   11.1625    4.5000 H   0  0  0  0  0  0  0  0  0  0  0  0
  1  2  3  0  0  0  0
  2  3  1  0  0  0  0
  3 12  1  0  0  0  0
  4  5  1  0  0  0  0
  4  3  1  0  0  0  0
  4 13  1  0  0  0  0
  5 15  1  6  0  0  0
  5  6  1  0  0  0  0
  6  7  1  0  0  0  0
  6 17  1  0  0  0  0
  7 18  1  0  0  0  0
  8  7  2  0  0  0  0
  9  5  1  0  0  0  0
  9 20  1  0  0  0  0
  9  8  1  0  0  0  0
 10  1  1  0  0  0  0
 11  3  1  0  0  0  0
 14  4  1  0  0  0  0
 16  6  1  0  0  0  0
 19  8  1  0  0  0  0
 21  9  1  0  0  0  0
M  END
