Lattice="11.55769156 0.0 0.0 0.0 14.78083371 0.0 0.0 0.0 13.101986759999999" Properties=species:S:1:pos:R:3:GW_charged:R:1:dKS_charged:R:1:dKS_neutral:R:1 pbc="T T T"
 OpenBabel12102409373D
Lattice="11.55769156 0.0 0.0 0.0 14.78083371 0.0 0.0 0.0 13.101986759999999" Properties=species:S:1:pos:R:3:GW_charged:R:1:dKS_charged:R:1:dKS_neutral:R:1 pbc="T T T"
 17 17  0  0  0  0  0  0  0  0999 V2000
    5.5392    9.8157    6.6978 C   0  0  0  0  0  0  0  0  0  0  0  0
    5.5172    8.3191    6.6008 C   0  0  0  0  0  0  0  0  0  0  0  0
    5.4639    7.6480    5.4414 C   0  0  0  0  0  0  0  0  0  0  0  0
    5.4968    6.1467    5.3809 C   0  0  0  0  0  0  0  0  0  0  0  0
    5.9664    5.5762    6.7167 C   0  0  0  0  0  0  0  0  0  0  0  0
    5.2728    6.1815    7.8076 O   0  0  0  0  0  0  0  0  0  0  0  0
    5.5594    7.5700    7.9102 C   0  0  0  0  0  0  0  0  0  0  0  0
    6.4266   10.1684    7.2478 H   0  0  0  0  0  0  0  0  0  0  0  0
    5.5513   10.2808    5.7042 H   0  0  0  0  0  0  0  0  0  0  0  0
    4.6609   10.1955    7.2439 H   0  0  0  0  0  0  0  0  0  0  0  0
    5.4036    8.2009    4.5000 H   0  0  0  0  0  0  0  0  0  0  0  0
    4.5000    5.7473    5.1259 H   0  0  0  0  0  0  0  0  0  0  0  0
    6.1755    5.8111    4.5796 H   0  0  0  0  0  0  0  0  0  0  0  0
    5.7660    4.5000    6.7946 H   0  0  0  0  0  0  0  0  0  0  0  0
    7.0577    5.7320    6.8307 H   0  0  0  0  0  0  0  0  0  0  0  0
    6.5504    7.7241    8.3920 H   0  0  0  0  0  0  0  0  0  0  0  0
    4.8061    7.9787    8.6020 H   0  0  0  0  0  0  0  0  0  0  0  0
  1 10  1  0  0  0  0
  1  8  1  0  0  0  0
  2  1  1  0  0  0  0
  2  7  1  0  0  0  0
  3  2  2  0  0  0  0
  4  3  1  0  0  0  0
  4  5  1  0  0  0  0
  5 14  1  0  0  0  0
  5 15  1  0  0  0  0
  5  6  1  0  0  0  0
  6  7  1  0  0  0  0
  7 16  1  0  0  0  0
  7 17  1  0  0  0  0
  9  1  1  0  0  0  0
 11  3  1  0  0  0  0
 12  4  1  0  0  0  0
 13  4  1  0  0  0  0
M  END
