Lattice="14.511814619999999 0.0 0.0 0.0 15.2517608 0.0 0.0 0.0 11.544061169999999" Properties=species:S:1:pos:R:3:GW_charged:R:1:dKS_charged:R:1:dKS_neutral:R:1 pbc="T T T"
 OpenBabel12102409443D
Lattice="14.511814619999999 0.0 0.0 0.0 15.2517608 0.0 0.0 0.0 11.544061169999999" Properties=species:S:1:pos:R:3:GW_charged:R:1:dKS_charged:R:1:dKS_neutral:R:1 pbc="T T T"
 19 19  0  0  0  0  0  0  0  0999 V2000
    7.7071   10.2303    5.6312 C   0  0  0  0  0  0  0  0  0  0  0  0
    7.4803    8.7645    5.6184 C   0  0  0  0  0  0  0  0  0  0  0  0
    6.3863    7.9770    5.4202 C   0  0  0  0  0  0  0  0  0  0  0  0
    6.8201    6.6105    5.5389 C   0  0  0  0  0  0  0  0  0  0  0  0
    5.9683    5.3966    5.4059 C   0  0  0  0  0  0  0  0  0  0  0  0
    5.1306    5.2725    6.5741 O   0  0  0  0  0  0  0  0  0  0  0  0
    8.1635    6.6584    5.8078 C   0  0  0  0  0  0  0  0  0  0  0  0
    9.2054    5.6309    6.0520 C   0  0  0  0  0  0  0  0  0  0  0  0
    8.5795    7.9671    5.8538 O   0  0  0  0  0  0  0  0  0  0  0  0
    8.4396   10.5344    4.8687 H   0  0  0  0  0  0  0  0  0  0  0  0
    6.7649   10.7518    5.4274 H   0  0  0  0  0  0  0  0  0  0  0  0
    8.0844   10.5732    6.6061 H   0  0  0  0  0  0  0  0  0  0  0  0
    5.3763    8.3210    5.2234 H   0  0  0  0  0  0  0  0  0  0  0  0
    5.3412    5.4803    4.5000 H   0  0  0  0  0  0  0  0  0  0  0  0
    6.6021    4.5000    5.2875 H   0  0  0  0  0  0  0  0  0  0  0  0
    4.5000    4.5545    6.4083 H   0  0  0  0  0  0  0  0  0  0  0  0
   10.0118    5.6850    5.3056 H   0  0  0  0  0  0  0  0  0  0  0  0
    9.6637    5.7559    7.0441 H   0  0  0  0  0  0  0  0  0  0  0  0
    8.7665    4.6276    6.0086 H   0  0  0  0  0  0  0  0  0  0  0  0
  1 12  1  0  0  0  0
  2  1  1  0  0  0  0
  2  9  1  0  0  0  0
  3  4  1  0  0  0  0
  3  2  2  0  0  0  0
  4  7  2  0  0  0  0
  5  4  1  0  0  0  0
  5  6  1  0  0  0  0
  7  9  1  0  0  0  0
  7  8  1  0  0  0  0
  8 18  1  0  0  0  0
 10  1  1  0  0  0  0
 11  1  1  0  0  0  0
 13  3  1  0  0  0  0
 14  5  1  0  0  0  0
 15  5  1  0  0  0  0
 16  6  1  0  0  0  0
 17  8  1  0  0  0  0
 19  8  1  0  0  0  0
M  END
