Lattice="14.795723169999999 0.0 0.0 0.0 18.12537896 0.0 0.0 0.0 11.97608427" Properties=species:S:1:pos:R:3:GW_charged:R:1:dKS_charged:R:1:dKS_neutral:R:1 pbc="T T T"
 OpenBabel12102410123D
Lattice="14.795723169999999 0.0 0.0 0.0 18.12537896 0.0 0.0 0.0 11.97608427" Properties=species:S:1:pos:R:3:GW_charged:R:1:dKS_charged:R:1:dKS_neutral:R:1 pbc="T T T"
 21 21  0  0  0  0  0  0  0  0999 V2000
    5.2324    5.5530    5.7454 C   0  0  0  0  0  0  0  0  0  0  0  0
    5.2905    6.7447    5.9494 C   0  0  0  0  0  0  0  0  0  0  0  0
    5.3887    8.1790    6.1790 C   0  0  0  0  0  0  0  0  0  0  0  0
    6.6676    8.7970    5.5828 C   0  0  0  0  0  0  0  0  0  0  0  0
    6.7444   10.2928    5.8422 C   0  0  0  0  0  0  0  0  0  0  0  0
    7.9438   10.7909    5.2532 O   0  0  0  0  0  0  0  0  0  0  0  0
    8.1099   12.1684    5.4510 C   0  0  0  0  0  0  0  0  0  0  0  0
    8.7207   12.6621    6.7413 C   0  0  0  0  0  0  0  0  0  0  0  0
    9.5144   12.6736    5.4474 C   0  0  0  0  0  0  0  0  0  0  0  0
    5.1744    4.5000    5.5688 H   0  0  0  0  0  0  0  0  0  0  0  0
    4.5000    8.6725    5.7509 H   0  0  0  0  0  0  0  0  0  0  0  0
    5.3502    8.3720    7.2643 H   0  0  0  0  0  0  0  0  0  0  0  0
    7.5510    8.3059    6.0148 H   0  0  0  0  0  0  0  0  0  0  0  0
    6.6976    8.6114    4.5000 H   0  0  0  0  0  0  0  0  0  0  0  0
    5.8667   10.8095    5.4048 H   0  0  0  0  0  0  0  0  0  0  0  0
    6.7399   10.5045    6.9289 H   0  0  0  0  0  0  0  0  0  0  0  0
    7.3332   12.7860    4.9843 H   0  0  0  0  0  0  0  0  0  0  0  0
    8.3752   13.6064    7.1595 H   0  0  0  0  0  0  0  0  0  0  0  0
    8.9921   11.9054    7.4761 H   0  0  0  0  0  0  0  0  0  0  0  0
   10.2957   11.9231    5.3408 H   0  0  0  0  0  0  0  0  0  0  0  0
    9.7227   13.6254    4.9621 H   0  0  0  0  0  0  0  0  0  0  0  0
  1  2  3  0  0  0  0
  2  3  1  0  0  0  0
  3 12  1  0  0  0  0
  4  5  1  0  0  0  0
  4 13  1  0  0  0  0
  4  3  1  0  0  0  0
  5 16  1  0  0  0  0
  6  7  1  0  0  0  0
  6  5  1  0  0  0  0
  7  8  1  0  0  0  0
  8 18  1  0  0  0  0
  8 19  1  0  0  0  0
  9  7  1  0  0  0  0
  9  8  1  0  0  0  0
 10  1  1  0  0  0  0
 11  3  1  0  0  0  0
 14  4  1  0  0  0  0
 15  5  1  0  0  0  0
 17  7  1  0  0  0  0
 20  9  1  0  0  0  0
 21  9  1  0  0  0  0
M  END
