Lattice="14.83088231 0.0 0.0 0.0 12.9247595 0.0 0.0 0.0 12.84491298" Properties=species:S:1:pos:R:3:GW_charged:R:1:dKS_charged:R:1:dKS_neutral:R:1 pbc="T T T"
 OpenBabel12102409263D
Lattice="14.83088231 0.0 0.0 0.0 12.9247595 0.0 0.0 0.0 12.84491298" Properties=species:S:1:pos:R:3:GW_charged:R:1:dKS_charged:R:1:dKS_neutral:R:1 pbc="T T T"
 17 16  0  0  0  0  0  0  0  0999 V2000
    6.7307    7.8775    7.2495 C   0  0  0  0  0  0  0  0  0  0  0  0
    6.5228    6.3683    7.4114 C   0  0  0  0  0  0  0  0  0  0  0  0
    5.0349    6.0055    7.4963 C   0  0  0  0  0  0  0  0  0  0  0  0
    7.1690    5.5767    6.2738 C   0  0  0  0  0  0  0  0  0  0  0  0
    8.6051    5.7370    6.2622 O   0  0  0  0  0  0  0  0  0  0  0  0
    9.1517    6.4417    5.2437 C   0  0  0  0  0  0  0  0  0  0  0  0
   10.3309    6.6634    5.1639 O   0  0  0  0  0  0  0  0  0  0  0  0
    7.7955    8.1439    7.2287 H   0  0  0  0  0  0  0  0  0  0  0  0
    6.2689    8.2432    6.3191 H   0  0  0  0  0  0  0  0  0  0  0  0
    6.2710    8.4248    8.0833 H   0  0  0  0  0  0  0  0  0  0  0  0
    7.0138    6.0464    8.3449 H   0  0  0  0  0  0  0  0  0  0  0  0
    4.5000    6.2989    6.5802 H   0  0  0  0  0  0  0  0  0  0  0  0
    4.8857    4.9263    7.6417 H   0  0  0  0  0  0  0  0  0  0  0  0
    4.5559    6.5246    8.3367 H   0  0  0  0  0  0  0  0  0  0  0  0
    6.9858    4.5000    6.3926 H   0  0  0  0  0  0  0  0  0  0  0  0
    6.7558    5.8897    5.2981 H   0  0  0  0  0  0  0  0  0  0  0  0
    8.3945    6.7813    4.5000 H   0  0  0  0  0  0  0  0  0  0  0  0
  1  2  1  0  0  0  0
  1 10  1  0  0  0  0
  2  3  1  0  0  0  0
  2 11  1  0  0  0  0
  3 13  1  0  0  0  0
  3 14  1  0  0  0  0
  4 15  1  0  0  0  0
  4  2  1  0  0  0  0
  5  4  1  0  0  0  0
  6  5  1  0  0  0  0
  7  6  2  0  0  0  0
  8  1  1  0  0  0  0
  9  1  1  0  0  0  0
 12  3  1  0  0  0  0
 16  4  1  0  0  0  0
 17  6  1  0  0  0  0
M  END
