Lattice="12.66956774 0.0 0.0 0.0 13.6533988 0.0 0.0 0.0 13.28234337" Properties=species:S:1:pos:R:3:GW_charged:R:1:dKS_charged:R:1:dKS_neutral:R:1 pbc="T T T"
 OpenBabel12102409323D
Lattice="12.66956774 0.0 0.0 0.0 13.6533988 0.0 0.0 0.0 13.28234337" Properties=species:S:1:pos:R:3:GW_charged:R:1:dKS_charged:R:1:dKS_neutral:R:1 pbc="T T T"
 17 17  0  0  0  0  0  0  0  0999 V2000
    5.3149    8.6010    7.8478 C   0  0  0  0  0  0  0  0  0  0  0  0
    5.1910    7.1925    7.7043 O   0  0  0  0  0  0  0  0  0  0  0  0
    5.9645    6.6255    6.6544 C   0  0  0  0  0  0  0  0  0  0  0  0
    5.5773    7.1352    5.2719 C   0  0  0  0  0  0  0  0  0  0  0  0
    7.4972    6.5258    6.9040 C   0  0  0  0  0  0  0  0  0  0  0  0
    7.4568    5.0842    6.7300 O   0  0  0  0  0  0  0  0  0  0  0  0
    6.0032    5.0912    6.7854 C   0  0  0  0  0  0  0  0  0  0  0  0
    6.3714    8.9159    7.9203 H   0  0  0  0  0  0  0  0  0  0  0  0
    4.8384    9.1534    7.0205 H   0  0  0  0  0  0  0  0  0  0  0  0
    4.8067    8.8639    8.7823 H   0  0  0  0  0  0  0  0  0  0  0  0
    5.8214    8.1986    5.1433 H   0  0  0  0  0  0  0  0  0  0  0  0
    6.1227    6.5764    4.5000 H   0  0  0  0  0  0  0  0  0  0  0  0
    4.5000    6.9996    5.1042 H   0  0  0  0  0  0  0  0  0  0  0  0
    8.1696    7.0070    6.1777 H   0  0  0  0  0  0  0  0  0  0  0  0
    7.7873    6.8054    7.9311 H   0  0  0  0  0  0  0  0  0  0  0  0
    5.6249    4.7469    7.7611 H   0  0  0  0  0  0  0  0  0  0  0  0
    5.5562    4.5000    5.9724 H   0  0  0  0  0  0  0  0  0  0  0  0
  1  8  1  0  0  0  0
  1 10  1  0  0  0  0
  2  1  1  0  0  0  0
  3  7  1  0  0  0  0
  3  5  1  0  0  0  0
  3  2  1  0  0  0  0
  4  3  1  0  0  0  0
  5 15  1  0  0  0  0
  6  7  1  0  0  0  0
  6  5  1  0  0  0  0
  7 16  1  0  0  0  0
  9  1  1  0  0  0  0
 11  4  1  0  0  0  0
 12  4  1  0  0  0  0
 13  4  1  0  0  0  0
 14  5  1  0  0  0  0
 17  7  1  0  0  0  0
M  END
