Lattice="12.9297069 0.0 0.0 0.0 14.13771781 0.0 0.0 0.0 13.44829103" Properties=species:S:1:pos:R:3:GW_charged:R:1:dKS_charged:R:1:dKS_neutral:R:1 pbc="T T T"
 OpenBabel12102411063D
Lattice="12.9297069 0.0 0.0 0.0 14.13771781 0.0 0.0 0.0 13.44829103" Properties=species:S:1:pos:R:3:GW_charged:R:1:dKS_charged:R:1:dKS_neutral:R:1 pbc="T T T"
 21 23  0  0  1  0  0  0  0  0999 V2000
    5.3539    8.9936    6.8359 C   0  0  0  0  0  0  0  0  0  0  0  0
    6.7082    8.3166    6.7228 C   0  0  1  0  0  0  0  0  0  0  0  0
    7.5087    7.8302    7.7911 O   0  0  0  0  0  0  0  0  0  0  0  0
    7.0006    6.4748    7.9934 C   0  0  1  0  0  0  0  0  0  0  0  0
    5.4941    6.7040    7.9594 C   0  0  0  0  0  0  0  0  0  0  0  0
    5.4520    7.4948    6.6407 C   0  0  1  0  0  0  0  0  0  0  0  0
    5.3665    6.5621    5.4526 C   0  0  0  0  0  0  0  0  0  0  0  0
    6.7153    5.7779    5.4542 C   0  0  0  0  0  0  0  0  0  0  0  0
    7.3387    5.4819    6.8556 C   0  0  0  0  0  0  0  0  0  0  0  0
    4.9802    9.3368    7.8009 H   0  0  0  0  0  0  0  0  0  0  0  0
    5.0938    9.6377    5.9936 H   0  0  0  0  0  0  0  0  0  0  0  0
    7.2791    8.5374    5.8186 H   0  0  0  0  0  0  0  0  0  0  0  0
    7.4220    6.1307    8.9483 H   0  0  0  0  0  0  0  0  0  0  0  0
    4.8999    5.7824    7.9061 H   0  0  0  0  0  0  0  0  0  0  0  0
    5.1569    7.2921    8.8224 H   0  0  0  0  0  0  0  0  0  0  0  0
    4.5000    5.8882    5.5407 H   0  0  0  0  0  0  0  0  0  0  0  0
    5.2561    7.1003    4.5000 H   0  0  0  0  0  0  0  0  0  0  0  0
    6.6128    4.8319    4.9025 H   0  0  0  0  0  0  0  0  0  0  0  0
    7.4395    6.3782    4.8862 H   0  0  0  0  0  0  0  0  0  0  0  0
    8.4297    5.3981    6.7492 H   0  0  0  0  0  0  0  0  0  0  0  0
    6.9891    4.5000    7.2142 H   0  0  0  0  0  0  0  0  0  0  0  0
  1 10  1  0  0  0  0
  2 12  1  6  0  0  0
  2  1  1  0  0  0  0
  2  3  1  0  0  0  0
  3  4  1  0  0  0  0
  4 13  1  1  0  0  0
  5  4  1  0  0  0  0
  5 15  1  0  0  0  0
  6  7  1  6  0  0  0
  6  2  1  0  0  0  0
  6  1  1  0  0  0  0
  6  5  1  0  0  0  0
  7  8  1  0  0  0  0
  7 16  1  0  0  0  0
  8  9  1  0  0  0  0
  9 21  1  0  0  0  0
  9  4  1  0  0  0  0
 11  1  1  0  0  0  0
 14  5  1  0  0  0  0
 17  7  1  0  0  0  0
 18  8  1  0  0  0  0
 19  8  1  0  0  0  0
 20  9  1  0  0  0  0
M  END
