Lattice="13.95766712 0.0 0.0 0.0 14.3535032 0.0 0.0 0.0 13.23509993" Properties=species:S:1:pos:R:3:GW_charged:R:1:dKS_charged:R:1:dKS_neutral:R:1 pbc="T T T"
 OpenBabel12102410123D
Lattice="13.95766712 0.0 0.0 0.0 14.3535032 0.0 0.0 0.0 13.23509993" Properties=species:S:1:pos:R:3:GW_charged:R:1:dKS_charged:R:1:dKS_neutral:R:1 pbc="T T T"
 21 23  0  0  1  0  0  0  0  0999 V2000
    7.2439    9.4119    5.5552 C   0  0  0  0  0  0  0  0  0  0  0  0
    8.6197    9.5296    6.1838 C   0  0  0  0  0  0  0  0  0  0  0  0
    8.0306    8.1813    5.9298 C   0  0  0  0  0  0  0  0  0  0  0  0
    7.6555    7.4453    7.0705 O   0  0  0  0  0  0  0  0  0  0  0  0
    6.6367    6.5263    6.8304 C   0  0  1  0  0  0  0  0  0  0  0  0
    6.6445    5.2985    5.8608 C   0  0  0  0  0  0  0  0  0  0  0  0
    5.2907    5.2648    6.6252 C   0  0  1  0  0  0  0  0  0  0  0  0
    6.0806    5.5960    7.9274 C   0  0  0  0  0  0  0  0  0  0  0  0
    5.1638    6.7942    6.3776 C   0  0  0  0  0  0  0  0  0  0  0  0
    6.3906    9.6564    6.1852 H   0  0  0  0  0  0  0  0  0  0  0  0
    7.1204    9.6517    4.5000 H   0  0  0  0  0  0  0  0  0  0  0  0
    9.4577    9.8535    5.5691 H   0  0  0  0  0  0  0  0  0  0  0  0
    8.6631    9.8476    7.2240 H   0  0  0  0  0  0  0  0  0  0  0  0
    8.4499    7.5705    5.1245 H   0  0  0  0  0  0  0  0  0  0  0  0
    6.5909    5.5132    4.7854 H   0  0  0  0  0  0  0  0  0  0  0  0
    7.3611    4.5000    6.0938 H   0  0  0  0  0  0  0  0  0  0  0  0
    4.5000    4.5185    6.5130 H   0  0  0  0  0  0  0  0  0  0  0  0
    6.7616    4.8197    8.3001 H   0  0  0  0  0  0  0  0  0  0  0  0
    5.5153    6.0791    8.7351 H   0  0  0  0  0  0  0  0  0  0  0  0
    4.5345    7.3556    7.0807 H   0  0  0  0  0  0  0  0  0  0  0  0
    5.0164    7.1126    5.3379 H   0  0  0  0  0  0  0  0  0  0  0  0
  1  3  1  0  0  0  0
  1  2  1  0  0  0  0
  1 10  1  0  0  0  0
  2 13  1  0  0  0  0
  3  2  1  0  0  0  0
  3  4  1  0  0  0  0
  5  4  1  1  0  0  0
  5  8  1  0  0  0  0
  6 16  1  0  0  0  0
  6  7  1  0  0  0  0
  6  5  1  0  0  0  0
  7 17  1  6  0  0  0
  7  8  1  0  0  0  0
  8 18  1  0  0  0  0
  8 19  1  0  0  0  0
  9  7  1  0  0  0  0
  9  5  1  0  0  0  0
  9 20  1  0  0  0  0
 11  1  1  0  0  0  0
 12  2  1  0  0  0  0
 14  3  1  0  0  0  0
 15  6  1  0  0  0  0
 21  9  1  0  0  0  0
M  END
