Lattice="15.45235561 0.0 0.0 0.0 13.49133116 0.0 0.0 0.0 13.99732225" Properties=species:S:1:pos:R:3:GW_charged:R:1:dKS_charged:R:1:dKS_neutral:R:1 pbc="T T T"
 OpenBabel12102411083D
Lattice="15.45235561 0.0 0.0 0.0 13.49133116 0.0 0.0 0.0 13.99732225" Properties=species:S:1:pos:R:3:GW_charged:R:1:dKS_charged:R:1:dKS_neutral:R:1 pbc="T T T"
 29 28  0  0  0  0  0  0  0  0999 V2000
    6.4493    8.3541    6.9118 C   0  0  0  0  0  0  0  0  0  0  0  0
    6.6512    6.9204    7.4419 C   0  0  0  0  0  0  0  0  0  0  0  0
    6.9790    6.9769    8.9441 C   0  0  0  0  0  0  0  0  0  0  0  0
    5.3127    6.1698    7.2723 C   0  0  0  0  0  0  0  0  0  0  0  0
    7.6944    6.1270    6.5976 C   0  0  0  0  0  0  0  0  0  0  0  0
    9.2386    6.3336    6.6566 C   0  0  0  0  0  0  0  0  0  0  0  0
    9.8543    5.7266    7.9331 C   0  0  0  0  0  0  0  0  0  0  0  0
    9.8140    5.5604    5.4505 C   0  0  0  0  0  0  0  0  0  0  0  0
    9.6754    7.8037    6.5327 C   0  0  0  0  0  0  0  0  0  0  0  0
    7.3257    8.9913    7.0761 H   0  0  0  0  0  0  0  0  0  0  0  0
    6.2349    8.3502    5.8332 H   0  0  0  0  0  0  0  0  0  0  0  0
    5.5973    8.8310    7.4183 H   0  0  0  0  0  0  0  0  0  0  0  0
    6.1378    7.4201    9.4973 H   0  0  0  0  0  0  0  0  0  0  0  0
    7.1568    5.9744    9.3584 H   0  0  0  0  0  0  0  0  0  0  0  0
    7.8638    7.5924    9.1525 H   0  0  0  0  0  0  0  0  0  0  0  0
    5.0321    6.0895    6.2118 H   0  0  0  0  0  0  0  0  0  0  0  0
    5.3732    5.1507    7.6808 H   0  0  0  0  0  0  0  0  0  0  0  0
    4.5000    6.6951    7.7946 H   0  0  0  0  0  0  0  0  0  0  0  0
    7.5293    5.0559    6.8064 H   0  0  0  0  0  0  0  0  0  0  0  0
    7.3916    6.2640    5.5452 H   0  0  0  0  0  0  0  0  0  0  0  0
    9.5422    4.6801    8.0635 H   0  0  0  0  0  0  0  0  0  0  0  0
   10.9524    5.7405    7.8701 H   0  0  0  0  0  0  0  0  0  0  0  0
    9.5718    6.2749    8.8390 H   0  0  0  0  0  0  0  0  0  0  0  0
    9.4529    5.9793    4.5000 H   0  0  0  0  0  0  0  0  0  0  0  0
   10.9127    5.6061    5.4438 H   0  0  0  0  0  0  0  0  0  0  0  0
    9.5233    4.5000    5.4811 H   0  0  0  0  0  0  0  0  0  0  0  0
    9.3950    8.3952    7.4140 H   0  0  0  0  0  0  0  0  0  0  0  0
   10.7695    7.8651    6.4354 H   0  0  0  0  0  0  0  0  0  0  0  0
    9.2363    8.2840    5.6469 H   0  0  0  0  0  0  0  0  0  0  0  0
  1 10  1  0  0  0  0
  1 12  1  0  0  0  0
  1  2  1  0  0  0  0
  2  3  1  0  0  0  0
  3 15  1  0  0  0  0
  3 14  1  0  0  0  0
  3 13  1  0  0  0  0
  4  2  1  0  0  0  0
  4 17  1  0  0  0  0
  4 18  1  0  0  0  0
  5  6  1  0  0  0  0
  5 19  1  0  0  0  0
  5  2  1  0  0  0  0
  6  7  1  0  0  0  0
  7 21  1  0  0  0  0
  7 23  1  0  0  0  0
  8 26  1  0  0  0  0
  8  6  1  0  0  0  0
  9  6  1  0  0  0  0
  9 27  1  0  0  0  0
 11  1  1  0  0  0  0
 16  4  1  0  0  0  0
 20  5  1  0  0  0  0
 22  7  1  0  0  0  0
 24  8  1  0  0  0  0
 25  8  1  0  0  0  0
 28  9  1  0  0  0  0
 29  9  1  0  0  0  0
M  END
