Lattice="14.895110429999999 0.0 0.0 0.0 15.58166025 0.0 0.0 0.0 12.26718225" Properties=species:S:1:pos:R:3:GW_charged:R:1:dKS_charged:R:1:dKS_neutral:R:1 pbc="T T T"
 OpenBabel12102410123D
Lattice="14.895110429999999 0.0 0.0 0.0 15.58166025 0.0 0.0 0.0 12.26718225" Properties=species:S:1:pos:R:3:GW_charged:R:1:dKS_charged:R:1:dKS_neutral:R:1 pbc="T T T"
 21 22  0  0  1  0  0  0  0  0999 V2000
    7.4023    7.6251    6.9014 C   0  0  0  0  0  0  0  0  0  0  0  0
    6.9631    6.8982    5.7570 O   0  0  0  0  0  0  0  0  0  0  0  0
    5.7424    6.2414    5.9689 C   0  0  0  0  0  0  0  0  0  0  0  0
    5.5000    5.0140    5.1547 C   0  0  0  0  0  0  0  0  0  0  0  0
    5.7374    4.8942    6.6495 C   0  0  0  0  0  0  0  0  0  0  0  0
    8.7192    8.2895    6.5500 C   0  0  1  0  0  0  0  0  0  0  0  0
    8.6868    9.5575    5.6732 C   0  0  0  0  0  0  0  0  0  0  0  0
    9.3446   10.2473    6.8813 C   0  0  0  0  0  0  0  0  0  0  0  0
    9.2469    9.0356    7.6859 O   0  0  0  0  0  0  0  0  0  0  0  0
    6.6572    8.3910    7.1911 H   0  0  0  0  0  0  0  0  0  0  0  0
    7.5475    6.9525    7.7672 H   0  0  0  0  0  0  0  0  0  0  0  0
    4.8992    6.9152    6.1611 H   0  0  0  0  0  0  0  0  0  0  0  0
    4.5000    4.8409    4.7610 H   0  0  0  0  0  0  0  0  0  0  0  0
    6.3116    4.7017    4.5000 H   0  0  0  0  0  0  0  0  0  0  0  0
    6.7030    4.5000    6.9629 H   0  0  0  0  0  0  0  0  0  0  0  0
    4.9029    4.6378    7.3004 H   0  0  0  0  0  0  0  0  0  0  0  0
    9.4356    7.5224    6.2080 H   0  0  0  0  0  0  0  0  0  0  0  0
    9.2812    9.5196    4.7549 H   0  0  0  0  0  0  0  0  0  0  0  0
    7.6754    9.9053    5.4321 H   0  0  0  0  0  0  0  0  0  0  0  0
   10.3951   10.5471    6.7376 H   0  0  0  0  0  0  0  0  0  0  0  0
    8.7921   11.0817    7.3393 H   0  0  0  0  0  0  0  0  0  0  0  0
  1 10  1  0  0  0  0
  1 11  1  0  0  0  0
  2  3  1  0  0  0  0
  2  1  1  0  0  0  0
  3 12  1  0  0  0  0
  3  5  1  0  0  0  0
  4  3  1  0  0  0  0
  4  5  1  0  0  0  0
  5 15  1  0  0  0  0
  5 16  1  0  0  0  0
  6 17  1  6  0  0  0
  6  1  1  0  0  0  0
  6  9  1  0  0  0  0
  7  6  1  0  0  0  0
  7  8  1  0  0  0  0
  8 21  1  0  0  0  0
  8  9  1  0  0  0  0
 13  4  1  0  0  0  0
 14  4  1  0  0  0  0
 18  7  1  0  0  0  0
 19  7  1  0  0  0  0
 20  8  1  0  0  0  0
M  END
