Lattice="15.12371529 0.0 0.0 0.0 17.04390848 0.0 0.0 0.0 12.36839126" Properties=species:S:1:pos:R:3:GW_charged:R:1:dKS_charged:R:1:dKS_neutral:R:1 pbc="T T T"
 OpenBabel12102410123D
Lattice="15.12371529 0.0 0.0 0.0 17.04390848 0.0 0.0 0.0 12.36839126" Properties=species:S:1:pos:R:3:GW_charged:R:1:dKS_charged:R:1:dKS_neutral:R:1 pbc="T T T"
 21 22  0  0  1  0  0  0  0  0999 V2000
    7.6325    9.9084    6.8640 C   0  0  0  0  0  0  0  0  0  0  0  0
    7.7045    8.4981    6.6681 O   0  0  0  0  0  0  0  0  0  0  0  0
    6.4475    7.8660    6.8409 C   0  0  0  0  0  0  0  0  0  0  0  0
    6.6109    6.3909    6.6174 C   0  0  1  0  0  0  0  0  0  0  0  0
    5.4762    5.5537    6.2040 C   0  0  0  0  0  0  0  0  0  0  0  0
    6.5008    5.9108    5.2644 O   0  0  0  0  0  0  0  0  0  0  0  0
    9.0036   10.5017    6.7274 C   0  0  0  0  0  0  0  0  0  0  0  0
    9.5613   10.7936    5.3573 C   0  0  0  0  0  0  0  0  0  0  0  0
    9.1449   11.9301    6.2564 C   0  0  0  0  0  0  0  0  0  0  0  0
    6.9454   10.3589    6.1187 H   0  0  0  0  0  0  0  0  0  0  0  0
    7.2126   10.1245    7.8676 H   0  0  0  0  0  0  0  0  0  0  0  0
    6.0645    8.0425    7.8684 H   0  0  0  0  0  0  0  0  0  0  0  0
    5.7000    8.2672    6.1284 H   0  0  0  0  0  0  0  0  0  0  0  0
    7.4213    5.9245    7.1884 H   0  0  0  0  0  0  0  0  0  0  0  0
    5.4500    4.5000    6.4959 H   0  0  0  0  0  0  0  0  0  0  0  0
    4.5000    6.0165    6.0268 H   0  0  0  0  0  0  0  0  0  0  0  0
    9.7169   10.1653    7.4814 H   0  0  0  0  0  0  0  0  0  0  0  0
   10.6237   10.6264    5.1908 H   0  0  0  0  0  0  0  0  0  0  0  0
    8.9310   10.5601    4.5000 H   0  0  0  0  0  0  0  0  0  0  0  0
    8.2359   12.4754    6.0031 H   0  0  0  0  0  0  0  0  0  0  0  0
    9.9190   12.5439    6.7133 H   0  0  0  0  0  0  0  0  0  0  0  0
  1 11  1  0  0  0  0
  2  3  1  0  0  0  0
  2  1  1  0  0  0  0
  3 12  1  0  0  0  0
  4  3  1  0  0  0  0
  4 14  1  1  0  0  0
  5 15  1  0  0  0  0
  5  4  1  0  0  0  0
  6  5  1  0  0  0  0
  6  4  1  0  0  0  0
  7  1  1  0  0  0  0
  7 17  1  0  0  0  0
  8  9  1  0  0  0  0
  8  7  1  0  0  0  0
  9 21  1  0  0  0  0
  9  7  1  0  0  0  0
 10  1  1  0  0  0  0
 13  3  1  0  0  0  0
 16  5  1  0  0  0  0
 18  8  1  0  0  0  0
 19  8  1  0  0  0  0
 20  9  1  0  0  0  0
M  END
