Lattice="13.43793635 0.0 0.0 0.0 15.86050544 0.0 0.0 0.0 14.25415546" Properties=species:S:1:pos:R:3:GW_charged:R:1:dKS_charged:R:1:dKS_neutral:R:1 pbc="T T T"
 OpenBabel12102409443D
Lattice="13.43793635 0.0 0.0 0.0 15.86050544 0.0 0.0 0.0 14.25415546" Properties=species:S:1:pos:R:3:GW_charged:R:1:dKS_charged:R:1:dKS_neutral:R:1 pbc="T T T"
 19 19  0  0  0  0  0  0  0  0999 V2000
    5.5445   10.8256    5.4902 C   0  0  0  0  0  0  0  0  0  0  0  0
    5.9078    9.3586    5.4270 C   0  0  0  0  0  0  0  0  0  0  0  0
    5.7235    8.7970    6.7560 O   0  0  0  0  0  0  0  0  0  0  0  0
    6.0870    7.5123    6.8938 C   0  0  0  0  0  0  0  0  0  0  0  0
    6.9823    6.9196    7.7429 C   0  0  0  0  0  0  0  0  0  0  0  0
    7.8837    7.6046    8.7174 C   0  0  0  0  0  0  0  0  0  0  0  0
    6.8512    5.5080    7.4933 C   0  0  0  0  0  0  0  0  0  0  0  0
    5.9110    5.3558    6.5205 C   0  0  0  0  0  0  0  0  0  0  0  0
    5.4178    6.5788    6.1376 O   0  0  0  0  0  0  0  0  0  0  0  0
    6.1874   11.3605    6.2011 H   0  0  0  0  0  0  0  0  0  0  0  0
    5.6682   11.2842    4.5000 H   0  0  0  0  0  0  0  0  0  0  0  0
    4.5000   10.9558    5.8011 H   0  0  0  0  0  0  0  0  0  0  0  0
    5.2672    8.8155    4.7159 H   0  0  0  0  0  0  0  0  0  0  0  0
    6.9593    9.2091    5.1312 H   0  0  0  0  0  0  0  0  0  0  0  0
    7.6464    7.3233    9.7542 H   0  0  0  0  0  0  0  0  0  0  0  0
    8.9379    7.3441    8.5436 H   0  0  0  0  0  0  0  0  0  0  0  0
    7.7857    8.6942    8.6373 H   0  0  0  0  0  0  0  0  0  0  0  0
    7.4027    4.7100    7.9799 H   0  0  0  0  0  0  0  0  0  0  0  0
    5.4984    4.5000    6.0015 H   0  0  0  0  0  0  0  0  0  0  0  0
  1 12  1  0  0  0  0
  1 10  1  0  0  0  0
  2  1  1  0  0  0  0
  2  3  1  0  0  0  0
  3  4  1  0  0  0  0
  4  5  2  0  0  0  0
  5  6  1  0  0  0  0
  6 15  1  0  0  0  0
  7  5  1  0  0  0  0
  7 18  1  0  0  0  0
  8  7  2  0  0  0  0
  9  8  1  0  0  0  0
  9  4  1  0  0  0  0
 11  1  1  0  0  0  0
 13  2  1  0  0  0  0
 14  2  1  0  0  0  0
 16  6  1  0  0  0  0
 17  6  1  0  0  0  0
 19  8  1  0  0  0  0
M  END
