Lattice="14.17236108 0.0 0.0 0.0 13.53353169 0.0 0.0 0.0 13.34653745" Properties=species:S:1:pos:R:3:GW_charged:R:1:dKS_charged:R:1:dKS_neutral:R:1 pbc="T T T"
 OpenBabel12102409263D
Lattice="14.17236108 0.0 0.0 0.0 13.53353169 0.0 0.0 0.0 13.34653745" Properties=species:S:1:pos:R:3:GW_charged:R:1:dKS_charged:R:1:dKS_neutral:R:1 pbc="T T T"
 23 22  0  0  0  0  0  0  0  0999 V2000
    7.8801    8.5633    6.6217 C   0  0  0  0  0  0  0  0  0  0  0  0
    7.7902    7.0308    6.6860 C   0  0  0  0  0  0  0  0  0  0  0  0
    8.6415    6.5241    7.8603 C   0  0  0  0  0  0  0  0  0  0  0  0
    6.3224    6.4758    6.6749 C   0  0  0  0  0  0  0  0  0  0  0  0
    5.5943    6.9653    5.4075 C   0  0  0  0  0  0  0  0  0  0  0  0
    6.3530    4.9353    6.6307 C   0  0  0  0  0  0  0  0  0  0  0  0
    5.5215    6.9222    7.9123 C   0  0  0  0  0  0  0  0  0  0  0  0
    8.9317    8.8772    6.5651 H   0  0  0  0  0  0  0  0  0  0  0  0
    7.3682    8.9811    5.7462 H   0  0  0  0  0  0  0  0  0  0  0  0
    7.4518    9.0335    7.5189 H   0  0  0  0  0  0  0  0  0  0  0  0
    8.2508    6.6404    5.7600 H   0  0  0  0  0  0  0  0  0  0  0  0
    8.2581    6.8853    8.8257 H   0  0  0  0  0  0  0  0  0  0  0  0
    8.6906    5.4292    7.9065 H   0  0  0  0  0  0  0  0  0  0  0  0
    9.6724    6.8928    7.7655 H   0  0  0  0  0  0  0  0  0  0  0  0
    6.1664    6.7202    4.5000 H   0  0  0  0  0  0  0  0  0  0  0  0
    4.6102    6.4830    5.3204 H   0  0  0  0  0  0  0  0  0  0  0  0
    5.4257    8.0500    5.4168 H   0  0  0  0  0  0  0  0  0  0  0  0
    6.7545    4.5000    7.5551 H   0  0  0  0  0  0  0  0  0  0  0  0
    5.3377    4.5354    6.4963 H   0  0  0  0  0  0  0  0  0  0  0  0
    6.9670    4.5733    5.7924 H   0  0  0  0  0  0  0  0  0  0  0  0
    5.4368    8.0157    7.9744 H   0  0  0  0  0  0  0  0  0  0  0  0
    4.5000    6.5175    7.8702 H   0  0  0  0  0  0  0  0  0  0  0  0
    5.9757    6.5646    8.8465 H   0  0  0  0  0  0  0  0  0  0  0  0
  1  2  1  0  0  0  0
  1 10  1  0  0  0  0
  2  3  1  0  0  0  0
  3 13  1  0  0  0  0
  3 12  1  0  0  0  0
  4  2  1  0  0  0  0
  4  7  1  0  0  0  0
  5 17  1  0  0  0  0
  5  4  1  0  0  0  0
  6  4  1  0  0  0  0
  6 18  1  0  0  0  0
  7 21  1  0  0  0  0
  7 23  1  0  0  0  0
  8  1  1  0  0  0  0
  9  1  1  0  0  0  0
 11  2  1  0  0  0  0
 14  3  1  0  0  0  0
 15  5  1  0  0  0  0
 16  5  1  0  0  0  0
 19  6  1  0  0  0  0
 20  6  1  0  0  0  0
 22  7  1  0  0  0  0
M  END
