Lattice="14.95019162 0.0 0.0 0.0 14.50394601 0.0 0.0 0.0 13.150743819999999" Properties=species:S:1:pos:R:3:GW_charged:R:1:dKS_charged:R:1:dKS_neutral:R:1 pbc="T T T"
 OpenBabel12102411073D
Lattice="14.95019162 0.0 0.0 0.0 14.50394601 0.0 0.0 0.0 13.150743819999999" Properties=species:S:1:pos:R:3:GW_charged:R:1:dKS_charged:R:1:dKS_neutral:R:1 pbc="T T T"
 23 23  0  0  0  0  0  0  0  0999 V2000
    5.6515    8.3486    6.5159 C   0  0  0  0  0  0  0  0  0  0  0  0
    7.0806    8.9056    6.4262 C   0  0  0  0  0  0  0  0  0  0  0  0
    7.9097    8.3983    5.2070 C   0  0  0  0  0  0  0  0  0  0  0  0
    9.2385    7.8151    5.6099 C   0  0  0  0  0  0  0  0  0  0  0  0
    9.4446    6.5579    6.0315 C   0  0  0  0  0  0  0  0  0  0  0  0
    8.3725    5.4939    6.1552 C   0  0  0  0  0  0  0  0  0  0  0  0
    7.6138    5.6143    7.4582 C   0  0  0  0  0  0  0  0  0  0  0  0
    6.4091    6.1792    7.6295 C   0  0  0  0  0  0  0  0  0  0  0  0
    5.5539    6.8043    6.5633 C   0  0  0  0  0  0  0  0  0  0  0  0
    5.1763    8.7669    7.4182 H   0  0  0  0  0  0  0  0  0  0  0  0
    5.0519    8.7053    5.6624 H   0  0  0  0  0  0  0  0  0  0  0  0
    7.0280   10.0039    6.4074 H   0  0  0  0  0  0  0  0  0  0  0  0
    7.6175    8.6428    7.3482 H   0  0  0  0  0  0  0  0  0  0  0  0
    7.3273    7.6438    4.6576 H   0  0  0  0  0  0  0  0  0  0  0  0
    8.0693    9.2237    4.5000 H   0  0  0  0  0  0  0  0  0  0  0  0
   10.0938    8.4968    5.6077 H   0  0  0  0  0  0  0  0  0  0  0  0
   10.4502    6.2781    6.3555 H   0  0  0  0  0  0  0  0  0  0  0  0
    7.6789    5.5636    5.3056 H   0  0  0  0  0  0  0  0  0  0  0  0
    8.8404    4.5000    6.0979 H   0  0  0  0  0  0  0  0  0  0  0  0
    8.1378    5.2433    8.3435 H   0  0  0  0  0  0  0  0  0  0  0  0
    6.0196    6.2390    8.6507 H   0  0  0  0  0  0  0  0  0  0  0  0
    4.5000    6.5344    6.7338 H   0  0  0  0  0  0  0  0  0  0  0  0
    5.8118    6.3915    5.5781 H   0  0  0  0  0  0  0  0  0  0  0  0
  1  9  1  0  0  0  0
  1 10  1  0  0  0  0
  2  1  1  0  0  0  0
  2 13  1  0  0  0  0
  3  4  1  0  0  0  0
  3  2  1  0  0  0  0
  4  5  2  0  0  0  0
  5  6  1  0  0  0  0
  5 17  1  0  0  0  0
  6  7  1  0  0  0  0
  7  8  2  0  0  0  0
  7 20  1  0  0  0  0
  8 21  1  0  0  0  0
  9 22  1  0  0  0  0
  9  8  1  0  0  0  0
 11  1  1  0  0  0  0
 12  2  1  0  0  0  0
 14  3  1  0  0  0  0
 15  3  1  0  0  0  0
 16  4  1  0  0  0  0
 18  6  1  0  0  0  0
 19  6  1  0  0  0  0
 23  9  1  0  0  0  0
M  END
