Lattice="11.31249318 0.0 0.0 0.0 14.91307457 0.0 0.0 0.0 15.00234958" Properties=species:S:1:pos:R:3:GW_charged:R:1:dKS_charged:R:1:dKS_neutral:R:1 pbc="T T T"
 OpenBabel12102409423D
Lattice="11.31249318 0.0 0.0 0.0 14.91307457 0.0 0.0 0.0 15.00234958" Properties=species:S:1:pos:R:3:GW_charged:R:1:dKS_charged:R:1:dKS_neutral:R:1 pbc="T T T"
 19 20  0  0  0  0  0  0  0  0999 V2000
    5.7942    9.9894    6.5887 C   0  0  0  0  0  0  0  0  0  0  0  0
    5.7832    8.4958    6.6389 C   0  0  0  0  0  0  0  0  0  0  0  0
    5.7905    7.6316    5.5725 C   0  0  0  0  0  0  0  0  0  0  0  0
    5.7790    6.3098    5.9790 O   0  0  0  0  0  0  0  0  0  0  0  0
    5.7544    6.3648    7.3372 C   0  0  0  0  0  0  0  0  0  0  0  0
    5.7568    7.6432    7.7949 C   0  0  0  0  0  0  0  0  0  0  0  0
    5.8150    7.6639    9.2930 C   0  0  0  0  0  0  0  0  0  0  0  0
    5.5527    6.1597    9.6516 C   0  0  0  0  0  0  0  0  0  0  0  0
    5.8214    5.2997    8.3712 C   0  0  0  0  0  0  0  0  0  0  0  0
    6.6771   10.4006    7.1001 H   0  0  0  0  0  0  0  0  0  0  0  0
    5.8057   10.3563    5.5546 H   0  0  0  0  0  0  0  0  0  0  0  0
    4.9092   10.4131    7.0858 H   0  0  0  0  0  0  0  0  0  0  0  0
    5.7875    7.7882    4.5000 H   0  0  0  0  0  0  0  0  0  0  0  0
    6.8020    7.9993    9.6534 H   0  0  0  0  0  0  0  0  0  0  0  0
    5.0705    8.3229    9.7625 H   0  0  0  0  0  0  0  0  0  0  0  0
    6.1597    5.8265   10.5023 H   0  0  0  0  0  0  0  0  0  0  0  0
    4.5000    6.0417    9.9410 H   0  0  0  0  0  0  0  0  0  0  0  0
    5.0773    4.5000    8.2471 H   0  0  0  0  0  0  0  0  0  0  0  0
    6.8125    4.8154    8.3981 H   0  0  0  0  0  0  0  0  0  0  0  0
  1  2  1  0  0  0  0
  1 12  1  0  0  0  0
  1 10  1  0  0  0  0
  2  6  1  0  0  0  0
  3  4  1  0  0  0  0
  3  2  2  0  0  0  0
  4  5  1  0  0  0  0
  5  6  2  0  0  0  0
  5  9  1  0  0  0  0
  6  7  1  0  0  0  0
  7  8  1  0  0  0  0
  7 14  1  0  0  0  0
  7 15  1  0  0  0  0
  8 17  1  0  0  0  0
  8 16  1  0  0  0  0
  9 19  1  0  0  0  0
  9  8  1  0  0  0  0
 11  1  1  0  0  0  0
 13  3  1  0  0  0  0
 18  9  1  0  0  0  0
M  END
