Lattice="11.03829815 0.0 0.0 0.0 12.317587549999999 0.0 0.0 0.0 11.09566444" Properties=species:S:1:pos:R:3:GW_charged:R:1:dKS_charged:R:1:dKS_neutral:R:1 pbc="T T T"
 OpenBabel12102409263D
Lattice="11.03829815 0.0 0.0 0.0 12.317587549999999 0.0 0.0 0.0 11.09566444" Properties=species:S:1:pos:R:3:GW_charged:R:1:dKS_charged:R:1:dKS_neutral:R:1 pbc="T T T"
  9  8  0  0  0  0  0  0  0  0999 V2000
    5.5155    7.4183    5.6985 C   0  0  0  0  0  0  0  0  0  0  0  0
    5.5331    5.9019    5.6950 C   0  0  0  0  0  0  0  0  0  0  0  0
    6.2085    5.4684    4.5059 O   0  0  0  0  0  0  0  0  0  0  0  0
    6.5383    7.8176    5.6886 H   0  0  0  0  0  0  0  0  0  0  0  0
    4.9890    7.8016    4.8145 H   0  0  0  0  0  0  0  0  0  0  0  0
    5.0055    7.7944    6.5957 H   0  0  0  0  0  0  0  0  0  0  0  0
    6.0532    5.5253    6.5949 H   0  0  0  0  0  0  0  0  0  0  0  0
    4.5000    5.5093    5.7185 H   0  0  0  0  0  0  0  0  0  0  0  0
    6.2218    4.5000    4.5000 H   0  0  0  0  0  0  0  0  0  0  0  0
  1  6  1  0  0  0  0
  2  1  1  0  0  0  0
  2  8  1  0  0  0  0
  2  7  1  0  0  0  0
  3  2  1  0  0  0  0
  4  1  1  0  0  0  0
  5  1  1  0  0  0  0
  9  3  1  0  0  0  0
M  END
