Lattice="13.180247340000001 0.0 0.0 0.0 12.62081267 0.0 0.0 0.0 14.20200065" Properties=species:S:1:pos:R:3:GW_charged:R:1:dKS_charged:R:1:dKS_neutral:R:1 pbc="T T T"
 OpenBabel12102409263D
Lattice="13.180247340000001 0.0 0.0 0.0 12.62081267 0.0 0.0 0.0 14.20200065" Properties=species:S:1:pos:R:3:GW_charged:R:1:dKS_charged:R:1:dKS_neutral:R:1 pbc="T T T"
 15 14  0  0  0  0  0  0  0  0999 V2000
    6.9391    7.7186    7.5475 C   0  0  0  0  0  0  0  0  0  0  0  0
    6.9428    6.1823    7.5268 C   0  0  0  0  0  0  0  0  0  0  0  0
    7.5732    5.5967    8.8184 C   0  0  0  0  0  0  0  0  0  0  0  0
    5.5033    5.6203    7.4573 C   0  0  0  0  0  0  0  0  0  0  0  0
    4.5000    6.2837    7.5648 O   0  0  0  0  0  0  0  0  0  0  0  0
    7.6421    5.6640    6.3517 C   0  0  0  0  0  0  0  0  0  0  0  0
    8.1863    5.2138    5.3676 C   0  0  0  0  0  0  0  0  0  0  0  0
    7.9661    8.0955    7.6246 H   0  0  0  0  0  0  0  0  0  0  0  0
    6.4865    8.1208    6.6339 H   0  0  0  0  0  0  0  0  0  0  0  0
    6.3582    8.0831    8.4037 H   0  0  0  0  0  0  0  0  0  0  0  0
    7.0457    5.9797    9.7020 H   0  0  0  0  0  0  0  0  0  0  0  0
    7.5261    4.5000    8.8234 H   0  0  0  0  0  0  0  0  0  0  0  0
    8.6283    5.8910    8.8799 H   0  0  0  0  0  0  0  0  0  0  0  0
    5.4628    4.5114    7.3139 H   0  0  0  0  0  0  0  0  0  0  0  0
    8.6802    4.8300    4.5000 H   0  0  0  0  0  0  0  0  0  0  0  0
  1  8  1  0  0  0  0
  1 10  1  0  0  0  0
  2  1  1  0  0  0  0
  2  3  1  0  0  0  0
  3 12  1  0  0  0  0
  3 13  1  0  0  0  0
  3 11  1  0  0  0  0
  4  2  1  0  0  0  0
  4  5  2  0  0  0  0
  6  2  1  0  0  0  0
  7  6  3  0  0  0  0
  9  1  1  0  0  0  0
 14  4  1  0  0  0  0
 15  7  1  0  0  0  0
M  END
