Lattice="13.36212218 0.0 0.0 0.0 14.878702109999999 0.0 0.0 0.0 13.30543463" Properties=species:S:1:pos:R:3:GW_charged:R:1:dKS_charged:R:1:dKS_neutral:R:1 pbc="T T T"
 OpenBabel12102411063D
Lattice="13.36212218 0.0 0.0 0.0 14.878702109999999 0.0 0.0 0.0 13.30543463" Properties=species:S:1:pos:R:3:GW_charged:R:1:dKS_charged:R:1:dKS_neutral:R:1 pbc="T T T"
 21 23  0  0  1  0  0  0  0  0999 V2000
    6.3253    9.8066    6.7598 C   0  0  0  0  0  0  0  0  0  0  0  0
    7.6452    9.0948    6.6141 C   0  0  1  0  0  0  0  0  0  0  0  0
    8.0076    8.4354    7.9486 C   0  0  0  0  0  0  0  0  0  0  0  0
    6.6904    7.6147    7.8811 C   0  0  2  0  0  0  0  0  0  0  0  0
    7.0100    6.2376    7.6925 O   0  0  0  0  0  0  0  0  0  0  0  0
    6.0406    5.5554    6.8935 C   0  0  0  0  0  0  0  0  0  0  0  0
    6.0037    6.1065    5.4685 C   0  0  0  0  0  0  0  0  0  0  0  0
    5.5862    7.5846    5.4783 C   0  0  0  0  0  0  0  0  0  0  0  0
    6.3173    8.3189    6.5659 C   0  0  1  0  0  0  0  0  0  0  0  0
    6.0448   10.2529    7.7186 H   0  0  0  0  0  0  0  0  0  0  0  0
    5.9982   10.3787    5.8903 H   0  0  0  0  0  0  0  0  0  0  0  0
    8.3340    9.3238    5.8013 H   0  0  0  0  0  0  0  0  0  0  0  0
    8.8621    7.7518    7.8927 H   0  0  0  0  0  0  0  0  0  0  0  0
    8.1353    9.1132    8.8054 H   0  0  0  0  0  0  0  0  0  0  0  0
    5.9687    7.7190    8.7157 H   0  0  0  0  0  0  0  0  0  0  0  0
    6.3427    4.5000    6.9058 H   0  0  0  0  0  0  0  0  0  0  0  0
    5.0373    5.6245    7.3625 H   0  0  0  0  0  0  0  0  0  0  0  0
    7.0075    5.9966    5.0303 H   0  0  0  0  0  0  0  0  0  0  0  0
    5.3101    5.5097    4.8569 H   0  0  0  0  0  0  0  0  0  0  0  0
    5.7608    8.0584    4.5000 H   0  0  0  0  0  0  0  0  0  0  0  0
    4.5000    7.6519    5.6691 H   0  0  0  0  0  0  0  0  0  0  0  0
  1 10  1  0  0  0  0
  2 12  1  6  0  0  0
  2  1  1  0  0  0  0
  2  3  1  0  0  0  0
  3 14  1  0  0  0  0
  4  3  1  0  0  0  0
  4 15  1  1  0  0  0
  5  4  1  0  0  0  0
  6 16  1  0  0  0  0
  6 17  1  0  0  0  0
  6  5  1  0  0  0  0
  7  8  1  0  0  0  0
  7  6  1  0  0  0  0
  8 21  1  0  0  0  0
  9  8  1  6  0  0  0
  9  2  1  0  0  0  0
  9  1  1  0  0  0  0
  9  4  1  0  0  0  0
 11  1  1  0  0  0  0
 13  3  1  0  0  0  0
 18  7  1  0  0  0  0
 19  7  1  0  0  0  0
 20  8  1  0  0  0  0
M  END
