Lattice="14.02926057 0.0 0.0 0.0 14.15025202 0.0 0.0 0.0 13.91377223" Properties=species:S:1:pos:R:3:GW_charged:R:1:dKS_charged:R:1:dKS_neutral:R:1 pbc="T T T"
 OpenBabel12102411063D
Lattice="14.02926057 0.0 0.0 0.0 14.15025202 0.0 0.0 0.0 13.91377223" Properties=species:S:1:pos:R:3:GW_charged:R:1:dKS_charged:R:1:dKS_neutral:R:1 pbc="T T T"
 23 25  0  0  0  0  0  0  0  0999 V2000
    7.3981    9.0337    5.5276 C   0  0  0  0  0  0  0  0  0  0  0  0
    8.8563    8.7406    5.7895 C   0  0  0  0  0  0  0  0  0  0  0  0
    7.8271    7.6558    5.9752 C   0  0  0  0  0  0  0  0  0  0  0  0
    7.4108    7.1118    7.3180 C   0  0  0  0  0  0  0  0  0  0  0  0
    8.4785    6.5016    8.1983 C   0  0  0  0  0  0  0  0  0  0  0  0
    7.8367    7.8106    8.5899 C   0  0  0  0  0  0  0  0  0  0  0  0
    6.0293    6.5107    7.2699 C   0  0  0  0  0  0  0  0  0  0  0  0
    5.8139    5.0945    6.7889 C   0  0  0  0  0  0  0  0  0  0  0  0
    5.5364    5.4577    8.2284 C   0  0  0  0  0  0  0  0  0  0  0  0
    6.8774    9.6503    6.2601 H   0  0  0  0  0  0  0  0  0  0  0  0
    7.0675    9.1759    4.5000 H   0  0  0  0  0  0  0  0  0  0  0  0
    9.5293    8.6584    4.9375 H   0  0  0  0  0  0  0  0  0  0  0  0
    9.3133    9.1914    6.6698 H   0  0  0  0  0  0  0  0  0  0  0  0
    7.8187    6.8901    5.1952 H   0  0  0  0  0  0  0  0  0  0  0  0
    8.2512    5.6149    8.7890 H   0  0  0  0  0  0  0  0  0  0  0  0
    9.4986    6.5354    7.8179 H   0  0  0  0  0  0  0  0  0  0  0  0
    8.4350    8.7191    8.5339 H   0  0  0  0  0  0  0  0  0  0  0  0
    7.1243    7.7949    9.4138 H   0  0  0  0  0  0  0  0  0  0  0  0
    5.2730    7.2311    6.9478 H   0  0  0  0  0  0  0  0  0  0  0  0
    4.9738    4.8830    6.1295 H   0  0  0  0  0  0  0  0  0  0  0  0
    6.7057    4.5000    6.5912 H   0  0  0  0  0  0  0  0  0  0  0  0
    6.2171    5.0743    8.9877 H   0  0  0  0  0  0  0  0  0  0  0  0
    4.5000    5.5184    8.5567 H   0  0  0  0  0  0  0  0  0  0  0  0
  1  2  1  0  0  0  0
  1  3  1  0  0  0  0
  1 10  1  0  0  0  0
  2  3  1  0  0  0  0
  2 13  1  0  0  0  0
  3  4  1  0  0  0  0
  4  5  1  0  0  0  0
  4  6  1  0  0  0  0
  5  6  1  0  0  0  0
  5 15  1  0  0  0  0
  6 18  1  0  0  0  0
  7  4  1  0  0  0  0
  7  9  1  0  0  0  0
  8  7  1  0  0  0  0
  8  9  1  0  0  0  0
  9 23  1  0  0  0  0
  9 22  1  0  0  0  0
 11  1  1  0  0  0  0
 12  2  1  0  0  0  0
 14  3  1  0  0  0  0
 16  5  1  0  0  0  0
 17  6  1  0  0  0  0
 19  7  1  0  0  0  0
 20  8  1  0  0  0  0
 21  8  1  0  0  0  0
M  END
