Lattice="13.39634927 0.0 0.0 0.0 16.71540145 0.0 0.0 0.0 12.0234272" Properties=species:S:1:pos:R:3:GW_charged:R:1:dKS_charged:R:1:dKS_neutral:R:1 pbc="T T T"
 OpenBabel12102410113D
Lattice="13.39634927 0.0 0.0 0.0 16.71540145 0.0 0.0 0.0 12.0234272" Properties=species:S:1:pos:R:3:GW_charged:R:1:dKS_charged:R:1:dKS_neutral:R:1 pbc="T T T"
 21 21  0  0  1  0  0  0  0  0999 V2000
    7.1291    5.5622    5.6017 C   0  0  0  0  0  0  0  0  0  0  0  0
    6.9962    6.7629    5.5122 C   0  0  0  0  0  0  0  0  0  0  0  0
    6.8805    8.2154    5.4439 C   0  0  1  0  0  0  0  0  0  0  0  0
    6.0602    8.7523    6.6439 C   0  0  0  0  0  0  0  0  0  0  0  0
    5.4246   10.1397    6.4577 C   0  0  0  0  0  0  0  0  0  0  0  0
    6.2944   11.2320    5.7971 C   0  0  0  0  0  0  0  0  0  0  0  0
    7.8096   11.1001    5.9568 C   0  0  0  0  0  0  0  0  0  0  0  0
    8.3858   10.1794    5.0262 O   0  0  0  0  0  0  0  0  0  0  0  0
    8.3144    8.8139    5.3860 C   0  0  0  0  0  0  0  0  0  0  0  0
    7.2328    4.5000    5.6683 H   0  0  0  0  0  0  0  0  0  0  0  0
    6.3705    8.4776    4.5000 H   0  0  0  0  0  0  0  0  0  0  0  0
    5.2613    8.0341    6.8743 H   0  0  0  0  0  0  0  0  0  0  0  0
    6.7236    8.7485    7.5234 H   0  0  0  0  0  0  0  0  0  0  0  0
    4.5000   10.0330    5.8704 H   0  0  0  0  0  0  0  0  0  0  0  0
    5.1027   10.4833    7.4524 H   0  0  0  0  0  0  0  0  0  0  0  0
    6.1030   11.2658    4.7139 H   0  0  0  0  0  0  0  0  0  0  0  0
    5.9877   12.2154    6.1863 H   0  0  0  0  0  0  0  0  0  0  0  0
    8.2859   12.0636    5.7280 H   0  0  0  0  0  0  0  0  0  0  0  0
    8.0954   10.8268    6.9908 H   0  0  0  0  0  0  0  0  0  0  0  0
    8.7973    8.6416    6.3682 H   0  0  0  0  0  0  0  0  0  0  0  0
    8.8963    8.2809    4.6236 H   0  0  0  0  0  0  0  0  0  0  0  0
  1 10  1  0  0  0  0
  2  1  3  0  0  0  0
  3 11  1  6  0  0  0
  3  2  1  0  0  0  0
  3  4  1  0  0  0  0
  4 12  1  0  0  0  0
  4 13  1  0  0  0  0
  5  4  1  0  0  0  0
  5 15  1  0  0  0  0
  6  7  1  0  0  0  0
  6 17  1  0  0  0  0
  6  5  1  0  0  0  0
  7 19  1  0  0  0  0
  8  9  1  0  0  0  0
  8  7  1  0  0  0  0
  9  3  1  0  0  0  0
  9 20  1  0  0  0  0
 14  5  1  0  0  0  0
 16  6  1  0  0  0  0
 18  7  1  0  0  0  0
 21  9  1  0  0  0  0
M  END
