Lattice="13.503422650000001 0.0 0.0 0.0 15.20550122 0.0 0.0 0.0 13.3003826" Properties=species:S:1:pos:R:3:GW_charged:R:1:dKS_charged:R:1:dKS_neutral:R:1 pbc="T T T"
 OpenBabel12102409403D
Lattice="13.503422650000001 0.0 0.0 0.0 15.20550122 0.0 0.0 0.0 13.3003826" Properties=species:S:1:pos:R:3:GW_charged:R:1:dKS_charged:R:1:dKS_neutral:R:1 pbc="T T T"
 18 17  0  0  1  0  0  0  0  0999 V2000
    6.3346   10.3007    6.5952 C   0  0  0  0  0  0  0  0  0  0  0  0
    6.3464    8.7701    6.6384 C   0  0  0  0  0  0  0  0  0  0  0  0
    7.0097    8.2491    7.9149 C   0  0  0  0  0  0  0  0  0  0  0  0
    5.0081    8.2546    6.5101 O   0  0  0  0  0  0  0  0  0  0  0  0
    7.0554    8.2300    5.3525 C   0  0  1  0  0  0  0  0  0  0  0  0
    8.3737    8.7828    5.2096 O   0  0  0  0  0  0  0  0  0  0  0  0
    7.0873    6.7724    5.2952 C   0  0  0  0  0  0  0  0  0  0  0  0
    7.1866    5.5666    5.2556 C   0  0  0  0  0  0  0  0  0  0  0  0
    7.3539   10.7055    6.5846 H   0  0  0  0  0  0  0  0  0  0  0  0
    5.8081   10.6528    5.6983 H   0  0  0  0  0  0  0  0  0  0  0  0
    5.8155   10.7000    7.4788 H   0  0  0  0  0  0  0  0  0  0  0  0
    6.4864    8.6383    8.8004 H   0  0  0  0  0  0  0  0  0  0  0  0
    6.9792    7.1531    7.9458 H   0  0  0  0  0  0  0  0  0  0  0  0
    8.0553    8.5796    7.9815 H   0  0  0  0  0  0  0  0  0  0  0  0
    4.5000    8.5526    7.2806 H   0  0  0  0  0  0  0  0  0  0  0  0
    6.4644    8.6042    4.5000 H   0  0  0  0  0  0  0  0  0  0  0  0
    9.0034    8.1086    5.5088 H   0  0  0  0  0  0  0  0  0  0  0  0
    7.2536    4.5000    5.2113 H   0  0  0  0  0  0  0  0  0  0  0  0
  1  2  1  0  0  0  0
  1 11  1  0  0  0  0
  2  3  1  0  0  0  0
  3 13  1  0  0  0  0
  3 14  1  0  0  0  0
  3 12  1  0  0  0  0
  4  2  1  0  0  0  0
  4 15  1  0  0  0  0
  5 16  1  6  0  0  0
  5  2  1  0  0  0  0
  6  5  1  0  0  0  0
  6 17  1  0  0  0  0
  7  5  1  0  0  0  0
  8  7  3  0  0  0  0
  9  1  1  0  0  0  0
 10  1  1  0  0  0  0
 18  8  1  0  0  0  0
M  END
