Lattice="14.610681920000001 0.0 0.0 0.0 15.239033370000001 0.0 0.0 0.0 14.12145151" Properties=species:S:1:pos:R:3:GW_charged:R:1:dKS_charged:R:1:dKS_neutral:R:1 pbc="T T T"
 OpenBabel12102411073D
Lattice="14.610681920000001 0.0 0.0 0.0 15.239033370000001 0.0 0.0 0.0 14.12145151" Properties=species:S:1:pos:R:3:GW_charged:R:1:dKS_charged:R:1:dKS_neutral:R:1 pbc="T T T"
 23 23  0  0  1  0  0  0  0  0999 V2000
    8.0359   10.3343    6.1580 C   0  0  0  0  0  0  0  0  0  0  0  0
    8.0425    8.8800    6.1621 C   0  0  0  0  0  0  0  0  0  0  0  0
    8.0553    7.6655    6.1569 C   0  0  0  0  0  0  0  0  0  0  0  0
    8.0542    6.2164    6.1708 C   0  0  1  0  0  0  0  0  0  0  0  0
    8.2794    5.5669    7.5931 C   0  0  1  0  0  0  0  0  0  0  0  0
    9.0497    6.3207    8.6592 C   0  0  0  0  0  0  0  0  0  0  0  0
    6.7434    5.4134    7.7216 C   0  0  0  0  0  0  0  0  0  0  0  0
    6.6199    5.5545    6.1840 C   0  0  1  0  0  0  0  0  0  0  0  0
    5.4366    6.2939    5.5912 C   0  0  0  0  0  0  0  0  0  0  0  0
    9.0447   10.7390    6.3257 H   0  0  0  0  0  0  0  0  0  0  0  0
    7.6753   10.7297    5.1971 H   0  0  0  0  0  0  0  0  0  0  0  0
    7.3826   10.7341    6.9474 H   0  0  0  0  0  0  0  0  0  0  0  0
    8.7255    5.8420    5.3834 H   0  0  0  0  0  0  0  0  0  0  0  0
    8.7329    4.5771    7.4305 H   0  0  0  0  0  0  0  0  0  0  0  0
    8.6414    7.3305    8.8032 H   0  0  0  0  0  0  0  0  0  0  0  0
    8.9979    5.7908    9.6215 H   0  0  0  0  0  0  0  0  0  0  0  0
   10.1107    6.4265    8.3907 H   0  0  0  0  0  0  0  0  0  0  0  0
    6.3531    4.5000    8.1893 H   0  0  0  0  0  0  0  0  0  0  0  0
    6.3046    6.2851    8.2308 H   0  0  0  0  0  0  0  0  0  0  0  0
    6.7154    4.5621    5.7174 H   0  0  0  0  0  0  0  0  0  0  0  0
    5.3519    7.3060    6.0100 H   0  0  0  0  0  0  0  0  0  0  0  0
    5.5285    6.3923    4.5000 H   0  0  0  0  0  0  0  0  0  0  0  0
    4.5000    5.7574    5.8023 H   0  0  0  0  0  0  0  0  0  0  0  0
  1  2  1  0  0  0  0
  1 10  1  0  0  0  0
  1 12  1  0  0  0  0
  3  2  3  0  0  0  0
  3  4  1  0  0  0  0
  4 13  1  6  0  0  0
  4  8  1  0  0  0  0
  4  5  1  0  0  0  0
  5 14  1  6  0  0  0
  5  7  1  0  0  0  0
  5  6  1  0  0  0  0
  6 15  1  0  0  0  0
  6 16  1  0  0  0  0
  7 18  1  0  0  0  0
  7 19  1  0  0  0  0
  8 20  1  6  0  0  0
  8  7  1  0  0  0  0
  9 23  1  0  0  0  0
  9 21  1  0  0  0  0
  9  8  1  0  0  0  0
 11  1  1  0  0  0  0
 17  6  1  0  0  0  0
 22  9  1  0  0  0  0
M  END
