Lattice="13.98680587 0.0 0.0 0.0 13.85765591 0.0 0.0 0.0 14.71358872" Properties=species:S:1:pos:R:3:GW_charged:R:1:dKS_charged:R:1:dKS_neutral:R:1 pbc="T T T"
 OpenBabel12102409263D
Lattice="13.98680587 0.0 0.0 0.0 13.85765591 0.0 0.0 0.0 14.71358872" Properties=species:S:1:pos:R:3:GW_charged:R:1:dKS_charged:R:1:dKS_neutral:R:1 pbc="T T T"
 17 16  0  0  0  0  0  0  0  0999 V2000
    6.2651    8.8349    9.0207 C   0  0  0  0  0  0  0  0  0  0  0  0
    6.4724    7.3153    9.1699 C   0  0  0  0  0  0  0  0  0  0  0  0
    5.1324    6.5716    9.3373 C   0  0  0  0  0  0  0  0  0  0  0  0
    7.2241    6.7703    8.0409 C   0  0  0  0  0  0  0  0  0  0  0  0
    7.8167    6.3175    7.0841 C   0  0  0  0  0  0  0  0  0  0  0  0
    8.5533    5.7856    5.9492 C   0  0  0  0  0  0  0  0  0  0  0  0
    7.7414    4.8295    5.2451 O   0  0  0  0  0  0  0  0  0  0  0  0
    7.2248    9.3577    8.9240 H   0  0  0  0  0  0  0  0  0  0  0  0
    5.6665    9.0559    8.1266 H   0  0  0  0  0  0  0  0  0  0  0  0
    5.7382    9.2367    9.8972 H   0  0  0  0  0  0  0  0  0  0  0  0
    7.0705    7.1419   10.0822 H   0  0  0  0  0  0  0  0  0  0  0  0
    4.5000    6.7133    8.4507 H   0  0  0  0  0  0  0  0  0  0  0  0
    5.2923    5.4945    9.4698 H   0  0  0  0  0  0  0  0  0  0  0  0
    4.5917    6.9550   10.2136 H   0  0  0  0  0  0  0  0  0  0  0  0
    8.8432    6.6186    5.2814 H   0  0  0  0  0  0  0  0  0  0  0  0
    9.4868    5.3143    6.3105 H   0  0  0  0  0  0  0  0  0  0  0  0
    8.2679    4.5000    4.5000 H   0  0  0  0  0  0  0  0  0  0  0  0
  1  2  1  0  0  0  0
  1 10  1  0  0  0  0
  2  3  1  0  0  0  0
  2 11  1  0  0  0  0
  3 13  1  0  0  0  0
  3 14  1  0  0  0  0
  4  2  1  0  0  0  0
  5  4  3  0  0  0  0
  6 16  1  0  0  0  0
  6  5  1  0  0  0  0
  7  6  1  0  0  0  0
  8  1  1  0  0  0  0
  9  1  1  0  0  0  0
 12  3  1  0  0  0  0
 15  6  1  0  0  0  0
 17  7  1  0  0  0  0
M  END
