Lattice="13.056267250000001 0.0 0.0 0.0 12.56475849 0.0 0.0 0.0 13.83123723" Properties=species:S:1:pos:R:3:GW_charged:R:1:dKS_charged:R:1:dKS_neutral:R:1 pbc="T T T"
 OpenBabel12102409263D
Lattice="13.056267250000001 0.0 0.0 0.0 12.56475849 0.0 0.0 0.0 13.83123723" Properties=species:S:1:pos:R:3:GW_charged:R:1:dKS_charged:R:1:dKS_neutral:R:1 pbc="T T T"
 15 14  0  0  1  0  0  0  0  0999 V2000
    6.7947    7.6208    7.5274 C   0  0  0  0  0  0  0  0  0  0  0  0
    6.7048    6.0890    7.4704 C   0  0  1  0  0  0  0  0  0  0  0  0
    7.2133    5.4997    8.6923 O   0  0  0  0  0  0  0  0  0  0  0  0
    5.2358    5.5973    7.4165 C   0  0  0  0  0  0  0  0  0  0  0  0
    4.5000    5.9951    8.5602 O   0  0  0  0  0  0  0  0  0  0  0  0
    7.4303    5.5672    6.3082 C   0  0  0  0  0  0  0  0  0  0  0  0
    8.0269    5.1367    5.3463 C   0  0  0  0  0  0  0  0  0  0  0  0
    7.8378    7.9394    7.6557 H   0  0  0  0  0  0  0  0  0  0  0  0
    6.4187    8.0648    6.5967 H   0  0  0  0  0  0  0  0  0  0  0  0
    6.1951    7.9897    8.3677 H   0  0  0  0  0  0  0  0  0  0  0  0
    8.1490    5.7418    8.7753 H   0  0  0  0  0  0  0  0  0  0  0  0
    4.7365    6.0325    6.5417 H   0  0  0  0  0  0  0  0  0  0  0  0
    5.2519    4.5000    7.3019 H   0  0  0  0  0  0  0  0  0  0  0  0
    4.9903    5.6629    9.3312 H   0  0  0  0  0  0  0  0  0  0  0  0
    8.5563    4.7523    4.5000 H   0  0  0  0  0  0  0  0  0  0  0  0
  1  8  1  0  0  0  0
  1 10  1  0  0  0  0
  2  6  1  6  0  0  0
  2  1  1  0  0  0  0
  2  3  1  0  0  0  0
  3 11  1  0  0  0  0
  4  2  1  0  0  0  0
  4  5  1  0  0  0  0
  5 14  1  0  0  0  0
  7  6  3  0  0  0  0
  9  1  1  0  0  0  0
 12  4  1  0  0  0  0
 13  4  1  0  0  0  0
 15  7  1  0  0  0  0
M  END
