Lattice="12.88760675 0.0 0.0 0.0 15.6520248 0.0 0.0 0.0 14.01791085" Properties=species:S:1:pos:R:3:GW_charged:R:1:dKS_charged:R:1:dKS_neutral:R:1 pbc="T T T"
 OpenBabel12102409453D
Lattice="12.88760675 0.0 0.0 0.0 15.6520248 0.0 0.0 0.0 14.01791085" Properties=species:S:1:pos:R:3:GW_charged:R:1:dKS_charged:R:1:dKS_neutral:R:1 pbc="T T T"
 19 21  0  0  1  0  0  0  0  0999 V2000
    6.3626    5.5691    7.2939 C   0  0  0  0  0  0  0  0  0  0  0  0
    6.3761    6.7812    7.3052 C   0  0  0  0  0  0  0  0  0  0  0  0
    6.3940    8.2208    7.3298 C   0  0  1  0  0  0  0  0  0  0  0  0
    6.0488    9.0565    8.6294 C   0  0  0  0  0  0  0  0  0  0  0  0
    6.8114   10.1743    7.8409 C   0  0  1  0  0  0  0  0  0  0  0  0
    7.7301    9.0303    7.3467 C   0  0  0  0  0  0  0  0  0  0  0  0
    5.8294   10.4114    6.6781 C   0  0  1  0  0  0  0  0  0  0  0  0
    6.1521    9.9016    5.2931 C   0  0  0  0  0  0  0  0  0  0  0  0
    5.5152    8.9749    6.2964 C   0  0  1  0  0  0  0  0  0  0  0  0
    6.3514    4.5000    7.2811 H   0  0  0  0  0  0  0  0  0  0  0  0
    4.9829    9.2139    8.8411 H   0  0  0  0  0  0  0  0  0  0  0  0
    6.5820    8.6948    9.5179 H   0  0  0  0  0  0  0  0  0  0  0  0
    7.2232   11.0557    8.3428 H   0  0  0  0  0  0  0  0  0  0  0  0
    8.3876    8.6665    8.1434 H   0  0  0  0  0  0  0  0  0  0  0  0
    8.3002    9.1348    6.4173 H   0  0  0  0  0  0  0  0  0  0  0  0
    5.0415   11.1520    6.8090 H   0  0  0  0  0  0  0  0  0  0  0  0
    5.4903   10.2501    4.5000 H   0  0  0  0  0  0  0  0  0  0  0  0
    7.1801    9.7630    4.9630 H   0  0  0  0  0  0  0  0  0  0  0  0
    4.5000    8.6135    6.1427 H   0  0  0  0  0  0  0  0  0  0  0  0
  1  2  3  0  0  0  0
  3  2  1  1  0  0  0
  3  6  1  0  0  0  0
  3  4  1  0  0  0  0
  4 11  1  0  0  0  0
  4 12  1  0  0  0  0
  5 13  1  1  0  0  0
  5  4  1  0  0  0  0
  6  5  1  0  0  0  0
  6 14  1  0  0  0  0
  7 16  1  1  0  0  0
  7  5  1  0  0  0  0
  8  9  1  0  0  0  0
  8  7  1  0  0  0  0
  9 19  1  6  0  0  0
  9  7  1  0  0  0  0
  9  3  1  0  0  0  0
 10  1  1  0  0  0  0
 15  6  1  0  0  0  0
 17  8  1  0  0  0  0
 18  8  1  0  0  0  0
M  END
