Lattice="13.25390348 0.0 0.0 0.0 14.06912945 0.0 0.0 0.0 13.95837818" Properties=species:S:1:pos:R:3:GW_charged:R:1:dKS_charged:R:1:dKS_neutral:R:1 pbc="T T T"
 OpenBabel12102411063D
Lattice="13.25390348 0.0 0.0 0.0 14.06912945 0.0 0.0 0.0 13.95837818" Properties=species:S:1:pos:R:3:GW_charged:R:1:dKS_charged:R:1:dKS_neutral:R:1 pbc="T T T"
 23 25  0  0  1  0  0  0  0  0999 V2000
    5.7497    9.0534    6.5846 C   0  0  0  0  0  0  0  0  0  0  0  0
    7.1367    8.4447    6.5511 C   0  0  1  0  0  0  0  0  0  0  0  0
    7.8748    8.2031    7.8565 C   0  0  0  0  0  0  0  0  0  0  0  0
    6.8610    7.4619    8.7633 C   0  0  0  0  0  0  0  0  0  0  0  0
    5.8879    6.7492    7.8048 C   0  0  2  0  0  0  0  0  0  0  0  0
    6.3026    5.3594    7.2881 C   0  0  0  0  0  0  0  0  0  0  0  0
    5.5576    5.2227    5.9458 C   0  0  0  0  0  0  0  0  0  0  0  0
    5.5061    6.6579    5.3479 C   0  0  0  0  0  0  0  0  0  0  0  0
    5.9016    7.5614    6.5085 C   0  0  1  0  0  0  0  0  0  0  0  0
    5.3817    9.5056    7.5079 H   0  0  0  0  0  0  0  0  0  0  0  0
    5.4232    9.5691    5.6813 H   0  0  0  0  0  0  0  0  0  0  0  0
    7.7219    8.5970    5.6432 H   0  0  0  0  0  0  0  0  0  0  0  0
    8.7539    7.5708    7.6573 H   0  0  0  0  0  0  0  0  0  0  0  0
    8.2482    9.1250    8.3269 H   0  0  0  0  0  0  0  0  0  0  0  0
    7.3513    6.7663    9.4584 H   0  0  0  0  0  0  0  0  0  0  0  0
    6.3106    8.1829    9.3843 H   0  0  0  0  0  0  0  0  0  0  0  0
    4.8764    6.6873    8.2419 H   0  0  0  0  0  0  0  0  0  0  0  0
    7.3921    5.3406    7.1215 H   0  0  0  0  0  0  0  0  0  0  0  0
    6.0672    4.5505    7.9932 H   0  0  0  0  0  0  0  0  0  0  0  0
    6.0339    4.5000    5.2705 H   0  0  0  0  0  0  0  0  0  0  0  0
    4.5352    4.8596    6.1276 H   0  0  0  0  0  0  0  0  0  0  0  0
    6.1969    6.7723    4.5000 H   0  0  0  0  0  0  0  0  0  0  0  0
    4.5000    6.8935    4.9720 H   0  0  0  0  0  0  0  0  0  0  0  0
  1 10  1  0  0  0  0
  2 12  1  6  0  0  0
  2  1  1  0  0  0  0
  2  3  1  0  0  0  0
  3 14  1  0  0  0  0
  3  4  1  0  0  0  0
  4 16  1  0  0  0  0
  4 15  1  0  0  0  0
  5 17  1  1  0  0  0
  5  4  1  0  0  0  0
  6  5  1  0  0  0  0
  6 19  1  0  0  0  0
  7 21  1  0  0  0  0
  7  6  1  0  0  0  0
  8  7  1  0  0  0  0
  9  8  1  6  0  0  0
  9  2  1  0  0  0  0
  9  1  1  0  0  0  0
  9  5  1  0  0  0  0
 11  1  1  0  0  0  0
 13  3  1  0  0  0  0
 18  6  1  0  0  0  0
 20  7  1  0  0  0  0
 22  8  1  0  0  0  0
 23  8  1  0  0  0  0
M  END
