Lattice="13.209297280000001 0.0 0.0 0.0 12.62363183 0.0 0.0 0.0 13.937752660000001" Properties=species:S:1:pos:R:3:GW_charged:R:1:dKS_charged:R:1:dKS_neutral:R:1 pbc="T T T"
 OpenBabel12102409373D
Lattice="13.209297280000001 0.0 0.0 0.0 12.62363183 0.0 0.0 0.0 13.937752660000001" Properties=species:S:1:pos:R:3:GW_charged:R:1:dKS_charged:R:1:dKS_neutral:R:1 pbc="T T T"
 17 17  0  0  1  0  0  0  0  0999 V2000
    5.2174    7.5318    6.0833 C   0  0  0  0  0  0  0  0  0  0  0  0
    5.4926    6.0346    6.1504 C   0  0  1  0  0  0  0  0  0  0  0  0
    6.6961    5.5797    5.2629 C   0  0  0  0  0  0  0  0  0  0  0  0
    7.5256    5.4814    6.5498 C   0  0  0  0  0  0  0  0  0  0  0  0
    8.7093    5.4957    6.7857 O   0  0  0  0  0  0  0  0  0  0  0  0
    6.2696    5.5446    7.4327 C   0  0  1  0  0  0  0  0  0  0  0  0
    6.2987    6.3323    8.7314 C   0  0  0  0  0  0  0  0  0  0  0  0
    6.1347    8.1236    6.2212 H   0  0  0  0  0  0  0  0  0  0  0  0
    4.7974    7.8028    5.1048 H   0  0  0  0  0  0  0  0  0  0  0  0
    4.5000    7.8465    6.8539 H   0  0  0  0  0  0  0  0  0  0  0  0
    4.5663    5.4743    5.9686 H   0  0  0  0  0  0  0  0  0  0  0  0
    6.5551    4.5934    4.7974 H   0  0  0  0  0  0  0  0  0  0  0  0
    7.0664    6.2777    4.5000 H   0  0  0  0  0  0  0  0  0  0  0  0
    5.9725    4.5000    7.6328 H   0  0  0  0  0  0  0  0  0  0  0  0
    6.6236    7.3686    8.5716 H   0  0  0  0  0  0  0  0  0  0  0  0
    5.3085    6.3543    9.2068 H   0  0  0  0  0  0  0  0  0  0  0  0
    7.0031    5.8737    9.4378 H   0  0  0  0  0  0  0  0  0  0  0  0
  1  2  1  0  0  0  0
  1  8  1  0  0  0  0
  1 10  1  0  0  0  0
  2 11  1  6  0  0  0
  2  6  1  0  0  0  0
  3  2  1  0  0  0  0
  3  4  1  0  0  0  0
  4  5  2  0  0  0  0
  4  6  1  0  0  0  0
  6 14  1  1  0  0  0
  6  7  1  0  0  0  0
  7 16  1  0  0  0  0
  7 17  1  0  0  0  0
  9  1  1  0  0  0  0
 12  3  1  0  0  0  0
 13  3  1  0  0  0  0
 15  7  1  0  0  0  0
M  END
