Lattice="13.25572485 0.0 0.0 0.0 13.18202089 0.0 0.0 0.0 11.9865388" Properties=species:S:1:pos:R:3:GW_charged:R:1:dKS_charged:R:1:dKS_neutral:R:1 pbc="T T T"
 OpenBabel12102409313D
Lattice="13.25572485 0.0 0.0 0.0 13.18202089 0.0 0.0 0.0 11.9865388" Properties=species:S:1:pos:R:3:GW_charged:R:1:dKS_charged:R:1:dKS_neutral:R:1 pbc="T T T"
 15 14  0  0  1  0  0  0  0  0999 V2000
    7.7702    8.2243    5.3309 C   0  0  0  0  0  0  0  0  0  0  0  0
    7.7407    6.7222    5.2423 C   0  0  0  0  0  0  0  0  0  0  0  0
    8.7557    6.0456    5.1443 O   0  0  0  0  0  0  0  0  0  0  0  0
    6.3960    6.0061    5.3179 C   0  0  1  0  0  0  0  0  0  0  0  0
    6.5826    4.6132    5.1694 O   0  0  0  0  0  0  0  0  0  0  0  0
    5.6785    6.2738    6.6594 C   0  0  0  0  0  0  0  0  0  0  0  0
    4.5000    5.4958    6.7566 O   0  0  0  0  0  0  0  0  0  0  0  0
    8.7174    8.6053    4.9359 H   0  0  0  0  0  0  0  0  0  0  0  0
    6.9217    8.6820    4.8062 H   0  0  0  0  0  0  0  0  0  0  0  0
    7.6950    8.5197    6.3897 H   0  0  0  0  0  0  0  0  0  0  0  0
    5.7492    6.3782    4.5000 H   0  0  0  0  0  0  0  0  0  0  0  0
    7.5592    4.5000    5.1352 H   0  0  0  0  0  0  0  0  0  0  0  0
    6.3792    6.0480    7.4865 H   0  0  0  0  0  0  0  0  0  0  0  0
    5.3736    7.3267    6.7377 H   0  0  0  0  0  0  0  0  0  0  0  0
    4.7605    4.5864    6.5253 H   0  0  0  0  0  0  0  0  0  0  0  0
  1 10  1  0  0  0  0
  2  4  1  0  0  0  0
  2  1  1  0  0  0  0
  3  2  2  0  0  0  0
  4 11  1  6  0  0  0
  4  6  1  0  0  0  0
  5  4  1  0  0  0  0
  6 14  1  0  0  0  0
  6  7  1  0  0  0  0
  6 13  1  0  0  0  0
  8  1  1  0  0  0  0
  9  1  1  0  0  0  0
 12  5  1  0  0  0  0
 15  7  1  0  0  0  0
M  END
