Lattice="14.71688654 0.0 0.0 0.0 17.5761373 0.0 0.0 0.0 12.31552512" Properties=species:S:1:pos:R:3:GW_charged:R:1:dKS_charged:R:1:dKS_neutral:R:1 pbc="T T T"
 OpenBabel12102410123D
Lattice="14.71688654 0.0 0.0 0.0 17.5761373 0.0 0.0 0.0 12.31552512" Properties=species:S:1:pos:R:3:GW_charged:R:1:dKS_charged:R:1:dKS_neutral:R:1 pbc="T T T"
 23 23  0  0  0  0  0  0  0  0999 V2000
    5.1645    5.5640    6.5431 C   0  0  0  0  0  0  0  0  0  0  0  0
    5.1423    6.7687    6.6633 C   0  0  0  0  0  0  0  0  0  0  0  0
    5.1565    8.2178    6.8033 C   0  0  0  0  0  0  0  0  0  0  0  0
    6.5680    8.8263    6.6889 C   0  0  0  0  0  0  0  0  0  0  0  0
    6.5692   10.3495    6.8370 C   0  0  0  0  0  0  0  0  0  0  0  0
    7.9545   10.9636    6.7030 C   0  0  0  0  0  0  0  0  0  0  0  0
    8.6771   10.9323    5.3243 C   0  0  0  0  0  0  0  0  0  0  0  0
    9.2208   12.3537    5.6232 C   0  0  0  0  0  0  0  0  0  0  0  0
    8.1038   12.5106    6.6880 C   0  0  0  0  0  0  0  0  0  0  0  0
    5.1744    4.5000    6.4376 H   0  0  0  0  0  0  0  0  0  0  0  0
    4.5000    8.6612    6.0359 H   0  0  0  0  0  0  0  0  0  0  0  0
    4.7133    8.4913    7.7755 H   0  0  0  0  0  0  0  0  0  0  0  0
    7.2147    8.3729    7.4560 H   0  0  0  0  0  0  0  0  0  0  0  0
    6.9989    8.5421    5.7168 H   0  0  0  0  0  0  0  0  0  0  0  0
    5.9045   10.7941    6.0751 H   0  0  0  0  0  0  0  0  0  0  0  0
    6.1402   10.6277    7.8155 H   0  0  0  0  0  0  0  0  0  0  0  0
    8.6221   10.5403    7.4720 H   0  0  0  0  0  0  0  0  0  0  0  0
    9.3997   10.1283    5.1356 H   0  0  0  0  0  0  0  0  0  0  0  0
    7.9480   10.9454    4.5000 H   0  0  0  0  0  0  0  0  0  0  0  0
   10.2169   12.3165    6.0845 H   0  0  0  0  0  0  0  0  0  0  0  0
    9.2482   13.0761    4.7981 H   0  0  0  0  0  0  0  0  0  0  0  0
    7.2078   12.9871    6.2633 H   0  0  0  0  0  0  0  0  0  0  0  0
    8.3505   13.0135    7.6320 H   0  0  0  0  0  0  0  0  0  0  0  0
  1  2  3  0  0  0  0
  2  3  1  0  0  0  0
  3 12  1  0  0  0  0
  4  3  1  0  0  0  0
  4  5  1  0  0  0  0
  4 13  1  0  0  0  0
  5 16  1  0  0  0  0
  6  5  1  0  0  0  0
  6 17  1  0  0  0  0
  7  8  1  0  0  0  0
  7  6  1  0  0  0  0
  8 20  1  0  0  0  0
  8  9  1  0  0  0  0
  9  6  1  0  0  0  0
  9 23  1  0  0  0  0
 10  1  1  0  0  0  0
 11  3  1  0  0  0  0
 14  4  1  0  0  0  0
 15  5  1  0  0  0  0
 18  7  1  0  0  0  0
 19  7  1  0  0  0  0
 21  8  1  0  0  0  0
 22  9  1  0  0  0  0
M  END
