Lattice="17.53231204 0.0 0.0 0.0 12.71412612 0.0 0.0 0.0 14.67027233" Properties=species:S:1:pos:R:3:GW_charged:R:1:dKS_charged:R:1:dKS_neutral:R:1 pbc="T T T"
 OpenBabel12102411083D
Lattice="17.53231204 0.0 0.0 0.0 12.71412612 0.0 0.0 0.0 14.67027233" Properties=species:S:1:pos:R:3:GW_charged:R:1:dKS_charged:R:1:dKS_neutral:R:1 pbc="T T T"
 25 24  0  0  0  0  0  0  0  0999 V2000
    6.4252    7.7340    8.0593 C   0  0  0  0  0  0  0  0  0  0  0  0
    6.5392    6.1996    8.0026 C   0  0  0  0  0  0  0  0  0  0  0  0
    7.1901    5.6820    9.2984 C   0  0  0  0  0  0  0  0  0  0  0  0
    5.1273    5.5986    7.8789 C   0  0  0  0  0  0  0  0  0  0  0  0
    7.3516    5.7521    6.7602 C   0  0  0  0  0  0  0  0  0  0  0  0
    8.8004    6.2355    6.6650 C   0  0  0  0  0  0  0  0  0  0  0  0
    9.4917    5.7201    5.3865 C   0  0  0  0  0  0  0  0  0  0  0  0
   10.8734    6.1622    5.2642 C   0  0  0  0  0  0  0  0  0  0  0  0
   12.0193    6.5468    5.1924 C   0  0  0  0  0  0  0  0  0  0  0  0
    7.4020    8.2141    8.2078 H   0  0  0  0  0  0  0  0  0  0  0  0
    5.9902    8.1352    7.1321 H   0  0  0  0  0  0  0  0  0  0  0  0
    5.7782    8.0442    8.8923 H   0  0  0  0  0  0  0  0  0  0  0  0
    6.5671    5.9280   10.1703 H   0  0  0  0  0  0  0  0  0  0  0  0
    7.3118    4.5890    9.2734 H   0  0  0  0  0  0  0  0  0  0  0  0
    8.1801    6.1269    9.4680 H   0  0  0  0  0  0  0  0  0  0  0  0
    4.6245    5.9489    6.9655 H   0  0  0  0  0  0  0  0  0  0  0  0
    5.1646    4.5000    7.8402 H   0  0  0  0  0  0  0  0  0  0  0  0
    4.5000    5.8823    8.7362 H   0  0  0  0  0  0  0  0  0  0  0  0
    7.3423    4.6486    6.7263 H   0  0  0  0  0  0  0  0  0  0  0  0
    6.8066    6.0839    5.8591 H   0  0  0  0  0  0  0  0  0  0  0  0
    8.8470    7.3340    6.6663 H   0  0  0  0  0  0  0  0  0  0  0  0
    9.3829    5.8986    7.5346 H   0  0  0  0  0  0  0  0  0  0  0  0
    9.4619    4.6177    5.3682 H   0  0  0  0  0  0  0  0  0  0  0  0
    8.9259    6.0526    4.5000 H   0  0  0  0  0  0  0  0  0  0  0  0
   13.0323    6.8813    5.1199 H   0  0  0  0  0  0  0  0  0  0  0  0
  1 10  1  0  0  0  0
  1 12  1  0  0  0  0
  2  1  1  0  0  0  0
  2  3  1  0  0  0  0
  3 15  1  0  0  0  0
  3 13  1  0  0  0  0
  4  2  1  0  0  0  0
  4 18  1  0  0  0  0
  5  2  1  0  0  0  0
  6 21  1  0  0  0  0
  6  5  1  0  0  0  0
  6 22  1  0  0  0  0
  7  6  1  0  0  0  0
  8  7  1  0  0  0  0
  9  8  3  0  0  0  0
 11  1  1  0  0  0  0
 14  3  1  0  0  0  0
 16  4  1  0  0  0  0
 17  4  1  0  0  0  0
 19  5  1  0  0  0  0
 20  5  1  0  0  0  0
 23  7  1  0  0  0  0
 24  7  1  0  0  0  0
 25  9  1  0  0  0  0
M  END
