Lattice="15.57355727 0.0 0.0 0.0 13.90640147 0.0 0.0 0.0 13.48953695" Properties=species:S:1:pos:R:3:GW_charged:R:1:dKS_charged:R:1:dKS_neutral:R:1 pbc="T T T"
 OpenBabel12102409443D
Lattice="15.57355727 0.0 0.0 0.0 13.90640147 0.0 0.0 0.0 13.48953695" Properties=species:S:1:pos:R:3:GW_charged:R:1:dKS_charged:R:1:dKS_neutral:R:1 pbc="T T T"
 19 19  0  0  0  0  0  0  0  0999 V2000
   10.0294    8.8412    7.7686 C   0  0  0  0  0  0  0  0  0  0  0  0
    9.9548    7.3286    7.4982 C   0  0  0  0  0  0  0  0  0  0  0  0
    8.5712    6.8021    7.3900 C   0  0  0  0  0  0  0  0  0  0  0  0
    7.8115    6.3577    6.3400 C   0  0  0  0  0  0  0  0  0  0  0  0
    8.2473    6.2929    5.0398 O   0  0  0  0  0  0  0  0  0  0  0  0
    6.5153    5.9933    6.8444 C   0  0  0  0  0  0  0  0  0  0  0  0
    5.3666    5.4539    6.0558 C   0  0  0  0  0  0  0  0  0  0  0  0
    6.5808    6.2498    8.1852 C   0  0  0  0  0  0  0  0  0  0  0  0
    7.8046    6.7380    8.5369 O   0  0  0  0  0  0  0  0  0  0  0  0
   11.0736    9.1748    7.8434 H   0  0  0  0  0  0  0  0  0  0  0  0
    9.5461    9.4064    6.9607 H   0  0  0  0  0  0  0  0  0  0  0  0
    9.5237    9.0980    8.7085 H   0  0  0  0  0  0  0  0  0  0  0  0
   10.4687    7.0901    6.5559 H   0  0  0  0  0  0  0  0  0  0  0  0
   10.4924    6.7846    8.2923 H   0  0  0  0  0  0  0  0  0  0  0  0
    7.5494    5.8925    4.5000 H   0  0  0  0  0  0  0  0  0  0  0  0
    5.6166    4.5000    5.5643 H   0  0  0  0  0  0  0  0  0  0  0  0
    4.5000    5.2671    6.7016 H   0  0  0  0  0  0  0  0  0  0  0  0
    5.0428    6.1547    5.2700 H   0  0  0  0  0  0  0  0  0  0  0  0
    5.8635    6.1364    8.9895 H   0  0  0  0  0  0  0  0  0  0  0  0
  1 10  1  0  0  0  0
  1 12  1  0  0  0  0
  2  1  1  0  0  0  0
  2 14  1  0  0  0  0
  3  2  1  0  0  0  0
  3  9  1  0  0  0  0
  4  6  1  0  0  0  0
  4  3  2  0  0  0  0
  5  4  1  0  0  0  0
  6  8  2  0  0  0  0
  7 17  1  0  0  0  0
  7  6  1  0  0  0  0
  8  9  1  0  0  0  0
  8 19  1  0  0  0  0
 11  1  1  0  0  0  0
 13  2  1  0  0  0  0
 15  5  1  0  0  0  0
 16  7  1  0  0  0  0
 18  7  1  0  0  0  0
M  END
