Lattice="13.4407399 0.0 0.0 0.0 15.61646804 0.0 0.0 0.0 13.29913556" Properties=species:S:1:pos:R:3:GW_charged:R:1:dKS_charged:R:1:dKS_neutral:R:1 pbc="T T T"
 OpenBabel12102410113D
Lattice="13.4407399 0.0 0.0 0.0 15.61646804 0.0 0.0 0.0 13.29913556" Properties=species:S:1:pos:R:3:GW_charged:R:1:dKS_charged:R:1:dKS_neutral:R:1 pbc="T T T"
 21 22  0  0  1  0  0  0  0  0999 V2000
    5.2042    5.5689    6.8912 C   0  0  0  0  0  0  0  0  0  0  0  0
    5.1682    6.7790    6.9200 C   0  0  0  0  0  0  0  0  0  0  0  0
    5.1870    8.2364    6.9440 C   0  0  0  0  0  0  0  0  0  0  0  0
    6.5851    8.8039    6.7169 C   0  0  2  0  0  0  0  0  0  0  0  0
    7.6246    8.6291    7.8591 C   0  0  0  0  0  0  0  0  0  0  0  0
    7.9105   10.1604    7.8429 C   0  0  0  0  0  0  0  0  0  0  0  0
    6.8892   10.3552    6.6939 C   0  0  1  0  0  0  0  0  0  0  0  0
    7.4727   10.2081    5.2660 C   0  0  0  0  0  0  0  0  0  0  0  0
    7.1880    8.6767    5.2901 C   0  0  0  0  0  0  0  0  0  0  0  0
    5.2211    4.5000    6.8685 H   0  0  0  0  0  0  0  0  0  0  0  0
    4.5000    8.6243    6.1726 H   0  0  0  0  0  0  0  0  0  0  0  0
    4.7957    8.5919    7.9125 H   0  0  0  0  0  0  0  0  0  0  0  0
    7.1806    8.2754    8.7991 H   0  0  0  0  0  0  0  0  0  0  0  0
    8.4698    7.9707    7.6192 H   0  0  0  0  0  0  0  0  0  0  0  0
    7.6233   10.6638    8.7747 H   0  0  0  0  0  0  0  0  0  0  0  0
    8.9407   10.4578    7.6027 H   0  0  0  0  0  0  0  0  0  0  0  0
    6.1122   11.1165    6.8400 H   0  0  0  0  0  0  0  0  0  0  0  0
    6.8972   10.7429    4.5000 H   0  0  0  0  0  0  0  0  0  0  0  0
    8.5263   10.5027    5.1632 H   0  0  0  0  0  0  0  0  0  0  0  0
    8.0609    8.0151    5.2135 H   0  0  0  0  0  0  0  0  0  0  0  0
    6.4563    8.3544    4.5373 H   0  0  0  0  0  0  0  0  0  0  0  0
  1  2  3  0  0  0  0
  2  3  1  0  0  0  0
  3 12  1  0  0  0  0
  4  3  1  1  0  0  0
  4  5  1  0  0  0  0
  5 13  1  0  0  0  0
  6  5  1  0  0  0  0
  6 15  1  0  0  0  0
  7  4  1  0  0  0  0
  7 17  1  1  0  0  0
  7  6  1  0  0  0  0
  8  9  1  0  0  0  0
  8  7  1  0  0  0  0
  9  4  1  0  0  0  0
 10  1  1  0  0  0  0
 11  3  1  0  0  0  0
 14  5  1  0  0  0  0
 16  6  1  0  0  0  0
 18  8  1  0  0  0  0
 19  8  1  0  0  0  0
 20  9  1  0  0  0  0
 21  9  1  0  0  0  0
M  END
