Lattice="12.544752410000001 0.0 0.0 0.0 13.754084970000001 0.0 0.0 0.0 13.24464209" Properties=species:S:1:pos:R:3:GW_charged:R:1:dKS_charged:R:1:dKS_neutral:R:1 pbc="T T T"
 OpenBabel12102409263D
Lattice="12.544752410000001 0.0 0.0 0.0 13.754084970000001 0.0 0.0 0.0 13.24464209" Properties=species:S:1:pos:R:3:GW_charged:R:1:dKS_charged:R:1:dKS_neutral:R:1 pbc="T T T"
 16 16  0  0  1  0  0  0  0  0999 V2000
    5.4551    8.8113    6.5212 C   0  0  0  0  0  0  0  0  0  0  0  0
    5.5357    7.2826    6.5459 C   0  0  1  0  0  0  0  0  0  0  0  0
    6.2922    6.6714    5.3357 C   0  0  0  0  0  0  0  0  0  0  0  0
    7.0529    5.4406    5.8835 C   0  0  0  0  0  0  0  0  0  0  0  0
    7.1176    5.7173    7.3651 C   0  0  0  0  0  0  0  0  0  0  0  0
    6.2935    6.7089    7.7228 C   0  0  0  0  0  0  0  0  0  0  0  0
    6.4620    9.2541    6.5192 H   0  0  0  0  0  0  0  0  0  0  0  0
    4.9281    9.1660    5.6239 H   0  0  0  0  0  0  0  0  0  0  0  0
    4.9181    9.2009    7.3977 H   0  0  0  0  0  0  0  0  0  0  0  0
    4.5000    6.8912    6.5736 H   0  0  0  0  0  0  0  0  0  0  0  0
    5.6236    6.4281    4.5000 H   0  0  0  0  0  0  0  0  0  0  0  0
    7.0176    7.4121    4.9648 H   0  0  0  0  0  0  0  0  0  0  0  0
    6.5063    4.5000    5.6922 H   0  0  0  0  0  0  0  0  0  0  0  0
    8.0448    5.3149    5.4247 H   0  0  0  0  0  0  0  0  0  0  0  0
    7.7351    5.1369    8.0511 H   0  0  0  0  0  0  0  0  0  0  0  0
    6.1387    7.0584    8.7446 H   0  0  0  0  0  0  0  0  0  0  0  0
  1  2  1  0  0  0  0
  1  9  1  0  0  0  0
  2 10  1  1  0  0  0
  2  6  1  0  0  0  0
  3  4  1  0  0  0  0
  3  2  1  0  0  0  0
  4  5  1  0  0  0  0
  5  6  2  0  0  0  0
  5 15  1  0  0  0  0
  6 16  1  0  0  0  0
  7  1  1  0  0  0  0
  8  1  1  0  0  0  0
 11  3  1  0  0  0  0
 12  3  1  0  0  0  0
 13  4  1  0  0  0  0
 14  4  1  0  0  0  0
M  END
