Lattice="13.34900771 0.0 0.0 0.0 13.82511229 0.0 0.0 0.0 14.1264224" Properties=species:S:1:pos:R:3:GW_charged:R:1:dKS_charged:R:1:dKS_neutral:R:1 pbc="T T T"
 OpenBabel12102411063D
Lattice="13.34900771 0.0 0.0 0.0 13.82511229 0.0 0.0 0.0 14.1264224" Properties=species:S:1:pos:R:3:GW_charged:R:1:dKS_charged:R:1:dKS_neutral:R:1 pbc="T T T"
 21 23  0  0  1  0  0  0  0  0999 V2000
    5.5203    8.2677    6.2694 C   0  0  0  0  0  0  0  0  0  0  0  0
    7.0649    8.0921    6.1278 C   0  0  1  0  0  0  0  0  0  0  0  0
    7.8240    8.2474    7.4544 C   0  0  0  0  0  0  0  0  0  0  0  0
    7.1466    7.6420    8.6596 C   0  0  0  0  0  0  0  0  0  0  0  0
    6.2700    6.6261    8.6241 C   0  0  0  0  0  0  0  0  0  0  0  0
    5.8900    5.8798    7.3776 C   0  0  2  0  0  0  0  0  0  0  0  0
    7.1287    5.4626    6.5137 C   0  0  0  0  0  0  0  0  0  0  0  0
    6.8257    6.6338    5.5717 C   0  0  1  0  0  0  0  0  0  0  0  0
    5.3771    6.7464    6.1432 C   0  0  2  0  0  0  0  0  0  0  0  0
    5.1528    8.7501    7.1859 H   0  0  0  0  0  0  0  0  0  0  0  0
    5.0835    8.7789    5.4005 H   0  0  0  0  0  0  0  0  0  0  0  0
    7.5304    8.7516    5.3831 H   0  0  0  0  0  0  0  0  0  0  0  0
    8.8490    7.8462    7.3533 H   0  0  0  0  0  0  0  0  0  0  0  0
    7.9586    9.3251    7.6439 H   0  0  0  0  0  0  0  0  0  0  0  0
    7.3843    8.0926    9.6264 H   0  0  0  0  0  0  0  0  0  0  0  0
    5.8225    6.2928    9.5631 H   0  0  0  0  0  0  0  0  0  0  0  0
    5.2134    5.0543    7.6282 H   0  0  0  0  0  0  0  0  0  0  0  0
    8.1004    5.4248    7.0259 H   0  0  0  0  0  0  0  0  0  0  0  0
    6.9612    4.5000    6.0099 H   0  0  0  0  0  0  0  0  0  0  0  0
    7.0377    6.5279    4.5000 H   0  0  0  0  0  0  0  0  0  0  0  0
    4.5000    6.3196    5.6407 H   0  0  0  0  0  0  0  0  0  0  0  0
  1 10  1  0  0  0  0
  2 12  1  6  0  0  0
  2  1  1  0  0  0  0
  2  3  1  0  0  0  0
  3 14  1  0  0  0  0
  3  4  1  0  0  0  0
  4 15  1  0  0  0  0
  5  4  2  0  0  0  0
  5 16  1  0  0  0  0
  6 17  1  1  0  0  0
  6  5  1  0  0  0  0
  7 18  1  0  0  0  0
  7  6  1  0  0  0  0
  8 20  1  6  0  0  0
  8  2  1  0  0  0  0
  8  9  1  0  0  0  0
  8  7  1  0  0  0  0
  9 21  1  6  0  0  0
  9  1  1  0  0  0  0
  9  6  1  0  0  0  0
 11  1  1  0  0  0  0
 13  3  1  0  0  0  0
 19  7  1  0  0  0  0
M  END
