Lattice="12.664630729999999 0.0 0.0 0.0 15.4141688 0.0 0.0 0.0 14.01144278" Properties=species:S:1:pos:R:3:GW_charged:R:1:dKS_charged:R:1:dKS_neutral:R:1 pbc="T T T"
 OpenBabel12102409453D
Lattice="12.664630729999999 0.0 0.0 0.0 15.4141688 0.0 0.0 0.0 14.01144278" Properties=species:S:1:pos:R:3:GW_charged:R:1:dKS_charged:R:1:dKS_neutral:R:1 pbc="T T T"
 19 20  0  0  1  0  0  0  0  0999 V2000
    5.9734    5.5456    6.0570 C   0  0  0  0  0  0  0  0  0  0  0  0
    5.9340    6.7252    6.3275 C   0  0  0  0  0  0  0  0  0  0  0  0
    5.9189    8.1498    6.5884 C   0  0  2  0  0  0  0  0  0  0  0  0
    5.3986    9.0655    5.4247 C   0  0  0  0  0  0  0  0  0  0  0  0
    6.7334    9.8563    5.4359 C   0  0  0  0  0  0  0  0  0  0  0  0
    7.2891    8.9405    6.5633 C   0  0  1  0  0  0  0  0  0  0  0  0
    7.3850    9.5341    7.9682 C   0  0  0  0  0  0  0  0  0  0  0  0
    5.9221    9.5715    8.4238 C   0  0  0  0  0  0  0  0  0  0  0  0
    5.3160    8.3965    7.8673 O   0  0  0  0  0  0  0  0  0  0  0  0
    5.9999    4.5000    5.8341 H   0  0  0  0  0  0  0  0  0  0  0  0
    5.1936    8.5147    4.5001 H   0  0  0  0  0  0  0  0  0  0  0  0
    4.5000    9.6272    5.7087 H   0  0  0  0  0  0  0  0  0  0  0  0
    7.3011    9.8025    4.5000 H   0  0  0  0  0  0  0  0  0  0  0  0
    6.6416   10.9142    5.7176 H   0  0  0  0  0  0  0  0  0  0  0  0
    8.1646    8.3448    6.2855 H   0  0  0  0  0  0  0  0  0  0  0  0
    7.9662    8.8685    8.6213 H   0  0  0  0  0  0  0  0  0  0  0  0
    7.8568   10.5263    7.9797 H   0  0  0  0  0  0  0  0  0  0  0  0
    5.7906    9.5183    9.5114 H   0  0  0  0  0  0  0  0  0  0  0  0
    5.4112   10.4831    8.0594 H   0  0  0  0  0  0  0  0  0  0  0  0
  1  2  3  0  0  0  0
  3  2  1  6  0  0  0
  3  9  1  0  0  0  0
  4  5  1  0  0  0  0
  4 12  1  0  0  0  0
  4  3  1  0  0  0  0
  5 14  1  0  0  0  0
  5  6  1  0  0  0  0
  6 15  1  6  0  0  0
  6  3  1  0  0  0  0
  6  7  1  0  0  0  0
  7 17  1  0  0  0  0
  7  8  1  0  0  0  0
  7 16  1  0  0  0  0
  8 18  1  0  0  0  0
  9  8  1  0  0  0  0
 10  1  1  0  0  0  0
 11  4  1  0  0  0  0
 13  5  1  0  0  0  0
 19  8  1  0  0  0  0
M  END
