Lattice="13.11161407 0.0 0.0 0.0 15.51990487 0.0 0.0 0.0 13.27451736" Properties=species:S:1:pos:R:3:GW_charged:R:1:dKS_charged:R:1:dKS_neutral:R:1 pbc="T T T"
 OpenBabel12102409453D
Lattice="13.11161407 0.0 0.0 0.0 15.51990487 0.0 0.0 0.0 13.27451736" Properties=species:S:1:pos:R:3:GW_charged:R:1:dKS_charged:R:1:dKS_neutral:R:1 pbc="T T T"
 19 21  0  0  1  0  0  0  0  0999 V2000
    5.8855    5.5664    5.2693 C   0  0  0  0  0  0  0  0  0  0  0  0
    5.9253    6.7749    5.3481 C   0  0  0  0  0  0  0  0  0  0  0  0
    5.9750    8.2239    5.4180 C   0  0  1  0  0  0  0  0  0  0  0  0
    5.5697    8.8530    6.7823 C   0  0  1  0  0  0  0  0  0  0  0  0
    6.5962    8.2192    7.7533 C   0  0  0  0  0  0  0  0  0  0  0  0
    7.6006    9.0748    6.9727 C   0  0  2  0  0  0  0  0  0  0  0  0
    6.4922   10.1515    6.7310 C   0  0  1  0  0  0  0  0  0  0  0  0
    7.0193   10.3702    5.3075 C   0  0  0  0  0  0  0  0  0  0  0  0
    7.3932    8.8702    5.4072 C   0  0  2  0  0  0  0  0  0  0  0  0
    5.8495    4.5000    5.2002 H   0  0  0  0  0  0  0  0  0  0  0  0
    5.3703    8.6323    4.5928 H   0  0  0  0  0  0  0  0  0  0  0  0
    4.5000    8.9005    7.0104 H   0  0  0  0  0  0  0  0  0  0  0  0
    6.4776    8.6061    8.7745 H   0  0  0  0  0  0  0  0  0  0  0  0
    6.6884    7.1254    7.7714 H   0  0  0  0  0  0  0  0  0  0  0  0
    8.6116    9.3186    7.3153 H   0  0  0  0  0  0  0  0  0  0  0  0
    6.2663   10.9533    7.4420 H   0  0  0  0  0  0  0  0  0  0  0  0
    6.3414   10.6845    4.5000 H   0  0  0  0  0  0  0  0  0  0  0  0
    7.9049   11.0199    5.3224 H   0  0  0  0  0  0  0  0  0  0  0  0
    8.1498    8.4041    4.7690 H   0  0  0  0  0  0  0  0  0  0  0  0
  1  2  3  0  0  0  0
  2  3  1  0  0  0  0
  3 11  1  6  0  0  0
  3  4  1  0  0  0  0
  4 12  1  1  0  0  0
  4  5  1  0  0  0  0
  5 14  1  0  0  0  0
  5 13  1  0  0  0  0
  6 15  1  1  0  0  0
  6  5  1  0  0  0  0
  7  4  1  0  0  0  0
  7  6  1  0  0  0  0
  7 16  1  1  0  0  0
  8 18  1  0  0  0  0
  8  9  1  0  0  0  0
  8  7  1  0  0  0  0
  9 19  1  6  0  0  0
  9  3  1  0  0  0  0
  9  6  1  0  0  0  0
 10  1  1  0  0  0  0
 17  8  1  0  0  0  0
M  END
