Lattice="13.51385178 0.0 0.0 0.0 13.26130266 0.0 0.0 0.0 13.85509525" Properties=species:S:1:pos:R:3:GW_charged:R:1:dKS_charged:R:1:dKS_neutral:R:1 pbc="T T T"
 OpenBabel12102409263D
Lattice="13.51385178 0.0 0.0 0.0 13.26130266 0.0 0.0 0.0 13.85509525" Properties=species:S:1:pos:R:3:GW_charged:R:1:dKS_charged:R:1:dKS_neutral:R:1 pbc="T T T"
 19 19  0  0  1  0  0  0  0  0999 V2000
    5.3913    7.9242    6.2393 C   0  0  0  0  0  0  0  0  0  0  0  0
    6.1687    6.6203    6.2191 C   0  0  1  0  0  0  0  0  0  0  0  0
    7.5644    6.5441    5.5426 C   0  0  0  0  0  0  0  0  0  0  0  0
    8.0017    5.5402    6.6399 C   0  0  0  0  0  0  0  0  0  0  0  0
    6.8111    6.0406    7.5161 C   0  0  1  0  0  0  0  0  0  0  0  0
    7.2246    7.0693    8.5616 C   0  0  0  0  0  0  0  0  0  0  0  0
    5.9712    5.0398    8.0975 O   0  0  0  0  0  0  0  0  0  0  0  0
    6.0014    8.7613    6.6084 H   0  0  0  0  0  0  0  0  0  0  0  0
    5.0510    8.1890    5.2279 H   0  0  0  0  0  0  0  0  0  0  0  0
    4.5000    7.8478    6.8783 H   0  0  0  0  0  0  0  0  0  0  0  0
    5.5361    5.8148    5.8153 H   0  0  0  0  0  0  0  0  0  0  0  0
    7.6003    6.2066    4.5000 H   0  0  0  0  0  0  0  0  0  0  0  0
    8.1048    7.4987    5.6162 H   0  0  0  0  0  0  0  0  0  0  0  0
    7.8307    4.5000    6.3352 H   0  0  0  0  0  0  0  0  0  0  0  0
    9.0139    5.6342    7.0565 H   0  0  0  0  0  0  0  0  0  0  0  0
    7.8523    7.8621    8.1318 H   0  0  0  0  0  0  0  0  0  0  0  0
    6.3442    7.5375    9.0220 H   0  0  0  0  0  0  0  0  0  0  0  0
    7.8155    6.5848    9.3551 H   0  0  0  0  0  0  0  0  0  0  0  0
    6.3522    4.7795    8.9515 H   0  0  0  0  0  0  0  0  0  0  0  0
  1  8  1  0  0  0  0
  1 10  1  0  0  0  0
  2 11  1  6  0  0  0
  2  1  1  0  0  0  0
  2  5  1  0  0  0  0
  3 13  1  0  0  0  0
  3  2  1  0  0  0  0
  3  4  1  0  0  0  0
  4 15  1  0  0  0  0
  4  5  1  0  0  0  0
  5  7  1  1  0  0  0
  5  6  1  0  0  0  0
  6 17  1  0  0  0  0
  6 18  1  0  0  0  0
  7 19  1  0  0  0  0
  9  1  1  0  0  0  0
 12  3  1  0  0  0  0
 14  4  1  0  0  0  0
 16  6  1  0  0  0  0
M  END
