Lattice="13.32178525 0.0 0.0 0.0 14.380233279999999 0.0 0.0 0.0 11.69348859" Properties=species:S:1:pos:R:3:GW_charged:R:1:dKS_charged:R:1:dKS_neutral:R:1 pbc="T T T"
 OpenBabel12102409273D
Lattice="13.32178525 0.0 0.0 0.0 14.380233279999999 0.0 0.0 0.0 11.69348859" Properties=species:S:1:pos:R:3:GW_charged:R:1:dKS_charged:R:1:dKS_neutral:R:1 pbc="T T T"
 17 16  0  0  1  0  0  0  0  0999 V2000
    7.8051    9.4629    5.4574 C   0  0  0  0  0  0  0  0  0  0  0  0
    7.8294    7.9349    5.5046 C   0  0  0  0  0  0  0  0  0  0  0  0
    6.4274    7.3197    5.4824 C   0  0  0  0  0  0  0  0  0  0  0  0
    6.4497    5.7832    5.5774 C   0  0  1  0  0  0  0  0  0  0  0  0
    7.0310    5.3377    6.7818 O   0  0  0  0  0  0  0  0  0  0  0  0
    5.0554    5.2211    5.4252 C   0  0  0  0  0  0  0  0  0  0  0  0
    4.5574    4.5000    6.2689 O   0  0  0  0  0  0  0  0  0  0  0  0
    8.8218    9.8780    5.4708 H   0  0  0  0  0  0  0  0  0  0  0  0
    7.3081    9.8313    4.5479 H   0  0  0  0  0  0  0  0  0  0  0  0
    7.2664    9.8802    6.3203 H   0  0  0  0  0  0  0  0  0  0  0  0
    8.4065    7.5438    4.6504 H   0  0  0  0  0  0  0  0  0  0  0  0
    8.3512    7.5942    6.4104 H   0  0  0  0  0  0  0  0  0  0  0  0
    5.8317    7.7077    6.3245 H   0  0  0  0  0  0  0  0  0  0  0  0
    5.9050    7.6119    4.5552 H   0  0  0  0  0  0  0  0  0  0  0  0
    7.0315    5.3962    4.7103 H   0  0  0  0  0  0  0  0  0  0  0  0
    6.3561    4.7578    7.1935 H   0  0  0  0  0  0  0  0  0  0  0  0
    4.5000    5.5047    4.5000 H   0  0  0  0  0  0  0  0  0  0  0  0
  1  8  1  0  0  0  0
  1  2  1  0  0  0  0
  1 10  1  0  0  0  0
  2 12  1  0  0  0  0
  3  2  1  0  0  0  0
  3  4  1  0  0  0  0
  3 13  1  0  0  0  0
  4 15  1  6  0  0  0
  4  5  1  0  0  0  0
  5 16  1  0  0  0  0
  6  4  1  0  0  0  0
  6  7  2  0  0  0  0
  9  1  1  0  0  0  0
 11  2  1  0  0  0  0
 14  3  1  0  0  0  0
 17  6  1  0  0  0  0
M  END
