Lattice="12.67733084 0.0 0.0 0.0 14.83847123 0.0 0.0 0.0 13.45894215" Properties=species:S:1:pos:R:3:GW_charged:R:1:dKS_charged:R:1:dKS_neutral:R:1 pbc="T T T"
 OpenBabel12102409333D
Lattice="12.67733084 0.0 0.0 0.0 14.83847123 0.0 0.0 0.0 13.45894215" Properties=species:S:1:pos:R:3:GW_charged:R:1:dKS_charged:R:1:dKS_neutral:R:1 pbc="T T T"
 19 19  0  0  1  0  0  0  0  0999 V2000
    5.6139    9.5585    8.0909 C   0  0  0  0  0  0  0  0  0  0  0  0
    5.1930    8.2765    7.6424 O   0  0  0  0  0  0  0  0  0  0  0  0
    5.9955    7.7269    6.6173 C   0  0  1  0  0  0  0  0  0  0  0  0
    5.8310    8.3832    5.2647 C   0  0  0  0  0  0  0  0  0  0  0  0
    7.3375    7.1538    7.0270 C   0  0  0  0  0  0  0  0  0  0  0  0
    6.1725    6.2321    6.7017 C   0  0  1  0  0  0  0  0  0  0  0  0
    5.5151    5.4119    7.7855 C   0  0  0  0  0  0  0  0  0  0  0  0
    6.6747    9.5534    8.3958 H   0  0  0  0  0  0  0  0  0  0  0  0
    5.4724   10.3385    7.3231 H   0  0  0  0  0  0  0  0  0  0  0  0
    4.9916    9.8057    8.9589 H   0  0  0  0  0  0  0  0  0  0  0  0
    6.1824    9.4252    5.2687 H   0  0  0  0  0  0  0  0  0  0  0  0
    6.4080    7.8473    4.5000 H   0  0  0  0  0  0  0  0  0  0  0  0
    4.7734    8.3763    4.9652 H   0  0  0  0  0  0  0  0  0  0  0  0
    8.1773    7.2239    6.3362 H   0  0  0  0  0  0  0  0  0  0  0  0
    7.6069    7.2371    8.0802 H   0  0  0  0  0  0  0  0  0  0  0  0
    6.2294    5.7346    5.7305 H   0  0  0  0  0  0  0  0  0  0  0  0
    5.4306    5.9820    8.7185 H   0  0  0  0  0  0  0  0  0  0  0  0
    4.5000    5.1092    7.4917 H   0  0  0  0  0  0  0  0  0  0  0  0
    6.0941    4.5000    7.9898 H   0  0  0  0  0  0  0  0  0  0  0  0
  1  8  1  0  0  0  0
  1 10  1  0  0  0  0
  2  1  1  0  0  0  0
  3  6  1  0  0  0  0
  3  5  1  0  0  0  0
  3  2  1  1  0  0  0
  4 11  1  0  0  0  0
  4  3  1  0  0  0  0
  5 15  1  0  0  0  0
  6 16  1  6  0  0  0
  6  5  1  0  0  0  0
  6  7  1  0  0  0  0
  7 19  1  0  0  0  0
  7 17  1  0  0  0  0
  9  1  1  0  0  0  0
 12  4  1  0  0  0  0
 13  4  1  0  0  0  0
 14  5  1  0  0  0  0
 18  7  1  0  0  0  0
M  END
