Lattice="12.49282404 0.0 0.0 0.0 14.29986331 0.0 0.0 0.0 14.31108966" Properties=species:S:1:pos:R:3:GW_charged:R:1:dKS_charged:R:1:dKS_neutral:R:1 pbc="T T T"
 OpenBabel12102409273D
Lattice="12.49282404 0.0 0.0 0.0 14.29986331 0.0 0.0 0.0 14.31108966" Properties=species:S:1:pos:R:3:GW_charged:R:1:dKS_charged:R:1:dKS_neutral:R:1 pbc="T T T"
 17 16  0  0  1  0  0  0  0  0999 V2000
    5.4822    9.3711    5.3948 C   0  0  0  0  0  0  0  0  0  0  0  0
    5.5266    7.8424    5.4042 C   0  0  0  0  0  0  0  0  0  0  0  0
    6.2337    7.2780    6.6375 C   0  0  0  0  0  0  0  0  0  0  0  0
    6.3266    5.7397    6.6339 C   0  0  1  0  0  0  0  0  0  0  0  0
    7.0457    5.2343    5.4941 O   0  0  0  0  0  0  0  0  0  0  0  0
    6.8992    5.2410    7.8849 C   0  0  0  0  0  0  0  0  0  0  0  0
    7.4208    4.8543    8.9072 C   0  0  0  0  0  0  0  0  0  0  0  0
    6.4950    9.7999    5.3963 H   0  0  0  0  0  0  0  0  0  0  0  0
    4.9642    9.7506    4.5038 H   0  0  0  0  0  0  0  0  0  0  0  0
    4.9571    9.7650    6.2773 H   0  0  0  0  0  0  0  0  0  0  0  0
    4.5000    7.4419    5.3625 H   0  0  0  0  0  0  0  0  0  0  0  0
    6.0334    7.4749    4.5000 H   0  0  0  0  0  0  0  0  0  0  0  0
    7.2552    7.6864    6.7171 H   0  0  0  0  0  0  0  0  0  0  0  0
    5.7075    7.5859    7.5555 H   0  0  0  0  0  0  0  0  0  0  0  0
    5.3109    5.3252    6.5195 H   0  0  0  0  0  0  0  0  0  0  0  0
    7.9928    5.3336    5.6836 H   0  0  0  0  0  0  0  0  0  0  0  0
    7.8697    4.5000    9.8111 H   0  0  0  0  0  0  0  0  0  0  0  0
  1  8  1  0  0  0  0
  1  2  1  0  0  0  0
  1 10  1  0  0  0  0
  2  3  1  0  0  0  0
  3 13  1  0  0  0  0
  3 14  1  0  0  0  0
  4 15  1  6  0  0  0
  4  3  1  0  0  0  0
  4  6  1  0  0  0  0
  5 16  1  0  0  0  0
  5  4  1  0  0  0  0
  6  7  3  0  0  0  0
  7 17  1  0  0  0  0
  9  1  1  0  0  0  0
 11  2  1  0  0  0  0
 12  2  1  0  0  0  0
M  END
