Lattice="12.30119637 0.0 0.0 0.0 13.28798042 0.0 0.0 0.0 10.79855114" Properties=species:S:1:pos:R:3:GW_charged:R:1:dKS_charged:R:1:dKS_neutral:R:1 pbc="T T T"
 OpenBabel12102409263D
Lattice="12.30119637 0.0 0.0 0.0 13.28798042 0.0 0.0 0.0 10.79855114" Properties=species:S:1:pos:R:3:GW_charged:R:1:dKS_charged:R:1:dKS_neutral:R:1 pbc="T T T"
 12 11  0  0  0  0  0  0  0  0999 V2000
    6.7697    8.3692    5.3968 C   0  0  0  0  0  0  0  0  0  0  0  0
    6.7397    6.8402    5.3887 C   0  0  0  0  0  0  0  0  0  0  0  0
    5.3244    6.2840    5.3993 C   0  0  0  0  0  0  0  0  0  0  0  0
    5.4017    4.8530    5.3908 O   0  0  0  0  0  0  0  0  0  0  0  0
    7.8012    8.7446    5.3889 H   0  0  0  0  0  0  0  0  0  0  0  0
    6.2598    8.7880    4.5170 H   0  0  0  0  0  0  0  0  0  0  0  0
    6.2768    8.7783    6.2907 H   0  0  0  0  0  0  0  0  0  0  0  0
    7.2602    6.4518    4.5000 H   0  0  0  0  0  0  0  0  0  0  0  0
    7.2771    6.4422    6.2630 H   0  0  0  0  0  0  0  0  0  0  0  0
    4.7875    6.6413    6.2986 H   0  0  0  0  0  0  0  0  0  0  0  0
    4.7705    6.6509    4.5143 H   0  0  0  0  0  0  0  0  0  0  0  0
    4.5000    4.5000    5.3971 H   0  0  0  0  0  0  0  0  0  0  0  0
  1  7  1  0  0  0  0
  2  1  1  0  0  0  0
  2  3  1  0  0  0  0
  2  9  1  0  0  0  0
  3 10  1  0  0  0  0
  4 12  1  0  0  0  0
  4  3  1  0  0  0  0
  5  1  1  0  0  0  0
  6  1  1  0  0  0  0
  8  2  1  0  0  0  0
 11  3  1  0  0  0  0
M  END
