Lattice="15.03679087 0.0 0.0 0.0 15.13796958 0.0 0.0 0.0 11.86599659" Properties=species:S:1:pos:R:3:GW_charged:R:1:dKS_charged:R:1:dKS_neutral:R:1 pbc="T T T"
 OpenBabel12102411063D
Lattice="15.03679087 0.0 0.0 0.0 15.13796958 0.0 0.0 0.0 11.86599659" Properties=species:S:1:pos:R:3:GW_charged:R:1:dKS_charged:R:1:dKS_neutral:R:1 pbc="T T T"
 23 24  0  0  1  0  0  0  0  0999 V2000
    5.1580    9.8371    5.6065 C   0  0  0  0  0  0  0  0  0  0  0  0
    6.7075    9.8311    5.5387 C   0  0  0  0  0  0  0  0  0  0  0  0
    6.6903    8.4275    6.2087 C   0  0  0  0  0  0  0  0  0  0  0  0
    5.2027    8.2958    5.7753 C   0  0  0  0  0  0  0  0  0  0  0  0
    7.7031    7.3788    5.7652 C   0  0  1  0  0  0  0  0  0  0  0  0
    9.1691    7.7263    6.1430 C   0  0  0  0  0  0  0  0  0  0  0  0
    9.8443    6.3847    6.5165 C   0  0  0  0  0  0  0  0  0  0  0  0
    8.6708    5.4844    6.8109 C   0  0  0  0  0  0  0  0  0  0  0  0
    7.5154    6.0178    6.3972 C   0  0  0  0  0  0  0  0  0  0  0  0
    4.7951   10.3330    6.5169 H   0  0  0  0  0  0  0  0  0  0  0  0
    4.6084   10.2436    4.7482 H   0  0  0  0  0  0  0  0  0  0  0  0
    7.0642    9.7632    4.5000 H   0  0  0  0  0  0  0  0  0  0  0  0
    7.2552   10.6380    6.0422 H   0  0  0  0  0  0  0  0  0  0  0  0
    6.7470    8.5388    7.3046 H   0  0  0  0  0  0  0  0  0  0  0  0
    4.5000    7.8280    6.4767 H   0  0  0  0  0  0  0  0  0  0  0  0
    5.1204    7.7830    4.8052 H   0  0  0  0  0  0  0  0  0  0  0  0
    7.6089    7.2771    4.6647 H   0  0  0  0  0  0  0  0  0  0  0  0
    9.6944    8.2642    5.3440 H   0  0  0  0  0  0  0  0  0  0  0  0
    9.1580    8.3875    7.0233 H   0  0  0  0  0  0  0  0  0  0  0  0
   10.4410    5.9772    5.6812 H   0  0  0  0  0  0  0  0  0  0  0  0
   10.5368    6.4807    7.3660 H   0  0  0  0  0  0  0  0  0  0  0  0
    8.7780    4.5000    7.2675 H   0  0  0  0  0  0  0  0  0  0  0  0
    6.5410    5.5327    6.4652 H   0  0  0  0  0  0  0  0  0  0  0  0
  1  4  1  0  0  0  0
  1 10  1  0  0  0  0
  2  1  1  0  0  0  0
  2 13  1  0  0  0  0
  2  3  1  0  0  0  0
  3 14  1  0  0  0  0
  4  3  1  0  0  0  0
  4 15  1  0  0  0  0
  5 17  1  6  0  0  0
  5  6  1  0  0  0  0
  5  3  1  0  0  0  0
  5  9  1  0  0  0  0
  6  7  1  0  0  0  0
  6 19  1  0  0  0  0
  7  8  1  0  0  0  0
  7 21  1  0  0  0  0
  8 22  1  0  0  0  0
  9 23  1  0  0  0  0
  9  8  2  0  0  0  0
 11  1  1  0  0  0  0
 12  2  1  0  0  0  0
 16  4  1  0  0  0  0
 18  6  1  0  0  0  0
 20  7  1  0  0  0  0
M  END
