Lattice="12.11901793 0.0 0.0 0.0 12.99415664 0.0 0.0 0.0 14.038095519999999" Properties=species:S:1:pos:R:3:GW_charged:R:1:dKS_charged:R:1:dKS_neutral:R:1 pbc="T T T"
 OpenBabel12102409383D
Lattice="12.11901793 0.0 0.0 0.0 12.99415664 0.0 0.0 0.0 14.038095519999999" Properties=species:S:1:pos:R:3:GW_charged:R:1:dKS_charged:R:1:dKS_neutral:R:1 pbc="T T T"
 17 18  0  0  1  0  0  0  0  0999 V2000
    5.4380    8.0153    5.5612 C   0  0  0  0  0  0  0  0  0  0  0  0
    5.3968    6.5147    5.7210 C   0  0  1  0  0  0  0  0  0  0  0  0
    6.6670    5.6716    5.6141 C   0  0  0  0  0  0  0  0  0  0  0  0
    5.9728    5.8439    6.9274 C   0  0  1  0  0  0  0  0  0  0  0  0
    6.4779    6.4357    8.2385 C   0  0  0  0  0  0  0  0  0  0  0  0
    5.7581    5.2348    8.8819 C   0  0  0  0  0  0  0  0  0  0  0  0
    5.3042    4.7470    7.5851 O   0  0  0  0  0  0  0  0  0  0  0  0
    6.3469    8.4416    6.0100 H   0  0  0  0  0  0  0  0  0  0  0  0
    5.4318    8.3035    4.5000 H   0  0  0  0  0  0  0  0  0  0  0  0
    4.5740    8.4942    6.0445 H   0  0  0  0  0  0  0  0  0  0  0  0
    4.5000    6.0257    5.3330 H   0  0  0  0  0  0  0  0  0  0  0  0
    6.5892    4.6970    5.1332 H   0  0  0  0  0  0  0  0  0  0  0  0
    7.6190    6.1841    5.4642 H   0  0  0  0  0  0  0  0  0  0  0  0
    7.5673    6.4526    8.3575 H   0  0  0  0  0  0  0  0  0  0  0  0
    6.0674    7.4200    8.4943 H   0  0  0  0  0  0  0  0  0  0  0  0
    6.4080    4.5000    9.3807 H   0  0  0  0  0  0  0  0  0  0  0  0
    4.9089    5.4778    9.5381 H   0  0  0  0  0  0  0  0  0  0  0  0
  1  2  1  0  0  0  0
  1  8  1  0  0  0  0
  1 10  1  0  0  0  0
  2 11  1  6  0  0  0
  2  4  1  0  0  0  0
  3  2  1  0  0  0  0
  3  4  1  0  0  0  0
  4  7  1  1  0  0  0
  4  5  1  0  0  0  0
  5 14  1  0  0  0  0
  5 15  1  0  0  0  0
  5  6  1  0  0  0  0
  6 16  1  0  0  0  0
  6 17  1  0  0  0  0
  7  6  1  0  0  0  0
  9  1  1  0  0  0  0
 12  3  1  0  0  0  0
 13  3  1  0  0  0  0
M  END
