Lattice="14.30403154 0.0 0.0 0.0 15.96735439 0.0 0.0 0.0 12.32472316" Properties=species:S:1:pos:R:3:GW_charged:R:1:dKS_charged:R:1:dKS_neutral:R:1 pbc="T T T"
 OpenBabel12102409453D
Lattice="14.30403154 0.0 0.0 0.0 15.96735439 0.0 0.0 0.0 12.32472316" Properties=species:S:1:pos:R:3:GW_charged:R:1:dKS_charged:R:1:dKS_neutral:R:1 pbc="T T T"
 19 20  0  0  1  0  0  0  0  0999 V2000
    6.7036    5.5492    6.3877 C   0  0  0  0  0  0  0  0  0  0  0  0
    6.6270    6.7401    6.1590 C   0  0  0  0  0  0  0  0  0  0  0  0
    6.6124    8.1292    5.8917 C   0  0  0  0  0  0  0  0  0  0  0  0
    5.5193    8.9224    5.8194 C   0  0  0  0  0  0  0  0  0  0  0  0
    5.8555   10.3544    5.5066 C   0  0  0  0  0  0  0  0  0  0  0  0
    7.3892   10.3884    5.6174 C   0  0  1  0  0  0  0  0  0  0  0  0
    7.9948   10.5793    7.0408 C   0  0  0  0  0  0  0  0  0  0  0  0
    8.7397    9.2215    6.9101 C   0  0  0  0  0  0  0  0  0  0  0  0
    7.8913    8.9069    5.6454 C   0  0  1  0  0  0  0  0  0  0  0  0
    6.7506    4.5000    6.5881 H   0  0  0  0  0  0  0  0  0  0  0  0
    4.5000    8.5630    5.9585 H   0  0  0  0  0  0  0  0  0  0  0  0
    5.4956   10.6317    4.5000 H   0  0  0  0  0  0  0  0  0  0  0  0
    5.3737   11.0597    6.2046 H   0  0  0  0  0  0  0  0  0  0  0  0
    7.8644   11.0241    4.8608 H   0  0  0  0  0  0  0  0  0  0  0  0
    8.6224   11.4674    7.1853 H   0  0  0  0  0  0  0  0  0  0  0  0
    7.2253   10.5729    7.8247 H   0  0  0  0  0  0  0  0  0  0  0  0
    9.8040    9.3419    6.6704 H   0  0  0  0  0  0  0  0  0  0  0  0
    8.6495    8.5161    7.7460 H   0  0  0  0  0  0  0  0  0  0  0  0
    8.4411    8.5084    4.7804 H   0  0  0  0  0  0  0  0  0  0  0  0
  1 10  1  0  0  0  0
  2  1  3  0  0  0  0
  3  2  1  0  0  0  0
  4  3  2  0  0  0  0
  4 11  1  0  0  0  0
  5  6  1  0  0  0  0
  5  4  1  0  0  0  0
  5 13  1  0  0  0  0
  6 14  1  6  0  0  0
  6  9  1  0  0  0  0
  6  7  1  0  0  0  0
  7 15  1  0  0  0  0
  7 16  1  0  0  0  0
  8  7  1  0  0  0  0
  8 18  1  0  0  0  0
  9 19  1  6  0  0  0
  9  3  1  0  0  0  0
  9  8  1  0  0  0  0
 12  5  1  0  0  0  0
 17  8  1  0  0  0  0
M  END
