Lattice="15.2748428 0.0 0.0 0.0 14.79641982 0.0 0.0 0.0 13.09651686" Properties=species:S:1:pos:R:3:GW_charged:R:1:dKS_charged:R:1:dKS_neutral:R:1 pbc="T T T"
 OpenBabel12102410123D
Lattice="15.2748428 0.0 0.0 0.0 14.79641982 0.0 0.0 0.0 13.09651686" Properties=species:S:1:pos:R:3:GW_charged:R:1:dKS_charged:R:1:dKS_neutral:R:1 pbc="T T T"
 21 23  0  0  1  0  0  0  0  0999 V2000
    6.5701    7.7221    6.8342 C   0  0  0  0  0  0  0  0  0  0  0  0
    6.4783    6.2179    6.8950 C   0  0  1  0  0  0  0  0  0  0  0  0
    5.3262    5.4716    6.3704 C   0  0  0  0  0  0  0  0  0  0  0  0
    6.5655    5.5056    5.6425 O   0  0  0  0  0  0  0  0  0  0  0  0
    7.9872    8.2185    6.6605 C   0  0  1  0  0  0  0  0  0  0  0  0
    8.9544    7.9325    5.4676 C   0  0  0  0  0  0  0  0  0  0  0  0
    9.7494    8.8461    6.4411 C   0  0  1  0  0  0  0  0  0  0  0  0
    8.4600    9.7028    6.5829 C   0  0  0  0  0  0  0  0  0  0  0  0
    9.2102    7.9651    7.6021 C   0  0  0  0  0  0  0  0  0  0  0  0
    5.9458    8.0916    6.0052 H   0  0  0  0  0  0  0  0  0  0  0  0
    6.1514    8.1388    7.7664 H   0  0  0  0  0  0  0  0  0  0  0  0
    7.0563    5.7457    7.6990 H   0  0  0  0  0  0  0  0  0  0  0  0
    5.0630    4.5000    6.7990 H   0  0  0  0  0  0  0  0  0  0  0  0
    4.5000    6.0206    5.9075 H   0  0  0  0  0  0  0  0  0  0  0  0
    9.3013    6.8965    5.3605 H   0  0  0  0  0  0  0  0  0  0  0  0
    8.6708    8.3689    4.5000 H   0  0  0  0  0  0  0  0  0  0  0  0
   10.7748    9.2132    6.3164 H   0  0  0  0  0  0  0  0  0  0  0  0
    8.1438   10.2682    5.6950 H   0  0  0  0  0  0  0  0  0  0  0  0
    8.3598   10.2964    7.5029 H   0  0  0  0  0  0  0  0  0  0  0  0
    9.1651    8.4318    8.5965 H   0  0  0  0  0  0  0  0  0  0  0  0
    9.5876    6.9342    7.6503 H   0  0  0  0  0  0  0  0  0  0  0  0
  1  2  1  0  0  0  0
  1 11  1  0  0  0  0
  2 12  1  1  0  0  0
  3 13  1  0  0  0  0
  3  2  1  0  0  0  0
  4  3  1  0  0  0  0
  4  2  1  0  0  0  0
  5  1  1  1  0  0  0
  5  9  1  0  0  0  0
  6  7  1  0  0  0  0
  6  5  1  0  0  0  0
  7 17  1  6  0  0  0
  7  8  1  0  0  0  0
  7  9  1  0  0  0  0
  8  5  1  0  0  0  0
  8 19  1  0  0  0  0
  9 21  1  0  0  0  0
  9 20  1  0  0  0  0
 10  1  1  0  0  0  0
 14  3  1  0  0  0  0
 15  6  1  0  0  0  0
 16  6  1  0  0  0  0
 18  8  1  0  0  0  0
M  END
