Lattice="14.47925909 0.0 0.0 0.0 12.60012659 0.0 0.0 0.0 13.32094223" Properties=species:S:1:pos:R:3:GW_charged:R:1:dKS_charged:R:1:dKS_neutral:R:1 pbc="T T T"
 OpenBabel12102409263D
Lattice="14.47925909 0.0 0.0 0.0 12.60012659 0.0 0.0 0.0 13.32094223" Properties=species:S:1:pos:R:3:GW_charged:R:1:dKS_charged:R:1:dKS_neutral:R:1 pbc="T T T"
 19 18  0  0  0  0  0  0  0  0999 V2000
    7.5091    7.6964    6.6587 C   0  0  0  0  0  0  0  0  0  0  0  0
    7.5372    6.1582    6.6622 C   0  0  0  0  0  0  0  0  0  0  0  0
    8.2792    5.6353    7.9043 C   0  0  0  0  0  0  0  0  0  0  0  0
    6.1018    5.6056    6.6352 C   0  0  0  0  0  0  0  0  0  0  0  0
    5.3982    6.0468    7.8009 O   0  0  0  0  0  0  0  0  0  0  0  0
    8.2208    5.6415    5.3846 C   0  0  0  0  0  0  0  0  0  0  0  0
    9.5696    6.1178    5.3385 O   0  0  0  0  0  0  0  0  0  0  0  0
    8.5285    8.1001    6.6440 H   0  0  0  0  0  0  0  0  0  0  0  0
    6.9800    8.0799    5.7733 H   0  0  0  0  0  0  0  0  0  0  0  0
    6.9936    8.0741    7.5499 H   0  0  0  0  0  0  0  0  0  0  0  0
    7.7795    5.9709    8.8209 H   0  0  0  0  0  0  0  0  0  0  0  0
    8.3045    4.5353    7.9156 H   0  0  0  0  0  0  0  0  0  0  0  0
    9.3144    5.9969    7.9150 H   0  0  0  0  0  0  0  0  0  0  0  0
    5.5910    5.9589    5.7193 H   0  0  0  0  0  0  0  0  0  0  0  0
    6.1361    4.5000    6.6006 H   0  0  0  0  0  0  0  0  0  0  0  0
    4.5000    5.6891    7.7622 H   0  0  0  0  0  0  0  0  0  0  0  0
    8.2018    4.5350    5.3816 H   0  0  0  0  0  0  0  0  0  0  0  0
    7.6567    5.9936    4.5000 H   0  0  0  0  0  0  0  0  0  0  0  0
    9.9793    5.7802    4.5294 H   0  0  0  0  0  0  0  0  0  0  0  0
  1  2  1  0  0  0  0
  1 10  1  0  0  0  0
  2  3  1  0  0  0  0
  3 13  1  0  0  0  0
  3 12  1  0  0  0  0
  3 11  1  0  0  0  0
  4  2  1  0  0  0  0
  4  5  1  0  0  0  0
  6  2  1  0  0  0  0
  7  6  1  0  0  0  0
  8  1  1  0  0  0  0
  9  1  1  0  0  0  0
 14  4  1  0  0  0  0
 15  4  1  0  0  0  0
 16  5  1  0  0  0  0
 17  6  1  0  0  0  0
 18  6  1  0  0  0  0
 19  7  1  0  0  0  0
M  END
