Lattice="13.85625762 0.0 0.0 0.0 13.066231850000001 0.0 0.0 0.0 14.17476813" Properties=species:S:1:pos:R:3:GW_charged:R:1:dKS_charged:R:1:dKS_neutral:R:1 pbc="T T T"
 OpenBabel12102411063D
Lattice="13.85625762 0.0 0.0 0.0 13.066231850000001 0.0 0.0 0.0 14.17476813" Properties=species:S:1:pos:R:3:GW_charged:R:1:dKS_charged:R:1:dKS_neutral:R:1 pbc="T T T"
 21 23  0  0  1  0  0  0  0  0999 V2000
    6.5228    7.9165    7.5227 C   0  0  0  0  0  0  0  0  0  0  0  0
    8.0589    7.7546    7.4260 C   0  0  1  0  0  0  0  0  0  0  0  0
    8.3712    7.0485    8.7699 C   0  0  0  0  0  0  0  0  0  0  0  0
    7.1952    5.9984    8.8195 C   0  0  0  0  0  0  0  0  0  0  0  0
    6.5569    6.3454    7.4777 C   0  0  1  0  0  0  0  0  0  0  0  0
    5.5451    5.5843    6.6554 C   0  0  0  0  0  0  0  0  0  0  0  0
    5.9067    6.0528    5.2188 C   0  0  0  0  0  0  0  0  0  0  0  0
    7.2263    6.6631    5.2520 O   0  0  0  0  0  0  0  0  0  0  0  0
    7.7845    6.5037    6.5460 C   0  0  1  0  0  0  0  0  0  0  0  0
    6.1102    8.3838    8.4275 H   0  0  0  0  0  0  0  0  0  0  0  0
    6.0800    8.3619    6.6270 H   0  0  0  0  0  0  0  0  0  0  0  0
    8.7268    8.5662    7.1173 H   0  0  0  0  0  0  0  0  0  0  0  0
    9.3563    6.5609    8.7673 H   0  0  0  0  0  0  0  0  0  0  0  0
    8.3486    7.7520    9.6124 H   0  0  0  0  0  0  0  0  0  0  0  0
    7.5599    4.9623    8.8555 H   0  0  0  0  0  0  0  0  0  0  0  0
    6.5240    6.1526    9.6748 H   0  0  0  0  0  0  0  0  0  0  0  0
    5.6948    4.5000    6.7682 H   0  0  0  0  0  0  0  0  0  0  0  0
    4.5000    5.8106    6.9047 H   0  0  0  0  0  0  0  0  0  0  0  0
    5.9178    5.2186    4.5000 H   0  0  0  0  0  0  0  0  0  0  0  0
    5.2009    6.8122    4.8480 H   0  0  0  0  0  0  0  0  0  0  0  0
    8.5624    5.7177    6.5415 H   0  0  0  0  0  0  0  0  0  0  0  0
  1 10  1  0  0  0  0
  2 12  1  6  0  0  0
  2  1  1  0  0  0  0
  2  3  1  0  0  0  0
  3  4  1  0  0  0  0
  3 14  1  0  0  0  0
  4 15  1  0  0  0  0
  4 16  1  0  0  0  0
  5  6  1  6  0  0  0
  5  1  1  0  0  0  0
  5  4  1  0  0  0  0
  6 17  1  0  0  0  0
  6 18  1  0  0  0  0
  7  8  1  0  0  0  0
  7  6  1  0  0  0  0
  8  9  1  0  0  0  0
  9 21  1  1  0  0  0
  9  2  1  0  0  0  0
  9  5  1  0  0  0  0
 11  1  1  0  0  0  0
 13  3  1  0  0  0  0
 19  7  1  0  0  0  0
 20  7  1  0  0  0  0
M  END
