Lattice="12.46715205 0.0 0.0 0.0 13.60103745 0.0 0.0 0.0 12.67137904" Properties=species:S:1:pos:R:3:GW_charged:R:1:dKS_charged:R:1:dKS_neutral:R:1 pbc="T T T"
 OpenBabel12102409313D
Lattice="12.46715205 0.0 0.0 0.0 13.60103745 0.0 0.0 0.0 12.67137904" Properties=species:S:1:pos:R:3:GW_charged:R:1:dKS_charged:R:1:dKS_neutral:R:1 pbc="T T T"
 15 14  0  0  1  0  0  0  0  0999 V2000
    6.9323    8.6811    6.2082 C   0  0  0  0  0  0  0  0  0  0  0  0
    6.9086    7.1613    6.2490 C   0  0  1  0  0  0  0  0  0  0  0  0
    7.5300    6.6331    7.4265 O   0  0  0  0  0  0  0  0  0  0  0  0
    5.4554    6.6114    6.1292 C   0  0  1  0  0  0  0  0  0  0  0  0
    4.8017    7.1238    4.9951 O   0  0  0  0  0  0  0  0  0  0  0  0
    5.4553    5.0977    6.0901 C   0  0  0  0  0  0  0  0  0  0  0  0
    4.9175    4.5000    5.1746 O   0  0  0  0  0  0  0  0  0  0  0  0
    7.9672    9.0453    6.2421 H   0  0  0  0  0  0  0  0  0  0  0  0
    6.4545    9.0510    5.2932 H   0  0  0  0  0  0  0  0  0  0  0  0
    6.3821    9.1010    7.0659 H   0  0  0  0  0  0  0  0  0  0  0  0
    7.4901    6.7598    5.4043 H   0  0  0  0  0  0  0  0  0  0  0  0
    7.3012    7.2117    8.1714 H   0  0  0  0  0  0  0  0  0  0  0  0
    4.9209    6.9080    7.0599 H   0  0  0  0  0  0  0  0  0  0  0  0
    4.5000    6.3305    4.5000 H   0  0  0  0  0  0  0  0  0  0  0  0
    5.9702    4.5671    6.9182 H   0  0  0  0  0  0  0  0  0  0  0  0
  1  8  1  0  0  0  0
  1  2  1  0  0  0  0
  1 10  1  0  0  0  0
  2 11  1  6  0  0  0
  2  3  1  0  0  0  0
  3 12  1  0  0  0  0
  4  2  1  0  0  0  0
  4 13  1  1  0  0  0
  5  4  1  0  0  0  0
  6  4  1  0  0  0  0
  6 15  1  0  0  0  0
  7  6  2  0  0  0  0
  9  1  1  0  0  0  0
 14  5  1  0  0  0  0
M  END
