Lattice="13.85675509 0.0 0.0 0.0 12.67721273 0.0 0.0 0.0 13.41398429" Properties=species:S:1:pos:R:3:GW_charged:R:1:dKS_charged:R:1:dKS_neutral:R:1 pbc="T T T"
 OpenBabel12102409273D
Lattice="13.85675509 0.0 0.0 0.0 12.67721273 0.0 0.0 0.0 13.41398429" Properties=species:S:1:pos:R:3:GW_charged:R:1:dKS_charged:R:1:dKS_neutral:R:1 pbc="T T T"
 15 14  0  0  1  0  0  0  0  0999 V2000
    7.6069    7.7724    6.4614 C   0  0  0  0  0  0  0  0  0  0  0  0
    7.5859    6.2526    6.4475 C   0  0  1  0  0  0  0  0  0  0  0  0
    8.3007    5.5970    7.6299 C   0  0  0  0  0  0  0  0  0  0  0  0
    7.7771    5.9882    8.8914 O   0  0  0  0  0  0  0  0  0  0  0  0
    6.1998    5.7925    6.5087 O   0  0  0  0  0  0  0  0  0  0  0  0
    5.6347    5.3327    5.3677 C   0  0  0  0  0  0  0  0  0  0  0  0
    4.5000    4.9391    5.3160 O   0  0  0  0  0  0  0  0  0  0  0  0
    8.6419    8.1356    6.4017 H   0  0  0  0  0  0  0  0  0  0  0  0
    7.0502    8.1772    5.6067 H   0  0  0  0  0  0  0  0  0  0  0  0
    7.1611    8.1562    7.3865 H   0  0  0  0  0  0  0  0  0  0  0  0
    8.0369    5.8663    5.5158 H   0  0  0  0  0  0  0  0  0  0  0  0
    8.2650    4.5000    7.5028 H   0  0  0  0  0  0  0  0  0  0  0  0
    9.3568    5.9024    7.6248 H   0  0  0  0  0  0  0  0  0  0  0  0
    6.8445    5.7179    8.9140 H   0  0  0  0  0  0  0  0  0  0  0  0
    6.3333    5.3581    4.5000 H   0  0  0  0  0  0  0  0  0  0  0  0
  1 10  1  0  0  0  0
  2 11  1  6  0  0  0
  2  1  1  0  0  0  0
  2  5  1  0  0  0  0
  2  3  1  0  0  0  0
  3  4  1  0  0  0  0
  4 14  1  0  0  0  0
  6  5  1  0  0  0  0
  7  6  2  0  0  0  0
  8  1  1  0  0  0  0
  9  1  1  0  0  0  0
 12  3  1  0  0  0  0
 13  3  1  0  0  0  0
 15  6  1  0  0  0  0
M  END
