Lattice="14.40708504 0.0 0.0 0.0 13.80948661 0.0 0.0 0.0 12.46081194" Properties=species:S:1:pos:R:3:GW_charged:R:1:dKS_charged:R:1:dKS_neutral:R:1 pbc="T T T"
 OpenBabel12102409423D
Lattice="14.40708504 0.0 0.0 0.0 13.80948661 0.0 0.0 0.0 12.46081194" Properties=species:S:1:pos:R:3:GW_charged:R:1:dKS_charged:R:1:dKS_neutral:R:1 pbc="T T T"
 20 20  0  0  1  0  0  0  0  0999 V2000
    7.0516    8.6209    6.6326 C   0  0  0  0  0  0  0  0  0  0  0  0
    6.5763    7.1928    6.4147 C   0  0  0  0  0  0  0  0  0  0  0  0
    5.0869    7.0326    6.6818 C   0  0  0  0  0  0  0  0  0  0  0  0
    7.0943    6.4943    5.1292 C   0  0  0  0  0  0  0  0  0  0  0  0
    7.8383    5.5413    6.0773 C   0  0  1  0  0  0  0  0  0  0  0  0
    9.3552    5.5559    6.0406 C   0  0  0  0  0  0  0  0  0  0  0  0
    9.9071    4.9394    7.1989 O   0  0  0  0  0  0  0  0  0  0  0  0
    7.3473    6.2514    7.2576 O   0  0  0  0  0  0  0  0  0  0  0  0
    8.1315    8.7071    6.4577 H   0  0  0  0  0  0  0  0  0  0  0  0
    6.5329    9.3095    5.9499 H   0  0  0  0  0  0  0  0  0  0  0  0
    6.8443    8.9400    7.6636 H   0  0  0  0  0  0  0  0  0  0  0  0
    4.5000    7.6583    5.9938 H   0  0  0  0  0  0  0  0  0  0  0  0
    4.7770    5.9877    6.5511 H   0  0  0  0  0  0  0  0  0  0  0  0
    4.8477    7.3349    7.7107 H   0  0  0  0  0  0  0  0  0  0  0  0
    6.3204    6.0351    4.5047 H   0  0  0  0  0  0  0  0  0  0  0  0
    7.7444    7.1159    4.5000 H   0  0  0  0  0  0  0  0  0  0  0  0
    7.4747    4.5000    6.0840 H   0  0  0  0  0  0  0  0  0  0  0  0
    9.7170    4.9863    5.1711 H   0  0  0  0  0  0  0  0  0  0  0  0
    9.7116    6.5992    5.9379 H   0  0  0  0  0  0  0  0  0  0  0  0
    9.4838    5.3714    7.9608 H   0  0  0  0  0  0  0  0  0  0  0  0
  1 11  1  0  0  0  0
  2  1  1  0  0  0  0
  2  3  1  0  0  0  0
  2  8  1  0  0  0  0
  3 14  1  0  0  0  0
  4  5  1  0  0  0  0
  4  2  1  0  0  0  0
  5 17  1  6  0  0  0
  5  8  1  0  0  0  0
  6  5  1  0  0  0  0
  6  7  1  0  0  0  0
  7 20  1  0  0  0  0
  9  1  1  0  0  0  0
 10  1  1  0  0  0  0
 12  3  1  0  0  0  0
 13  3  1  0  0  0  0
 15  4  1  0  0  0  0
 16  4  1  0  0  0  0
 18  6  1  0  0  0  0
 19  6  1  0  0  0  0
M  END
