Lattice="12.9500715 0.0 0.0 0.0 15.133015369999999 0.0 0.0 0.0 14.12796491" Properties=species:S:1:pos:R:3:GW_charged:R:1:dKS_charged:R:1:dKS_neutral:R:1 pbc="T T T"
 OpenBabel12102409443D
Lattice="12.9500715 0.0 0.0 0.0 15.133015369999999 0.0 0.0 0.0 14.12796491" Properties=species:S:1:pos:R:3:GW_charged:R:1:dKS_charged:R:1:dKS_neutral:R:1 pbc="T T T"
 19 19  0  0  0  0  0  0  0  0999 V2000
    5.5453   10.1942    8.7325 C   0  0  0  0  0  0  0  0  0  0  0  0
    5.5066    8.7716    8.6846 O   0  0  0  0  0  0  0  0  0  0  0  0
    6.1544    8.2192    7.6242 C   0  0  0  0  0  0  0  0  0  0  0  0
    6.8389    8.8053    6.5925 C   0  0  0  0  0  0  0  0  0  0  0  0
    7.3210    7.8201    5.7599 O   0  0  0  0  0  0  0  0  0  0  0  0
    6.9311    6.6123    6.2812 C   0  0  0  0  0  0  0  0  0  0  0  0
    7.3543    5.4077    5.5249 C   0  0  0  0  0  0  0  0  0  0  0  0
    6.2083    6.7944    7.4312 C   0  0  0  0  0  0  0  0  0  0  0  0
    5.5879    5.7753    8.3293 C   0  0  0  0  0  0  0  0  0  0  0  0
    6.5836   10.5592    8.8038 H   0  0  0  0  0  0  0  0  0  0  0  0
    5.0681   10.6330    7.8403 H   0  0  0  0  0  0  0  0  0  0  0  0
    4.9905   10.4915    9.6280 H   0  0  0  0  0  0  0  0  0  0  0  0
    7.0675    9.8235    6.3102 H   0  0  0  0  0  0  0  0  0  0  0  0
    6.9544    5.4143    4.5000 H   0  0  0  0  0  0  0  0  0  0  0  0
    8.4501    5.3425    5.4515 H   0  0  0  0  0  0  0  0  0  0  0  0
    6.9942    4.5000    6.0224 H   0  0  0  0  0  0  0  0  0  0  0  0
    5.9884    5.8462    9.3511 H   0  0  0  0  0  0  0  0  0  0  0  0
    4.5000    5.9182    8.4045 H   0  0  0  0  0  0  0  0  0  0  0  0
    5.7690    4.7560    7.9670 H   0  0  0  0  0  0  0  0  0  0  0  0
  1 10  1  0  0  0  0
  1 12  1  0  0  0  0
  2  1  1  0  0  0  0
  3  2  1  0  0  0  0
  4  3  2  0  0  0  0
  5  6  1  0  0  0  0
  5  4  1  0  0  0  0
  6  8  2  0  0  0  0
  7 16  1  0  0  0  0
  7  6  1  0  0  0  0
  8  3  1  0  0  0  0
  8  9  1  0  0  0  0
  9 18  1  0  0  0  0
  9 17  1  0  0  0  0
 11  1  1  0  0  0  0
 13  4  1  0  0  0  0
 14  7  1  0  0  0  0
 15  7  1  0  0  0  0
 19  9  1  0  0  0  0
M  END
