Lattice="14.78503623 0.0 0.0 0.0 15.21285462 0.0 0.0 0.0 13.491203429999999" Properties=species:S:1:pos:R:3:GW_charged:R:1:dKS_charged:R:1:dKS_neutral:R:1 pbc="T T T"
 OpenBabel12102410123D
Lattice="14.78503623 0.0 0.0 0.0 15.21285462 0.0 0.0 0.0 13.491203429999999" Properties=species:S:1:pos:R:3:GW_charged:R:1:dKS_charged:R:1:dKS_neutral:R:1 pbc="T T T"
 23 25  0  0  1  0  0  0  0  0999 V2000
    6.4841    7.7594    6.8849 C   0  0  0  0  0  0  0  0  0  0  0  0
    6.4965    6.2473    6.7899 C   0  0  0  0  0  0  0  0  0  0  0  0
    6.6467    5.4046    8.0339 C   0  0  0  0  0  0  0  0  0  0  0  0
    5.3312    5.4320    7.2906 C   0  0  0  0  0  0  0  0  0  0  0  0
    7.8880    8.3425    6.9664 C   0  0  1  0  0  0  0  0  0  0  0  0
    8.8390    8.3946    5.7212 C   0  0  1  0  0  0  0  0  0  0  0  0
    7.9959    9.5850    5.1773 C   0  0  0  0  0  0  0  0  0  0  0  0
    8.1781    9.8569    6.7002 C   0  0  2  0  0  0  0  0  0  0  0  0
    9.6674    9.4502    6.5076 C   0  0  0  0  0  0  0  0  0  0  0  0
    5.9213    8.1723    6.0337 H   0  0  0  0  0  0  0  0  0  0  0  0
    5.9270    8.0603    7.7887 H   0  0  0  0  0  0  0  0  0  0  0  0
    6.9943    5.8593    5.8981 H   0  0  0  0  0  0  0  0  0  0  0  0
    7.2507    4.5000    7.9843 H   0  0  0  0  0  0  0  0  0  0  0  0
    6.6991    5.9235    8.9912 H   0  0  0  0  0  0  0  0  0  0  0  0
    4.5000    5.9678    7.7491 H   0  0  0  0  0  0  0  0  0  0  0  0
    5.0356    4.5462    6.7306 H   0  0  0  0  0  0  0  0  0  0  0  0
    8.3944    7.9591    7.8679 H   0  0  0  0  0  0  0  0  0  0  0  0
    9.2296    7.5421    5.1500 H   0  0  0  0  0  0  0  0  0  0  0  0
    8.5187   10.2740    4.5000 H   0  0  0  0  0  0  0  0  0  0  0  0
    6.9843    9.3706    4.8141 H   0  0  0  0  0  0  0  0  0  0  0  0
    7.7951   10.7129    7.2717 H   0  0  0  0  0  0  0  0  0  0  0  0
   10.1981    9.0920    7.4007 H   0  0  0  0  0  0  0  0  0  0  0  0
   10.2850   10.1311    5.9066 H   0  0  0  0  0  0  0  0  0  0  0  0
  1  5  1  0  0  0  0
  1 11  1  0  0  0  0
  2  1  1  0  0  0  0
  2  4  1  0  0  0  0
  2  3  1  0  0  0  0
  3 14  1  0  0  0  0
  4 15  1  0  0  0  0
  4  3  1  0  0  0  0
  5 17  1  1  0  0  0
  6 18  1  6  0  0  0
  6  9  1  0  0  0  0
  6  5  1  0  0  0  0
  7  6  1  0  0  0  0
  7  8  1  0  0  0  0
  8  5  1  0  0  0  0
  8 21  1  1  0  0  0
  9  8  1  0  0  0  0
  9 22  1  0  0  0  0
 10  1  1  0  0  0  0
 12  2  1  0  0  0  0
 13  3  1  0  0  0  0
 16  4  1  0  0  0  0
 19  7  1  0  0  0  0
 20  7  1  0  0  0  0
 23  9  1  0  0  0  0
M  END
