Lattice="13.68909464 0.0 0.0 0.0 14.77208255 0.0 0.0 0.0 12.30284831" Properties=species:S:1:pos:R:3:GW_charged:R:1:dKS_charged:R:1:dKS_neutral:R:1 pbc="T T T"
 OpenBabel12102409393D
Lattice="13.68909464 0.0 0.0 0.0 14.77208255 0.0 0.0 0.0 12.30284831" Properties=species:S:1:pos:R:3:GW_charged:R:1:dKS_charged:R:1:dKS_neutral:R:1 pbc="T T T"
 19 19  0  0  1  0  0  0  0  0999 V2000
    8.1161    9.7721    6.5129 C   0  0  0  0  0  0  0  0  0  0  0  0
    7.8877    8.2599    6.4948 C   0  0  0  0  0  0  0  0  0  0  0  0
    6.4106    7.8241    6.6142 C   0  0  1  0  0  0  0  0  0  0  0  0
    5.5684    8.2570    5.4099 C   0  0  0  0  0  0  0  0  0  0  0  0
    6.3642    6.3295    6.8877 C   0  0  1  0  0  0  0  0  0  0  0  0
    5.3245    5.4016    6.4179 C   0  0  0  0  0  0  0  0  0  0  0  0
    6.6181    5.4275    5.7893 O   0  0  0  0  0  0  0  0  0  0  0  0
    9.1891   10.0062    6.4967 H   0  0  0  0  0  0  0  0  0  0  0  0
    7.6633   10.2721    5.6460 H   0  0  0  0  0  0  0  0  0  0  0  0
    7.6914   10.2295    7.4189 H   0  0  0  0  0  0  0  0  0  0  0  0
    8.3071    7.8257    5.5730 H   0  0  0  0  0  0  0  0  0  0  0  0
    8.4509    7.8040    7.3253 H   0  0  0  0  0  0  0  0  0  0  0  0
    5.9950    8.3027    7.5211 H   0  0  0  0  0  0  0  0  0  0  0  0
    5.8850    7.7282    4.5000 H   0  0  0  0  0  0  0  0  0  0  0  0
    4.5000    8.0597    5.5681 H   0  0  0  0  0  0  0  0  0  0  0  0
    5.6714    9.3335    5.2263 H   0  0  0  0  0  0  0  0  0  0  0  0
    6.8968    6.0377    7.8028 H   0  0  0  0  0  0  0  0  0  0  0  0
    5.1076    4.5000    6.9991 H   0  0  0  0  0  0  0  0  0  0  0  0
    4.5015    5.7649    5.7972 H   0  0  0  0  0  0  0  0  0  0  0  0
  1 10  1  0  0  0  0
  2  1  1  0  0  0  0
  2  3  1  0  0  0  0
  2 12  1  0  0  0  0
  3  5  1  0  0  0  0
  3 13  1  1  0  0  0
  4 15  1  0  0  0  0
  4  3  1  0  0  0  0
  5 17  1  1  0  0  0
  6  5  1  0  0  0  0
  6 18  1  0  0  0  0
  7  6  1  0  0  0  0
  7  5  1  0  0  0  0
  8  1  1  0  0  0  0
  9  1  1  0  0  0  0
 11  2  1  0  0  0  0
 14  4  1  0  0  0  0
 16  4  1  0  0  0  0
 19  6  1  0  0  0  0
M  END
