Lattice="12.95602825 0.0 0.0 0.0 12.90496878 0.0 0.0 0.0 13.9614475" Properties=species:S:1:pos:R:3:GW_charged:R:1:dKS_charged:R:1:dKS_neutral:R:1 pbc="T T T"
 OpenBabel12102411053D
Lattice="12.95602825 0.0 0.0 0.0 12.90496878 0.0 0.0 0.0 13.9614475" Properties=species:S:1:pos:R:3:GW_charged:R:1:dKS_charged:R:1:dKS_neutral:R:1 pbc="T T T"
 21 23  0  0  1  0  0  0  0  0999 V2000
    5.4082    7.5567    7.6225 C   0  0  0  0  0  0  0  0  0  0  0  0
    6.9600    7.4544    7.5721 C   0  0  1  0  0  0  0  0  0  0  0  0
    6.7478    6.1600    8.4228 C   0  0  0  0  0  0  0  0  0  0  0  0
    5.4408    6.0016    7.5795 C   0  0  2  0  0  0  0  0  0  0  0  0
    5.7930    5.4850    6.1092 C   0  0  2  0  0  0  0  0  0  0  0  0
    7.3294    5.5390    5.9500 C   0  0  0  0  0  0  0  0  0  0  0  0
    7.4529    7.0722    6.1011 C   0  0  1  0  0  0  0  0  0  0  0  0
    6.4051    7.4727    5.0628 C   0  0  0  0  0  0  0  0  0  0  0  0
    5.4344    6.5445    5.0676 C   0  0  0  0  0  0  0  0  0  0  0  0
    5.0771    7.9080    8.6087 H   0  0  0  0  0  0  0  0  0  0  0  0
    4.8765    8.1087    6.8428 H   0  0  0  0  0  0  0  0  0  0  0  0
    7.5542    8.2777    7.9887 H   0  0  0  0  0  0  0  0  0  0  0  0
    7.5045    5.3687    8.4393 H   0  0  0  0  0  0  0  0  0  0  0  0
    6.5043    6.4200    9.4614 H   0  0  0  0  0  0  0  0  0  0  0  0
    4.5939    5.4469    8.0032 H   0  0  0  0  0  0  0  0  0  0  0  0
    5.3440    4.5000    5.9326 H   0  0  0  0  0  0  0  0  0  0  0  0
    7.8983    4.9478    6.6729 H   0  0  0  0  0  0  0  0  0  0  0  0
    7.6258    5.2239    4.9415 H   0  0  0  0  0  0  0  0  0  0  0  0
    8.4560    7.4759    5.9174 H   0  0  0  0  0  0  0  0  0  0  0  0
    6.4099    8.4050    4.5000 H   0  0  0  0  0  0  0  0  0  0  0  0
    4.5000    6.5787    4.5094 H   0  0  0  0  0  0  0  0  0  0  0  0
  1 10  1  0  0  0  0
  2  1  1  0  0  0  0
  2 12  1  1  0  0  0
  2  3  1  0  0  0  0
  3 13  1  0  0  0  0
  3 14  1  0  0  0  0
  4  1  1  0  0  0  0
  4 15  1  1  0  0  0
  4  3  1  0  0  0  0
  5 16  1  6  0  0  0
  5  4  1  0  0  0  0
  6  7  1  0  0  0  0
  6  5  1  0  0  0  0
  6 17  1  0  0  0  0
  7 19  1  6  0  0  0
  7  2  1  0  0  0  0
  8  9  2  0  0  0  0
  8  7  1  0  0  0  0
  9  5  1  0  0  0  0
 11  1  1  0  0  0  0
 18  6  1  0  0  0  0
 20  8  1  0  0  0  0
 21  9  1  0  0  0  0
M  END
