Lattice="13.54538863 0.0 0.0 0.0 14.20878008 0.0 0.0 0.0 13.13631988" Properties=species:S:1:pos:R:3:GW_charged:R:1:dKS_charged:R:1:dKS_neutral:R:1 pbc="T T T"
 OpenBabel12102411053D
Lattice="13.54538863 0.0 0.0 0.0 14.20878008 0.0 0.0 0.0 13.13631988" Properties=species:S:1:pos:R:3:GW_charged:R:1:dKS_charged:R:1:dKS_neutral:R:1 pbc="T T T"
 21 24  0  0  1  0  0  0  0  0999 V2000
    6.0504    9.1099    6.5557 C   0  0  0  0  0  0  0  0  0  0  0  0
    7.6012    8.9094    6.4313 C   0  0  1  0  0  0  0  0  0  0  0  0
    7.9763    8.2434    7.7623 C   0  0  0  0  0  0  0  0  0  0  0  0
    7.0954    7.0089    7.5473 C   0  0  2  0  0  0  0  0  0  0  0  0
    7.6284    6.2707    6.2966 C   0  0  1  0  0  0  0  0  0  0  0  0
    6.4154    5.3882    5.8841 C   0  0  0  0  0  0  0  0  0  0  0  0
    5.2070    6.3840    6.0800 C   0  0  0  0  0  0  0  0  0  0  0  0
    6.0380    7.5781    6.4960 C   0  0  1  0  0  0  0  0  0  0  0  0
    7.3137    7.6026    5.5890 C   0  0  1  0  0  0  0  0  0  0  0  0
    5.6609    9.6300    7.4436 H   0  0  0  0  0  0  0  0  0  0  0  0
    5.6220    9.5514    5.6453 H   0  0  0  0  0  0  0  0  0  0  0  0
    8.2430    9.7088    6.0461 H   0  0  0  0  0  0  0  0  0  0  0  0
    9.0454    8.0003    7.8458 H   0  0  0  0  0  0  0  0  0  0  0  0
    7.6850    8.8430    8.6363 H   0  0  0  0  0  0  0  0  0  0  0  0
    6.7546    6.4409    8.4227 H   0  0  0  0  0  0  0  0  0  0  0  0
    8.6117    5.7791    6.2839 H   0  0  0  0  0  0  0  0  0  0  0  0
    6.4935    5.0406    4.8445 H   0  0  0  0  0  0  0  0  0  0  0  0
    6.3310    4.5000    6.5256 H   0  0  0  0  0  0  0  0  0  0  0  0
    4.6472    6.5522    5.1502 H   0  0  0  0  0  0  0  0  0  0  0  0
    4.5000    6.0371    6.8467 H   0  0  0  0  0  0  0  0  0  0  0  0
    7.2181    7.6962    4.5000 H   0  0  0  0  0  0  0  0  0  0  0  0
  1 10  1  0  0  0  0
  2 12  1  6  0  0  0
  2  1  1  0  0  0  0
  2  3  1  0  0  0  0
  3 13  1  0  0  0  0
  3 14  1  0  0  0  0
  4  3  1  0  0  0  0
  4 15  1  1  0  0  0
  5 16  1  6  0  0  0
  5  4  1  0  0  0  0
  6  7  1  0  0  0  0
  6  5  1  0  0  0  0
  6 18  1  0  0  0  0
  7 20  1  0  0  0  0
  8  7  1  6  0  0  0
  8  1  1  0  0  0  0
  8  4  1  0  0  0  0
  9 21  1  6  0  0  0
  9  5  1  0  0  0  0
  9  2  1  0  0  0  0
  9  8  1  0  0  0  0
 11  1  1  0  0  0  0
 17  6  1  0  0  0  0
 19  7  1  0  0  0  0
M  END
