Lattice="13.78210807 0.0 0.0 0.0 13.7872126 0.0 0.0 0.0 14.0158958" Properties=species:S:1:pos:R:3:GW_charged:R:1:dKS_charged:R:1:dKS_neutral:R:1 pbc="T T T"
 OpenBabel12102411053D
Lattice="13.78210807 0.0 0.0 0.0 13.7872126 0.0 0.0 0.0 14.0158958" Properties=species:S:1:pos:R:3:GW_charged:R:1:dKS_charged:R:1:dKS_neutral:R:1 pbc="T T T"
 21 22  0  0  1  0  0  0  0  0999 V2000
    5.9593    7.8466    5.4303 C   0  0  0  0  0  0  0  0  0  0  0  0
    7.4984    7.7770    5.4527 C   0  0  1  0  0  0  0  0  0  0  0  0
    8.2069    8.2638    6.7158 C   0  0  0  0  0  0  0  0  0  0  0  0
    8.0738    7.4024    7.9845 C   0  0  0  0  0  0  0  0  0  0  0  0
    6.6910    6.9015    8.4311 C   0  0  0  0  0  0  0  0  0  0  0  0
    6.3493    5.6314    7.8702 O   0  0  0  0  0  0  0  0  0  0  0  0
    5.5275    5.5749    6.7205 C   0  0  0  0  0  0  0  0  0  0  0  0
    6.0129    6.3079    5.4621 C   0  0  2  0  0  0  0  0  0  0  0  0
    7.4616    6.3188    5.3100 O   0  0  0  0  0  0  0  0  0  0  0  0
    5.4746    8.3459    6.2769 H   0  0  0  0  0  0  0  0  0  0  0  0
    5.5477    8.2533    4.5000 H   0  0  0  0  0  0  0  0  0  0  0  0
    7.9779    8.2275    4.5686 H   0  0  0  0  0  0  0  0  0  0  0  0
    9.2821    8.3678    6.5021 H   0  0  0  0  0  0  0  0  0  0  0  0
    7.8406    9.2872    6.9085 H   0  0  0  0  0  0  0  0  0  0  0  0
    8.6988    6.5039    7.8802 H   0  0  0  0  0  0  0  0  0  0  0  0
    8.5053    7.9815    8.8165 H   0  0  0  0  0  0  0  0  0  0  0  0
    6.7284    6.7212    9.5159 H   0  0  0  0  0  0  0  0  0  0  0  0
    5.8923    7.6447    8.2598 H   0  0  0  0  0  0  0  0  0  0  0  0
    5.4551    4.5000    6.5026 H   0  0  0  0  0  0  0  0  0  0  0  0
    4.5000    5.9386    6.9379 H   0  0  0  0  0  0  0  0  0  0  0  0
    5.5273    5.8253    4.5958 H   0  0  0  0  0  0  0  0  0  0  0  0
  1  2  1  0  0  0  0
  1  8  1  0  0  0  0
  1 10  1  0  0  0  0
  2 12  1  6  0  0  0
  2  3  1  0  0  0  0
  3 14  1  0  0  0  0
  3  4  1  0  0  0  0
  4  5  1  0  0  0  0
  4 16  1  0  0  0  0
  5 17  1  0  0  0  0
  6  5  1  0  0  0  0
  7 20  1  0  0  0  0
  7  6  1  0  0  0  0
  8 21  1  6  0  0  0
  8  7  1  0  0  0  0
  9  2  1  0  0  0  0
  9  8  1  0  0  0  0
 11  1  1  0  0  0  0
 13  3  1  0  0  0  0
 15  4  1  0  0  0  0
 18  5  1  0  0  0  0
 19  7  1  0  0  0  0
M  END
