Lattice="14.77520395 0.0 0.0 0.0 14.77479004 0.0 0.0 0.0 11.908290560000001" Properties=species:S:1:pos:R:3:GW_charged:R:1:dKS_charged:R:1:dKS_neutral:R:1 pbc="T T T"
 OpenBabel12102411073D
Lattice="14.77520395 0.0 0.0 0.0 14.77479004 0.0 0.0 0.0 11.908290560000001" Properties=species:S:1:pos:R:3:GW_charged:R:1:dKS_charged:R:1:dKS_neutral:R:1 pbc="T T T"
 23 24  0  0  1  0  0  0  0  0999 V2000
    5.0693    8.8902    5.7654 C   0  0  0  0  0  0  0  0  0  0  0  0
    6.5334    9.4024    5.7406 C   0  0  0  0  0  0  0  0  0  0  0  0
    7.3160    8.1676    6.1960 C   0  0  2  0  0  0  0  0  0  0  0  0
    8.7814    7.9805    5.8207 C   0  0  0  0  0  0  0  0  0  0  0  0
    9.2429    6.5922    6.3053 C   0  0  0  0  0  0  0  0  0  0  0  0
    8.3263    5.4521    5.8238 C   0  0  0  0  0  0  0  0  0  0  0  0
    6.8376    5.6916    6.1485 C   0  0  0  0  0  0  0  0  0  0  0  0
    6.4554    7.0535    5.6044 C   0  0  1  0  0  0  0  0  0  0  0  0
    5.1150    7.4504    5.8970 O   0  0  0  0  0  0  0  0  0  0  0  0
    4.5000    9.2785    6.6222 H   0  0  0  0  0  0  0  0  0  0  0  0
    4.5286    9.1602    4.8431 H   0  0  0  0  0  0  0  0  0  0  0  0
    6.8300    9.6906    4.7211 H   0  0  0  0  0  0  0  0  0  0  0  0
    6.6811   10.2748    6.3895 H   0  0  0  0  0  0  0  0  0  0  0  0
    7.2245    8.0836    7.2945 H   0  0  0  0  0  0  0  0  0  0  0  0
    8.8981    8.0571    4.7258 H   0  0  0  0  0  0  0  0  0  0  0  0
    9.4122    8.7682    6.2597 H   0  0  0  0  0  0  0  0  0  0  0  0
   10.2752    6.3994    5.9775 H   0  0  0  0  0  0  0  0  0  0  0  0
    9.2655    6.5938    7.4083 H   0  0  0  0  0  0  0  0  0  0  0  0
    8.4379    5.3378    4.7322 H   0  0  0  0  0  0  0  0  0  0  0  0
    8.6554    4.5000    6.2647 H   0  0  0  0  0  0  0  0  0  0  0  0
    6.2132    4.8993    5.7110 H   0  0  0  0  0  0  0  0  0  0  0  0
    6.6693    5.6767    7.2375 H   0  0  0  0  0  0  0  0  0  0  0  0
    6.6027    7.0435    4.5000 H   0  0  0  0  0  0  0  0  0  0  0  0
  1  9  1  0  0  0  0
  1 10  1  0  0  0  0
  2  1  1  0  0  0  0
  2  3  1  0  0  0  0
  2 13  1  0  0  0  0
  3 14  1  1  0  0  0
  4  3  1  0  0  0  0
  4 16  1  0  0  0  0
  4  5  1  0  0  0  0
  5 18  1  0  0  0  0
  6  7  1  0  0  0  0
  6 20  1  0  0  0  0
  6  5  1  0  0  0  0
  7 22  1  0  0  0  0
  8 23  1  6  0  0  0
  8  9  1  0  0  0  0
  8  7  1  0  0  0  0
  8  3  1  0  0  0  0
 11  1  1  0  0  0  0
 12  2  1  0  0  0  0
 15  4  1  0  0  0  0
 17  5  1  0  0  0  0
 19  6  1  0  0  0  0
 21  7  1  0  0  0  0
M  END
