Lattice="12.96621646 0.0 0.0 0.0 15.14736997 0.0 0.0 0.0 12.20424486" Properties=species:S:1:pos:R:3:GW_charged:R:1:dKS_charged:R:1:dKS_neutral:R:1 pbc="T T T"
 OpenBabel12102409273D
Lattice="12.96621646 0.0 0.0 0.0 15.14736997 0.0 0.0 0.0 12.20424486" Properties=species:S:1:pos:R:3:GW_charged:R:1:dKS_charged:R:1:dKS_neutral:R:1 pbc="T T T"
 19 19  0  0  1  0  0  0  0  0999 V2000
    7.4763   10.0412    6.1776 C   0  0  0  0  0  0  0  0  0  0  0  0
    7.5374    8.5942    6.6757 C   0  0  0  0  0  0  0  0  0  0  0  0
    6.1836    7.9194    6.6437 C   0  0  1  0  0  0  0  0  0  0  0  0
    5.6353    7.2911    5.3693 C   0  0  0  0  0  0  0  0  0  0  0  0
    5.9811    6.4330    6.5679 C   0  0  1  0  0  0  0  0  0  0  0  0
    7.1311    5.4549    6.5205 C   0  0  0  0  0  0  0  0  0  0  0  0
    4.8952    5.9894    7.3694 O   0  0  0  0  0  0  0  0  0  0  0  0
    8.4662   10.5167    6.1994 H   0  0  0  0  0  0  0  0  0  0  0  0
    7.1027   10.0849    5.1447 H   0  0  0  0  0  0  0  0  0  0  0  0
    6.8009   10.6474    6.7981 H   0  0  0  0  0  0  0  0  0  0  0  0
    8.2562    8.0300    6.0615 H   0  0  0  0  0  0  0  0  0  0  0  0
    7.9330    8.5699    7.7042 H   0  0  0  0  0  0  0  0  0  0  0  0
    5.4228    8.4102    7.2558 H   0  0  0  0  0  0  0  0  0  0  0  0
    4.5805    7.4364    5.1412 H   0  0  0  0  0  0  0  0  0  0  0  0
    6.2936    7.2474    4.5000 H   0  0  0  0  0  0  0  0  0  0  0  0
    7.9651    5.8260    5.9118 H   0  0  0  0  0  0  0  0  0  0  0  0
    7.5044    5.2525    7.5340 H   0  0  0  0  0  0  0  0  0  0  0  0
    6.8051    4.5000    6.0797 H   0  0  0  0  0  0  0  0  0  0  0  0
    4.5000    5.2184    6.9301 H   0  0  0  0  0  0  0  0  0  0  0  0
  1  8  1  0  0  0  0
  1  2  1  0  0  0  0
  1 10  1  0  0  0  0
  2 12  1  0  0  0  0
  3  2  1  0  0  0  0
  3 13  1  1  0  0  0
  4  5  1  0  0  0  0
  4  3  1  0  0  0  0
  5  3  1  0  0  0  0
  5  7  1  1  0  0  0
  6  5  1  0  0  0  0
  6 17  1  0  0  0  0
  9  1  1  0  0  0  0
 11  2  1  0  0  0  0
 14  4  1  0  0  0  0
 15  4  1  0  0  0  0
 16  6  1  0  0  0  0
 18  6  1  0  0  0  0
 19  7  1  0  0  0  0
M  END
