Lattice="13.87583672 0.0 0.0 0.0 12.82299584 0.0 0.0 0.0 14.6658039" Properties=species:S:1:pos:R:3:GW_charged:R:1:dKS_charged:R:1:dKS_neutral:R:1 pbc="T T T"
 OpenBabel12102410123D
Lattice="13.87583672 0.0 0.0 0.0 12.82299584 0.0 0.0 0.0 14.6658039" Properties=species:S:1:pos:R:3:GW_charged:R:1:dKS_charged:R:1:dKS_neutral:R:1 pbc="T T T"
 21 24  0  0  1  0  0  0  0  0999 V2000
    6.6748    7.7910    9.1953 C   0  0  0  0  0  0  0  0  0  0  0  0
    8.0019    7.0934    9.3002 C   0  0  1  0  0  0  0  0  0  0  0  0
    6.6832    6.2944    9.3242 C   0  0  2  0  0  0  0  0  0  0  0  0
    7.0799    5.5956    8.0008 C   0  0  2  0  0  0  0  0  0  0  0  0
    8.4185    6.3931    7.9864 C   0  0  1  0  0  0  0  0  0  0  0  0
    8.0393    7.0357    6.6168 C   0  0  0  0  0  0  0  0  0  0  0  0
    6.7081    6.2527    6.6584 C   0  0  0  0  0  0  0  0  0  0  0  0
    6.0387    5.5701    5.4987 C   0  0  0  0  0  0  0  0  0  0  0  0
    5.3485    6.7099    6.2111 C   0  0  0  0  0  0  0  0  0  0  0  0
    6.3749    8.3230   10.0980 H   0  0  0  0  0  0  0  0  0  0  0  0
    6.3511    8.2735    8.2722 H   0  0  0  0  0  0  0  0  0  0  0  0
    8.6830    7.3082   10.1227 H   0  0  0  0  0  0  0  0  0  0  0  0
    6.2040    5.7959   10.1658 H   0  0  0  0  0  0  0  0  0  0  0  0
    7.0792    4.5000    8.0408 H   0  0  0  0  0  0  0  0  0  0  0  0
    9.3758    5.8648    8.0440 H   0  0  0  0  0  0  0  0  0  0  0  0
    7.9576    8.1324    6.6071 H   0  0  0  0  0  0  0  0  0  0  0  0
    8.7019    6.7289    5.7957 H   0  0  0  0  0  0  0  0  0  0  0  0
    6.4353    5.7555    4.5000 H   0  0  0  0  0  0  0  0  0  0  0  0
    5.6584    4.5596    5.6516 H   0  0  0  0  0  0  0  0  0  0  0  0
    4.5000    6.4813    6.8562 H   0  0  0  0  0  0  0  0  0  0  0  0
    5.2766    7.6676    5.6947 H   0  0  0  0  0  0  0  0  0  0  0  0
  1  2  1  0  0  0  0
  1  3  1  0  0  0  0
  1 10  1  0  0  0  0
  2  3  1  0  0  0  0
  2 12  1  1  0  0  0
  3 13  1  1  0  0  0
  4 14  1  1  0  0  0
  4  3  1  0  0  0  0
  5  4  1  0  0  0  0
  5 15  1  1  0  0  0
  5  2  1  0  0  0  0
  6  7  1  0  0  0  0
  6  5  1  0  0  0  0
  7  4  1  0  0  0  0
  8 19  1  0  0  0  0
  8  9  1  0  0  0  0
  8  7  1  0  0  0  0
  9  7  1  0  0  0  0
  9 20  1  0  0  0  0
 11  1  1  0  0  0  0
 16  6  1  0  0  0  0
 17  6  1  0  0  0  0
 18  8  1  0  0  0  0
 21  9  1  0  0  0  0
M  END
