Lattice="13.982120649999999 0.0 0.0 0.0 12.942148719999999 0.0 0.0 0.0 13.05172119" Properties=species:S:1:pos:R:3:GW_charged:R:1:dKS_charged:R:1:dKS_neutral:R:1 pbc="T T T"
 OpenBabel12102409263D
Lattice="13.982120649999999 0.0 0.0 0.0 12.942148719999999 0.0 0.0 0.0 13.05172119" Properties=species:S:1:pos:R:3:GW_charged:R:1:dKS_charged:R:1:dKS_neutral:R:1 pbc="T T T"
 17 17  0  0  0  0  0  0  0  0999 V2000
    6.4306    7.9389    6.5714 C   0  0  0  0  0  0  0  0  0  0  0  0
    6.5607    6.4165    6.4482 C   0  0  0  0  0  0  0  0  0  0  0  0
    5.2161    5.7159    6.6347 C   0  0  0  0  0  0  0  0  0  0  0  0
    7.4263    5.9478    5.2247 C   0  0  0  0  0  0  0  0  0  0  0  0
    8.5977    5.5416    6.1668 C   0  0  0  0  0  0  0  0  0  0  0  0
    7.6903    5.8687    7.3581 C   0  0  0  0  0  0  0  0  0  0  0  0
    7.7873    5.7207    8.5517 O   0  0  0  0  0  0  0  0  0  0  0  0
    7.4005    8.4421    6.4519 H   0  0  0  0  0  0  0  0  0  0  0  0
    5.7512    8.3266    5.7982 H   0  0  0  0  0  0  0  0  0  0  0  0
    6.0272    8.2147    7.5552 H   0  0  0  0  0  0  0  0  0  0  0  0
    4.5000    6.0463    5.8681 H   0  0  0  0  0  0  0  0  0  0  0  0
    5.3152    4.6242    6.5588 H   0  0  0  0  0  0  0  0  0  0  0  0
    4.7927    5.9464    7.6218 H   0  0  0  0  0  0  0  0  0  0  0  0
    6.9859    5.0987    4.6883 H   0  0  0  0  0  0  0  0  0  0  0  0
    7.6607    6.7362    4.5000 H   0  0  0  0  0  0  0  0  0  0  0  0
    8.9434    4.5000    6.1261 H   0  0  0  0  0  0  0  0  0  0  0  0
    9.4821    6.1932    6.1200 H   0  0  0  0  0  0  0  0  0  0  0  0
  1 10  1  0  0  0  0
  2  1  1  0  0  0  0
  2  3  1  0  0  0  0
  2  6  1  0  0  0  0
  3 13  1  0  0  0  0
  4  5  1  0  0  0  0
  4  2  1  0  0  0  0
  5  6  1  0  0  0  0
  6  7  2  0  0  0  0
  8  1  1  0  0  0  0
  9  1  1  0  0  0  0
 11  3  1  0  0  0  0
 12  3  1  0  0  0  0
 14  4  1  0  0  0  0
 15  4  1  0  0  0  0
 16  5  1  0  0  0  0
 17  5  1  0  0  0  0
M  END
