Lattice="11.66550157 0.0 0.0 0.0 15.08224263 0.0 0.0 0.0 13.10269915" Properties=species:S:1:pos:R:3:GW_charged:R:1:dKS_charged:R:1:dKS_neutral:R:1 pbc="T T T"
 OpenBabel12102409273D
Lattice="11.66550157 0.0 0.0 0.0 15.08224263 0.0 0.0 0.0 13.10269915" Properties=species:S:1:pos:R:3:GW_charged:R:1:dKS_charged:R:1:dKS_neutral:R:1 pbc="T T T"
 15 14  0  0  0  0  0  0  0  0999 V2000
    5.2511   10.0425    7.4864 C   0  0  0  0  0  0  0  0  0  0  0  0
    5.5528    8.5724    7.7793 C   0  0  0  0  0  0  0  0  0  0  0  0
    6.0951    7.8316    6.5607 C   0  0  0  0  0  0  0  0  0  0  0  0
    6.4092    6.3789    6.7948 C   0  0  0  0  0  0  0  0  0  0  0  0
    6.2633    5.7862    7.8505 O   0  0  0  0  0  0  0  0  0  0  0  0
    6.9620    5.5665    5.6037 C   0  0  0  0  0  0  0  0  0  0  0  0
    7.1572    6.0233    4.5000 O   0  0  0  0  0  0  0  0  0  0  0  0
    6.1528   10.5822    7.1625 H   0  0  0  0  0  0  0  0  0  0  0  0
    4.5000   10.1490    6.6902 H   0  0  0  0  0  0  0  0  0  0  0  0
    4.8627   10.5524    8.3778 H   0  0  0  0  0  0  0  0  0  0  0  0
    6.2779    8.4912    8.6027 H   0  0  0  0  0  0  0  0  0  0  0  0
    4.6452    8.0632    8.1362 H   0  0  0  0  0  0  0  0  0  0  0  0
    5.3965    7.8812    5.7058 H   0  0  0  0  0  0  0  0  0  0  0  0
    7.0131    8.3051    6.1676 H   0  0  0  0  0  0  0  0  0  0  0  0
    7.1655    4.5000    5.8708 H   0  0  0  0  0  0  0  0  0  0  0  0
  1  2  1  0  0  0  0
  1 10  1  0  0  0  0
  2 12  1  0  0  0  0
  2 11  1  0  0  0  0
  3  4  1  0  0  0  0
  3  2  1  0  0  0  0
  4  5  2  0  0  0  0
  6 15  1  0  0  0  0
  6  4  1  0  0  0  0
  7  6  2  0  0  0  0
  8  1  1  0  0  0  0
  9  1  1  0  0  0  0
 13  3  1  0  0  0  0
 14  3  1  0  0  0  0
M  END
