Lattice="13.31995285 0.0 0.0 0.0 16.64037343 0.0 0.0 0.0 12.73397808" Properties=species:S:1:pos:R:3:GW_charged:R:1:dKS_charged:R:1:dKS_neutral:R:1 pbc="T T T"
 OpenBabel12102409453D
Lattice="13.31995285 0.0 0.0 0.0 16.64037343 0.0 0.0 0.0 12.73397808" Properties=species:S:1:pos:R:3:GW_charged:R:1:dKS_charged:R:1:dKS_neutral:R:1 pbc="T T T"
 19 20  0  0  1  0  0  0  0  0999 V2000
    6.6788    5.5676    6.5872 C   0  0  0  0  0  0  0  0  0  0  0  0
    6.6257    6.7810    6.5341 C   0  0  0  0  0  0  0  0  0  0  0  0
    6.6329    8.1977    6.4668 C   0  0  0  0  0  0  0  0  0  0  0  0
    5.4879    8.9197    6.5501 C   0  0  0  0  0  0  0  0  0  0  0  0
    5.4585   10.3910    6.5075 C   0  0  1  0  0  0  0  0  0  0  0  0
    6.3181   11.1974    7.4851 C   0  0  0  0  0  0  0  0  0  0  0  0
    6.7205   11.1019    6.0441 C   0  0  1  0  0  0  0  0  0  0  0  0
    7.8677   10.2312    5.5734 C   0  0  0  0  0  0  0  0  0  0  0  0
    7.9767    8.8882    6.3153 C   0  0  0  0  0  0  0  0  0  0  0  0
    6.7059    4.5000    6.6356 H   0  0  0  0  0  0  0  0  0  0  0  0
    4.5377    8.3940    6.6525 H   0  0  0  0  0  0  0  0  0  0  0  0
    4.5000   10.8364    6.2429 H   0  0  0  0  0  0  0  0  0  0  0  0
    5.9087   12.1404    7.8447 H   0  0  0  0  0  0  0  0  0  0  0  0
    6.8721   10.6331    8.2340 H   0  0  0  0  0  0  0  0  0  0  0  0
    6.5558   11.9987    5.4446 H   0  0  0  0  0  0  0  0  0  0  0  0
    7.7215   10.0304    4.5000 H   0  0  0  0  0  0  0  0  0  0  0  0
    8.8200   10.7750    5.6645 H   0  0  0  0  0  0  0  0  0  0  0  0
    8.4198    9.0382    7.3135 H   0  0  0  0  0  0  0  0  0  0  0  0
    8.6696    8.2230    5.7829 H   0  0  0  0  0  0  0  0  0  0  0  0
  1 10  1  0  0  0  0
  2  1  3  0  0  0  0
  3  2  1  0  0  0  0
  3  4  2  0  0  0  0
  4 11  1  0  0  0  0
  5 12  1  6  0  0  0
  5  4  1  0  0  0  0
  5  6  1  0  0  0  0
  6 13  1  0  0  0  0
  6 14  1  0  0  0  0
  7 15  1  6  0  0  0
  7  5  1  0  0  0  0
  7  6  1  0  0  0  0
  8 17  1  0  0  0  0
  8  7  1  0  0  0  0
  8  9  1  0  0  0  0
  9  3  1  0  0  0  0
  9 18  1  0  0  0  0
 16  8  1  0  0  0  0
 19  9  1  0  0  0  0
M  END
