Lattice="12.53208378 0.0 0.0 0.0 12.796795209999999 0.0 0.0 0.0 14.49627446" Properties=species:S:1:pos:R:3:GW_charged:R:1:dKS_charged:R:1:dKS_neutral:R:1 pbc="T T T"
 OpenBabel12102410123D
Lattice="12.53208378 0.0 0.0 0.0 12.796795209999999 0.0 0.0 0.0 14.49627446" Properties=species:S:1:pos:R:3:GW_charged:R:1:dKS_charged:R:1:dKS_neutral:R:1 pbc="T T T"
 21 23  0  0  1  0  0  0  0  0999 V2000
    4.9637    7.7677    7.9923 C   0  0  0  0  0  0  0  0  0  0  0  0
    6.3160    7.1089    7.8078 C   0  0  1  0  0  0  0  0  0  0  0  0
    6.7284    6.4513    9.1370 C   0  0  0  0  0  0  0  0  0  0  0  0
    5.4426    5.5525    9.0939 C   0  0  0  0  0  0  0  0  0  0  0  0
    5.0376    6.2769    7.8103 C   0  0  1  0  0  0  0  0  0  0  0  0
    4.5000    5.6829    6.6678 O   0  0  0  0  0  0  0  0  0  0  0  0
    5.5284    5.4443    5.6839 C   0  0  0  0  0  0  0  0  0  0  0  0
    6.3230    6.7090    5.3423 C   0  0  0  0  0  0  0  0  0  0  0  0
    7.1414    7.2218    6.5513 C   0  0  0  0  0  0  0  0  0  0  0  0
    4.6995    8.2090    8.9571 H   0  0  0  0  0  0  0  0  0  0  0  0
    4.5686    8.2968    7.1263 H   0  0  0  0  0  0  0  0  0  0  0  0
    7.6507    5.8616    9.0538 H   0  0  0  0  0  0  0  0  0  0  0  0
    6.8237    7.1314    9.9963 H   0  0  0  0  0  0  0  0  0  0  0  0
    5.6932    4.5000    8.9115 H   0  0  0  0  0  0  0  0  0  0  0  0
    4.7403    5.6089    9.9385 H   0  0  0  0  0  0  0  0  0  0  0  0
    6.2117    4.6497    6.0428 H   0  0  0  0  0  0  0  0  0  0  0  0
    4.9974    5.0621    4.8031 H   0  0  0  0  0  0  0  0  0  0  0  0
    6.9964    6.4912    4.5000 H   0  0  0  0  0  0  0  0  0  0  0  0
    5.6196    7.4797    4.9899 H   0  0  0  0  0  0  0  0  0  0  0  0
    7.5103    8.2430    6.3684 H   0  0  0  0  0  0  0  0  0  0  0  0
    8.0321    6.5826    6.6675 H   0  0  0  0  0  0  0  0  0  0  0  0
  1 10  1  0  0  0  0
  2  9  1  6  0  0  0
  2  5  1  0  0  0  0
  2  1  1  0  0  0  0
  2  3  1  0  0  0  0
  3 13  1  0  0  0  0
  4  3  1  0  0  0  0
  4 15  1  0  0  0  0
  5  6  1  6  0  0  0
  5  1  1  0  0  0  0
  5  4  1  0  0  0  0
  7 16  1  0  0  0  0
  7  6  1  0  0  0  0
  8  7  1  0  0  0  0
  8  9  1  0  0  0  0
  9 21  1  0  0  0  0
 11  1  1  0  0  0  0
 12  3  1  0  0  0  0
 14  4  1  0  0  0  0
 17  7  1  0  0  0  0
 18  8  1  0  0  0  0
 19  8  1  0  0  0  0
 20  9  1  0  0  0  0
M  END
