Lattice="12.27704943 0.0 0.0 0.0 14.15241273 0.0 0.0 0.0 16.09416815" Properties=species:S:1:pos:R:3:GW_charged:R:1:dKS_charged:R:1:dKS_neutral:R:1 pbc="T T T"
 OpenBabel12102409443D
Lattice="12.27704943 0.0 0.0 0.0 14.15241273 0.0 0.0 0.0 16.09416815" Properties=species:S:1:pos:R:3:GW_charged:R:1:dKS_charged:R:1:dKS_neutral:R:1 pbc="T T T"
 19 19  0  0  0  0  0  0  0  0999 V2000
    5.3802    9.1700    9.5737 C   0  0  0  0  0  0  0  0  0  0  0  0
    5.4944    7.6838    9.4508 C   0  0  0  0  0  0  0  0  0  0  0  0
    5.5644    6.9426    8.2983 C   0  0  0  0  0  0  0  0  0  0  0  0
    5.5854    7.2909    6.8528 C   0  0  0  0  0  0  0  0  0  0  0  0
    6.9998    7.3304    6.2707 C   0  0  0  0  0  0  0  0  0  0  0  0
    6.8894    7.6802    4.8871 O   0  0  0  0  0  0  0  0  0  0  0  0
    5.6713    5.6025    8.6062 O   0  0  0  0  0  0  0  0  0  0  0  0
    5.6621    5.5038    9.9682 C   0  0  0  0  0  0  0  0  0  0  0  0
    5.5555    6.7383   10.5324 C   0  0  0  0  0  0  0  0  0  0  0  0
    6.2606    9.6004   10.0734 H   0  0  0  0  0  0  0  0  0  0  0  0
    5.2905    9.6524    8.5923 H   0  0  0  0  0  0  0  0  0  0  0  0
    4.5000    9.4560   10.1676 H   0  0  0  0  0  0  0  0  0  0  0  0
    4.9871    6.5651    6.2819 H   0  0  0  0  0  0  0  0  0  0  0  0
    5.1179    8.2749    6.7064 H   0  0  0  0  0  0  0  0  0  0  0  0
    7.6031    8.0734    6.8232 H   0  0  0  0  0  0  0  0  0  0  0  0
    7.4793    6.3437    6.3953 H   0  0  0  0  0  0  0  0  0  0  0  0
    7.7770    7.6731    4.5000 H   0  0  0  0  0  0  0  0  0  0  0  0
    5.7312    4.5000   10.3692 H   0  0  0  0  0  0  0  0  0  0  0  0
    5.5198    6.9596   11.5942 H   0  0  0  0  0  0  0  0  0  0  0  0
  1 10  1  0  0  0  0
  1 12  1  0  0  0  0
  2  1  1  0  0  0  0
  2  9  1  0  0  0  0
  3  7  1  0  0  0  0
  3  2  2  0  0  0  0
  4  3  1  0  0  0  0
  5 16  1  0  0  0  0
  5 15  1  0  0  0  0
  5  4  1  0  0  0  0
  6  5  1  0  0  0  0
  7  8  1  0  0  0  0
  8 18  1  0  0  0  0
  8  9  2  0  0  0  0
  9 19  1  0  0  0  0
 11  1  1  0  0  0  0
 13  4  1  0  0  0  0
 14  4  1  0  0  0  0
 17  6  1  0  0  0  0
M  END
