Lattice="14.30675656 0.0 0.0 0.0 12.583268480000001 0.0 0.0 0.0 12.07591502" Properties=species:S:1:pos:R:3:GW_charged:R:1:dKS_charged:R:1:dKS_neutral:R:1 pbc="T T T"
 OpenBabel11192412253D
Lattice="14.30675656 0.0 0.0 0.0 12.583268480000001 0.0 0.0 0.0 12.07591502" Properties=species:S:1:pos:R:3:GW_charged:R:1:dKS_charged:R:1:dKS_neutral:R:1 pbc="T T T"
 13 12  0  0  0  0  0  0  0  0999 V2000
    7.9935    7.6767    5.3845 C   0  0  0  0  0  0  0  0  0  0  0  0
    7.9973    6.1361    5.4227 C   0  0  0  0  0  0  0  0  0  0  0  0
    8.7706    5.5968    6.6417 C   0  0  0  0  0  0  0  0  0  0  0  0
    6.6338    5.6091    5.3935 C   0  0  0  0  0  0  0  0  0  0  0  0
    5.4997    5.1840    5.3912 C   0  0  0  0  0  0  0  0  0  0  0  0
    9.0231    8.0591    5.3589 H   0  0  0  0  0  0  0  0  0  0  0  0
    7.4623    8.0492    4.5000 H   0  0  0  0  0  0  0  0  0  0  0  0
    7.4963    8.0833    6.2755 H   0  0  0  0  0  0  0  0  0  0  0  0
    8.5059    5.7752    4.5113 H   0  0  0  0  0  0  0  0  0  0  0  0
    8.3001    5.9319    7.5759 H   0  0  0  0  0  0  0  0  0  0  0  0
    8.7884    4.5000    6.6454 H   0  0  0  0  0  0  0  0  0  0  0  0
    9.8068    5.9617    6.6268 H   0  0  0  0  0  0  0  0  0  0  0  0
    4.5000    4.8048    5.3814 H   0  0  0  0  0  0  0  0  0  0  0  0
  1  2  1  0  0  0  0
  1  8  1  0  0  0  0
  2  3  1  0  0  0  0
  3 11  1  0  0  0  0
  3 10  1  0  0  0  0
  4  2  1  0  0  0  0
  5  4  3  0  0  0  0
  6  1  1  0  0  0  0
  7  1  1  0  0  0  0
  9  2  1  0  0  0  0
 12  3  1  0  0  0  0
 13  5  1  0  0  0  0
M  END
