Lattice="13.30324478 0.0 0.0 0.0 13.82658262 0.0 0.0 0.0 13.214081740000001" Properties=species:S:1:pos:R:3:GW_charged:R:1:dKS_charged:R:1:dKS_neutral:R:1 pbc="T T T"
 OpenBabel12102409373D
Lattice="13.30324478 0.0 0.0 0.0 13.82658262 0.0 0.0 0.0 13.214081740000001" Properties=species:S:1:pos:R:3:GW_charged:R:1:dKS_charged:R:1:dKS_neutral:R:1 pbc="T T T"
 19 20  0  0  1  0  0  0  0  0999 V2000
    6.6964    8.8897    5.5826 C   0  0  0  0  0  0  0  0  0  0  0  0
    6.6534    7.3909    5.6160 C   0  0  1  0  0  0  0  0  0  0  0  0
    7.8239    6.5215    5.2285 C   0  0  0  0  0  0  0  0  0  0  0  0
    7.2649    6.3922    6.6238 C   0  0  1  0  0  0  0  0  0  0  0  0
    8.0784    6.6323    7.8606 C   0  0  0  0  0  0  0  0  0  0  0  0
    5.9902    5.5402    6.5654 C   0  0  0  0  0  0  0  0  0  0  0  0
    5.3722    6.5495    5.5469 C   0  0  0  0  0  0  0  0  0  0  0  0
    7.6859    9.2708    5.8727 H   0  0  0  0  0  0  0  0  0  0  0  0
    6.4811    9.2720    4.5724 H   0  0  0  0  0  0  0  0  0  0  0  0
    5.9550    9.3266    6.2684 H   0  0  0  0  0  0  0  0  0  0  0  0
    7.7049    5.7134    4.5000 H   0  0  0  0  0  0  0  0  0  0  0  0
    8.7811    7.0412    5.1628 H   0  0  0  0  0  0  0  0  0  0  0  0
    8.8032    7.4458    7.7144 H   0  0  0  0  0  0  0  0  0  0  0  0
    7.4387    6.9031    8.7141 H   0  0  0  0  0  0  0  0  0  0  0  0
    8.6478    5.7330    8.1438 H   0  0  0  0  0  0  0  0  0  0  0  0
    6.1189    4.5000    6.2283 H   0  0  0  0  0  0  0  0  0  0  0  0
    5.4440    5.5299    7.5181 H   0  0  0  0  0  0  0  0  0  0  0  0
    4.5000    7.0718    5.9622 H   0  0  0  0  0  0  0  0  0  0  0  0
    5.1025    6.1602    4.5530 H   0  0  0  0  0  0  0  0  0  0  0  0
  1  8  1  0  0  0  0
  1 10  1  0  0  0  0
  2  1  1  1  0  0  0
  2  4  1  0  0  0  0
  3  2  1  0  0  0  0
  3  4  1  0  0  0  0
  4  5  1  1  0  0  0
  5 15  1  0  0  0  0
  5 14  1  0  0  0  0
  6  4  1  0  0  0  0
  6 17  1  0  0  0  0
  7  2  1  0  0  0  0
  7 18  1  0  0  0  0
  7  6  1  0  0  0  0
  9  1  1  0  0  0  0
 11  3  1  0  0  0  0
 12  3  1  0  0  0  0
 13  5  1  0  0  0  0
 16  6  1  0  0  0  0
 19  7  1  0  0  0  0
M  END
