Lattice="12.55740802 0.0 0.0 0.0 14.824614650000001 0.0 0.0 0.0 13.9194564" Properties=species:S:1:pos:R:3:GW_charged:R:1:dKS_charged:R:1:dKS_neutral:R:1 pbc="T T T"
 OpenBabel12102411063D
Lattice="12.55740802 0.0 0.0 0.0 14.824614650000001 0.0 0.0 0.0 13.9194564" Properties=species:S:1:pos:R:3:GW_charged:R:1:dKS_charged:R:1:dKS_neutral:R:1 pbc="T T T"
 23 24  0  0  0  0  0  0  0  0999 V2000
    5.7756    9.7776    6.9481 C   0  0  0  0  0  0  0  0  0  0  0  0
    7.1397    9.1140    6.9362 C   0  0  0  0  0  0  0  0  0  0  0  0
    5.8796    8.2829    7.0282 C   0  0  0  0  0  0  0  0  0  0  0  0
    5.5107    7.5646    8.3148 C   0  0  0  0  0  0  0  0  0  0  0  0
    6.4686    6.4444    8.7735 C   0  0  0  0  0  0  0  0  0  0  0  0
    7.1585    5.6422    7.6554 C   0  0  0  0  0  0  0  0  0  0  0  0
    6.2983    5.3448    6.4186 C   0  0  0  0  0  0  0  0  0  0  0  0
    6.2114    6.5083    5.4285 C   0  0  0  0  0  0  0  0  0  0  0  0
    5.4370    7.6327    5.8499 O   0  0  0  0  0  0  0  0  0  0  0  0
    5.4646   10.3246    7.8371 H   0  0  0  0  0  0  0  0  0  0  0  0
    5.4175   10.1862    6.0051 H   0  0  0  0  0  0  0  0  0  0  0  0
    7.6815    9.1073    5.9918 H   0  0  0  0  0  0  0  0  0  0  0  0
    7.7715    9.1934    7.8206 H   0  0  0  0  0  0  0  0  0  0  0  0
    5.4146    8.3005    9.1268 H   0  0  0  0  0  0  0  0  0  0  0  0
    4.5000    7.1588    8.1558 H   0  0  0  0  0  0  0  0  0  0  0  0
    7.2518    6.8755    9.4157 H   0  0  0  0  0  0  0  0  0  0  0  0
    5.9009    5.7569    9.4195 H   0  0  0  0  0  0  0  0  0  0  0  0
    8.0574    6.1842    7.3192 H   0  0  0  0  0  0  0  0  0  0  0  0
    7.5248    4.6974    8.0845 H   0  0  0  0  0  0  0  0  0  0  0  0
    6.7436    4.5000    5.8680 H   0  0  0  0  0  0  0  0  0  0  0  0
    5.2840    5.0234    6.7060 H   0  0  0  0  0  0  0  0  0  0  0  0
    7.2380    6.8355    5.1703 H   0  0  0  0  0  0  0  0  0  0  0  0
    5.7239    6.1803    4.5000 H   0  0  0  0  0  0  0  0  0  0  0  0
  1  3  1  0  0  0  0
  1 10  1  0  0  0  0
  2  1  1  0  0  0  0
  2  3  1  0  0  0  0
  2 13  1  0  0  0  0
  3  4  1  0  0  0  0
  4  5  1  0  0  0  0
  4 14  1  0  0  0  0
  5 16  1  0  0  0  0
  5 17  1  0  0  0  0
  6 19  1  0  0  0  0
  6  5  1  0  0  0  0
  7 21  1  0  0  0  0
  7  6  1  0  0  0  0
  8  9  1  0  0  0  0
  8  7  1  0  0  0  0
  9  3  1  0  0  0  0
 11  1  1  0  0  0  0
 12  2  1  0  0  0  0
 15  4  1  0  0  0  0
 18  6  1  0  0  0  0
 20  7  1  0  0  0  0
 22  8  1  0  0  0  0
 23  8  1  0  0  0  0
M  END
