Lattice="13.37114676 0.0 0.0 0.0 16.789378759999998 0.0 0.0 0.0 12.99892816" Properties=species:S:1:pos:R:3:GW_charged:R:1:dKS_charged:R:1:dKS_neutral:R:1 pbc="T T T"
 OpenBabel12102410123D
Lattice="13.37114676 0.0 0.0 0.0 16.789378759999998 0.0 0.0 0.0 12.99892816" Properties=species:S:1:pos:R:3:GW_charged:R:1:dKS_charged:R:1:dKS_neutral:R:1 pbc="T T T"
 21 22  0  0  1  0  0  0  0  0999 V2000
    5.1588    5.5589    7.0744 C   0  0  0  0  0  0  0  0  0  0  0  0
    5.1166    6.7574    7.2422 C   0  0  0  0  0  0  0  0  0  0  0  0
    5.1169    8.2008    7.4358 C   0  0  0  0  0  0  0  0  0  0  0  0
    6.5297    8.7965    7.4180 C   0  0  1  0  0  0  0  0  0  0  0  0
    7.3582    8.7757    6.1006 C   0  0  0  0  0  0  0  0  0  0  0  0
    7.7999   10.2468    6.3587 C   0  0  1  0  0  0  0  0  0  0  0  0
    7.0273   11.3073    5.5462 C   0  0  0  0  0  0  0  0  0  0  0  0
    5.8549   11.2219    6.5680 C   0  0  0  0  0  0  0  0  0  0  0  0
    6.7248   10.3308    7.5071 C   0  0  1  0  0  0  0  0  0  0  0  0
    5.1826    4.5000    6.9279 H   0  0  0  0  0  0  0  0  0  0  0  0
    4.5000    8.6667    6.6495 H   0  0  0  0  0  0  0  0  0  0  0  0
    4.6267    8.4431    8.3939 H   0  0  0  0  0  0  0  0  0  0  0  0
    7.1143    8.3227    8.2205 H   0  0  0  0  0  0  0  0  0  0  0  0
    8.1576    8.0271    6.0616 H   0  0  0  0  0  0  0  0  0  0  0  0
    6.7470    8.6622    5.1927 H   0  0  0  0  0  0  0  0  0  0  0  0
    8.8711   10.4013    6.5333 H   0  0  0  0  0  0  0  0  0  0  0  0
    7.5185   12.2894    5.5638 H   0  0  0  0  0  0  0  0  0  0  0  0
    6.8037   11.0542    4.5000 H   0  0  0  0  0  0  0  0  0  0  0  0
    5.5568   12.1818    7.0061 H   0  0  0  0  0  0  0  0  0  0  0  0
    4.9447   10.7399    6.1855 H   0  0  0  0  0  0  0  0  0  0  0  0
    6.9302   10.7519    8.4989 H   0  0  0  0  0  0  0  0  0  0  0  0
  1  2  3  0  0  0  0
  2  3  1  0  0  0  0
  3 12  1  0  0  0  0
  4  3  1  0  0  0  0
  4  9  1  0  0  0  0
  4 13  1  1  0  0  0
  5  6  1  0  0  0  0
  5  4  1  0  0  0  0
  6 16  1  1  0  0  0
  6  9  1  0  0  0  0
  7 17  1  0  0  0  0
  7  6  1  0  0  0  0
  7  8  1  0  0  0  0
  8 19  1  0  0  0  0
  8  9  1  0  0  0  0
  9 21  1  1  0  0  0
 10  1  1  0  0  0  0
 11  3  1  0  0  0  0
 14  5  1  0  0  0  0
 15  5  1  0  0  0  0
 18  7  1  0  0  0  0
 20  8  1  0  0  0  0
M  END
