Lattice="13.23686977 0.0 0.0 0.0 13.68316107 0.0 0.0 0.0 14.867256560000001" Properties=species:S:1:pos:R:3:GW_charged:R:1:dKS_charged:R:1:dKS_neutral:R:1 pbc="T T T"
 OpenBabel12102411053D
Lattice="13.23686977 0.0 0.0 0.0 13.68316107 0.0 0.0 0.0 14.867256560000001" Properties=species:S:1:pos:R:3:GW_charged:R:1:dKS_charged:R:1:dKS_neutral:R:1 pbc="T T T"
 23 24  0  0  1  0  0  0  0  0999 V2000
    5.5171    7.8409    8.6294 C   0  0  0  0  0  0  0  0  0  0  0  0
    7.0548    7.6146    8.6565 C   0  0  1  0  0  0  0  0  0  0  0  0
    6.7477    6.2154    9.2702 C   0  0  0  0  0  0  0  0  0  0  0  0
    5.3166    6.3011    8.6280 C   0  0  2  0  0  0  0  0  0  0  0  0
    5.2681    5.5772    7.3127 C   0  0  0  0  0  0  0  0  0  0  0  0
    5.4637    6.0227    6.0602 C   0  0  0  0  0  0  0  0  0  0  0  0
    5.7223    7.4383    5.5979 C   0  0  0  0  0  0  0  0  0  0  0  0
    7.0622    8.1065    6.0468 C   0  0  0  0  0  0  0  0  0  0  0  0
    7.7721    7.5317    7.2817 C   0  0  0  0  0  0  0  0  0  0  0  0
    5.1860    8.2457    9.5956 H   0  0  0  0  0  0  0  0  0  0  0  0
    5.0706    8.4545    7.8418 H   0  0  0  0  0  0  0  0  0  0  0  0
    7.6032    8.3031    9.3136 H   0  0  0  0  0  0  0  0  0  0  0  0
    7.3881    5.3782    8.9613 H   0  0  0  0  0  0  0  0  0  0  0  0
    6.6950    6.2457   10.3673 H   0  0  0  0  0  0  0  0  0  0  0  0
    4.5000    5.9307    9.2658 H   0  0  0  0  0  0  0  0  0  0  0  0
    5.1033    4.5000    7.4248 H   0  0  0  0  0  0  0  0  0  0  0  0
    5.4347    5.2659    5.2718 H   0  0  0  0  0  0  0  0  0  0  0  0
    5.6922    7.4504    4.5000 H   0  0  0  0  0  0  0  0  0  0  0  0
    4.8814    8.0720    5.9108 H   0  0  0  0  0  0  0  0  0  0  0  0
    7.7778    8.0377    5.2137 H   0  0  0  0  0  0  0  0  0  0  0  0
    6.8803    9.1832    6.1903 H   0  0  0  0  0  0  0  0  0  0  0  0
    8.7369    8.0536    7.3687 H   0  0  0  0  0  0  0  0  0  0  0  0
    8.0267    6.4821    7.0745 H   0  0  0  0  0  0  0  0  0  0  0  0
  1  2  1  0  0  0  0
  1 10  1  0  0  0  0
  2  3  1  0  0  0  0
  2 12  1  1  0  0  0
  3 14  1  0  0  0  0
  4  1  1  0  0  0  0
  4 15  1  1  0  0  0
  4  3  1  0  0  0  0
  5 16  1  0  0  0  0
  5  4  1  0  0  0  0
  6  5  2  0  0  0  0
  7 19  1  0  0  0  0
  7  8  1  0  0  0  0
  7  6  1  0  0  0  0
  8 21  1  0  0  0  0
  8  9  1  0  0  0  0
  9 22  1  0  0  0  0
  9  2  1  0  0  0  0
 11  1  1  0  0  0  0
 13  3  1  0  0  0  0
 17  6  1  0  0  0  0
 18  7  1  0  0  0  0
 20  8  1  0  0  0  0
 23  9  1  0  0  0  0
M  END
