Lattice="13.80548768 0.0 0.0 0.0 13.84461812 0.0 0.0 0.0 13.3355488" Properties=species:S:1:pos:R:3:GW_charged:R:1:dKS_charged:R:1:dKS_neutral:R:1 pbc="T T T"
 OpenBabel12102411063D
Lattice="13.80548768 0.0 0.0 0.0 13.84461812 0.0 0.0 0.0 13.3355488" Properties=species:S:1:pos:R:3:GW_charged:R:1:dKS_charged:R:1:dKS_neutral:R:1 pbc="T T T"
 23 25  0  0  1  0  0  0  0  0999 V2000
    5.4323    8.2246    6.6827 C   0  0  0  0  0  0  0  0  0  0  0  0
    6.9730    8.3408    6.6662 C   0  0  1  0  0  0  0  0  0  0  0  0
    7.2408    7.6838    8.0313 C   0  0  0  0  0  0  0  0  0  0  0  0
    6.5589    6.3164    7.7565 C   0  0  2  0  0  0  0  0  0  0  0  0
    7.6728    5.4255    7.1671 C   0  0  0  0  0  0  0  0  0  0  0  0
    8.4119    6.2616    6.0840 C   0  0  0  0  0  0  0  0  0  0  0  0
    7.4091    7.3016    5.5409 C   0  0  1  0  0  0  0  0  0  0  0  0
    6.1035    6.5032    5.2798 C   0  0  0  0  0  0  0  0  0  0  0  0
    5.4577    6.6796    6.6649 C   0  0  2  0  0  0  0  0  0  0  0  0
    4.9919    8.6719    7.5838 H   0  0  0  0  0  0  0  0  0  0  0  0
    4.9252    8.6416    5.8024 H   0  0  0  0  0  0  0  0  0  0  0  0
    7.3945    9.3446    6.5325 H   0  0  0  0  0  0  0  0  0  0  0  0
    8.3003    7.5721    8.2970 H   0  0  0  0  0  0  0  0  0  0  0  0
    6.7594    8.2571    8.8355 H   0  0  0  0  0  0  0  0  0  0  0  0
    6.1067    5.8619    8.6469 H   0  0  0  0  0  0  0  0  0  0  0  0
    8.3660    5.1172    7.9632 H   0  0  0  0  0  0  0  0  0  0  0  0
    7.2578    4.5000    6.7427 H   0  0  0  0  0  0  0  0  0  0  0  0
    9.3055    6.7506    6.4979 H   0  0  0  0  0  0  0  0  0  0  0  0
    8.7630    5.6172    5.2650 H   0  0  0  0  0  0  0  0  0  0  0  0
    7.7991    7.8130    4.6519 H   0  0  0  0  0  0  0  0  0  0  0  0
    5.4696    6.9474    4.5000 H   0  0  0  0  0  0  0  0  0  0  0  0
    6.3051    5.4645    4.9864 H   0  0  0  0  0  0  0  0  0  0  0  0
    4.5000    6.1650    6.8104 H   0  0  0  0  0  0  0  0  0  0  0  0
  1 10  1  0  0  0  0
  2 12  1  6  0  0  0
  2  1  1  0  0  0  0
  2  3  1  0  0  0  0
  3 13  1  0  0  0  0
  3 14  1  0  0  0  0
  4  3  1  0  0  0  0
  4 15  1  1  0  0  0
  5  4  1  0  0  0  0
  5 16  1  0  0  0  0
  6 18  1  0  0  0  0
  6  5  1  0  0  0  0
  7 20  1  6  0  0  0
  7  6  1  0  0  0  0
  7  2  1  0  0  0  0
  8  7  1  0  0  0  0
  8  9  1  0  0  0  0
  9  1  1  0  0  0  0
  9 23  1  1  0  0  0
  9  4  1  0  0  0  0
 11  1  1  0  0  0  0
 17  5  1  0  0  0  0
 19  6  1  0  0  0  0
 21  8  1  0  0  0  0
 22  8  1  0  0  0  0
M  END
