Lattice="16.55844797 0.0 0.0 0.0 11.839949520000001 0.0 0.0 0.0 11.2457897" Properties=species:S:1:pos:R:3:GW_charged:R:1:dKS_charged:R:1:dKS_neutral:R:1 pbc="T T T"
 OpenBabel12102409263D
Lattice="16.55844797 0.0 0.0 0.0 11.839949520000001 0.0 0.0 0.0 11.2457897" Properties=species:S:1:pos:R:3:GW_charged:R:1:dKS_charged:R:1:dKS_neutral:R:1 pbc="T T T"
 16 15  0  0  0  0  0  0  0  0999 V2000
   11.4264    5.6946    5.5473 C   0  0  0  0  0  0  0  0  0  0  0  0
    9.9428    5.3334    5.4866 C   0  0  0  0  0  0  0  0  0  0  0  0
    9.0270    6.5443    5.7571 C   0  0  0  0  0  0  0  0  0  0  0  0
    7.6069    6.2206    5.7038 C   0  0  0  0  0  0  0  0  0  0  0  0
    6.4332    5.9182    5.6522 C   0  0  0  0  0  0  0  0  0  0  0  0
    5.0226    5.5673    5.5930 C   0  0  0  0  0  0  0  0  0  0  0  0
   12.0584    4.8180    5.3519 H   0  0  0  0  0  0  0  0  0  0  0  0
   11.6839    6.4614    4.8020 H   0  0  0  0  0  0  0  0  0  0  0  0
   11.7036    6.0891    6.5359 H   0  0  0  0  0  0  0  0  0  0  0  0
    9.6925    4.9157    4.5000 H   0  0  0  0  0  0  0  0  0  0  0  0
    9.7121    4.5463    6.2199 H   0  0  0  0  0  0  0  0  0  0  0  0
    9.2693    6.9705    6.7458 H   0  0  0  0  0  0  0  0  0  0  0  0
    9.2497    7.3399    5.0255 H   0  0  0  0  0  0  0  0  0  0  0  0
    4.5000    6.1420    4.8144 H   0  0  0  0  0  0  0  0  0  0  0  0
    4.8864    4.5000    5.3655 H   0  0  0  0  0  0  0  0  0  0  0  0
    4.5197    5.7696    6.5499 H   0  0  0  0  0  0  0  0  0  0  0  0
  1  9  1  0  0  0  0
  2  1  1  0  0  0  0
  2  3  1  0  0  0  0
  2 11  1  0  0  0  0
  3 12  1  0  0  0  0
  4  3  1  0  0  0  0
  5  4  3  0  0  0  0
  6  5  1  0  0  0  0
  6 16  1  0  0  0  0
  7  1  1  0  0  0  0
  8  1  1  0  0  0  0
 10  2  1  0  0  0  0
 13  3  1  0  0  0  0
 14  6  1  0  0  0  0
 15  6  1  0  0  0  0
M  END
