Lattice="12.68424006 0.0 0.0 0.0 14.99935979 0.0 0.0 0.0 12.371097800000001" Properties=species:S:1:pos:R:3:GW_charged:R:1:dKS_charged:R:1:dKS_neutral:R:1 pbc="T T T"
 OpenBabel12102409393D
Lattice="12.68424006 0.0 0.0 0.0 14.99935979 0.0 0.0 0.0 12.371097800000001" Properties=species:S:1:pos:R:3:GW_charged:R:1:dKS_charged:R:1:dKS_neutral:R:1 pbc="T T T"
 19 19  0  0  1  0  0  0  0  0999 V2000
    5.5332   10.0960    6.9267 C   0  0  0  0  0  0  0  0  0  0  0  0
    5.5294    8.5653    6.9201 C   0  0  0  0  0  0  0  0  0  0  0  0
    6.0953    7.9867    5.6266 C   0  0  1  0  0  0  0  0  0  0  0  0
    7.6318    8.0283    5.4887 C   0  0  0  0  0  0  0  0  0  0  0  0
    7.7374    6.5898    5.6598 O   0  0  0  0  0  0  0  0  0  0  0  0
    6.2884    6.4450    5.5326 C   0  0  1  0  0  0  0  0  0  0  0  0
    5.6987    5.5084    6.5627 C   0  0  0  0  0  0  0  0  0  0  0  0
    6.5492   10.4974    6.8001 H   0  0  0  0  0  0  0  0  0  0  0  0
    4.9160   10.4994    6.1107 H   0  0  0  0  0  0  0  0  0  0  0  0
    5.1385   10.4939    7.8711 H   0  0  0  0  0  0  0  0  0  0  0  0
    6.1110    8.1925    7.7784 H   0  0  0  0  0  0  0  0  0  0  0  0
    4.5000    8.1996    7.0648 H   0  0  0  0  0  0  0  0  0  0  0  0
    5.5534    8.4082    4.7674 H   0  0  0  0  0  0  0  0  0  0  0  0
    8.0029    8.3476    4.5000 H   0  0  0  0  0  0  0  0  0  0  0  0
    8.1842    8.5712    6.2726 H   0  0  0  0  0  0  0  0  0  0  0  0
    6.0446    6.0770    4.5180 H   0  0  0  0  0  0  0  0  0  0  0  0
    5.9209    5.8334    7.5868 H   0  0  0  0  0  0  0  0  0  0  0  0
    4.6077    5.4427    6.4423 H   0  0  0  0  0  0  0  0  0  0  0  0
    6.1133    4.5000    6.4272 H   0  0  0  0  0  0  0  0  0  0  0  0
  1 10  1  0  0  0  0
  2  1  1  0  0  0  0
  2 12  1  0  0  0  0
  2 11  1  0  0  0  0
  3 13  1  6  0  0  0
  3  2  1  0  0  0  0
  4  3  1  0  0  0  0
  4  5  1  0  0  0  0
  4 15  1  0  0  0  0
  6 16  1  6  0  0  0
  6  3  1  0  0  0  0
  6  5  1  0  0  0  0
  6  7  1  0  0  0  0
  7 17  1  0  0  0  0
  8  1  1  0  0  0  0
  9  1  1  0  0  0  0
 14  4  1  0  0  0  0
 18  7  1  0  0  0  0
 19  7  1  0  0  0  0
M  END
