Lattice="14.85612737 0.0 0.0 0.0 14.71379691 0.0 0.0 0.0 13.32648786" Properties=species:S:1:pos:R:3:GW_charged:R:1:dKS_charged:R:1:dKS_neutral:R:1 pbc="T T T"
 OpenBabel12102409403D
Lattice="14.85612737 0.0 0.0 0.0 14.71379691 0.0 0.0 0.0 13.32648786" Properties=species:S:1:pos:R:3:GW_charged:R:1:dKS_charged:R:1:dKS_neutral:R:1 pbc="T T T"
 20 19  0  0  0  0  0  0  0  0999 V2000
    9.3763    9.7174    6.6735 C   0  0  0  0  0  0  0  0  0  0  0  0
    9.5512    8.2097    6.6630 C   0  0  0  0  0  0  0  0  0  0  0  0
    8.2453    7.6329    6.6728 O   0  0  0  0  0  0  0  0  0  0  0  0
    8.1635    6.1866    6.6659 C   0  0  0  0  0  0  0  0  0  0  0  0
    8.7796    5.5878    5.3845 C   0  0  0  0  0  0  0  0  0  0  0  0
    8.8038    5.5743    7.9289 C   0  0  0  0  0  0  0  0  0  0  0  0
    6.7215    5.9027    6.6781 C   0  0  0  0  0  0  0  0  0  0  0  0
    5.5442    5.6255    6.6879 C   0  0  0  0  0  0  0  0  0  0  0  0
   10.3561   10.2138    6.6664 H   0  0  0  0  0  0  0  0  0  0  0  0
    8.8126   10.0485    5.7918 H   0  0  0  0  0  0  0  0  0  0  0  0
    8.8305   10.0383    7.5700 H   0  0  0  0  0  0  0  0  0  0  0  0
   10.1138    7.8985    5.7644 H   0  0  0  0  0  0  0  0  0  0  0  0
   10.1317    7.8882    7.5465 H   0  0  0  0  0  0  0  0  0  0  0  0
    9.8700    5.7140    5.3735 H   0  0  0  0  0  0  0  0  0  0  0  0
    8.5623    4.5140    5.3310 H   0  0  0  0  0  0  0  0  0  0  0  0
    8.3512    6.0741    4.5000 H   0  0  0  0  0  0  0  0  0  0  0  0
    8.3923    6.0512    8.8265 H   0  0  0  0  0  0  0  0  0  0  0  0
    8.5875    4.5000    7.9752 H   0  0  0  0  0  0  0  0  0  0  0  0
    9.8942    5.7005    7.9205 H   0  0  0  0  0  0  0  0  0  0  0  0
    4.5000    5.3951    6.6965 H   0  0  0  0  0  0  0  0  0  0  0  0
  1 11  1  0  0  0  0
  2  3  1  0  0  0  0
  2  1  1  0  0  0  0
  2 13  1  0  0  0  0
  4  3  1  0  0  0  0
  4  7  1  0  0  0  0
  4  6  1  0  0  0  0
  5  4  1  0  0  0  0
  6 18  1  0  0  0  0
  6 17  1  0  0  0  0
  7  8  3  0  0  0  0
  8 20  1  0  0  0  0
  9  1  1  0  0  0  0
 10  1  1  0  0  0  0
 12  2  1  0  0  0  0
 14  5  1  0  0  0  0
 15  5  1  0  0  0  0
 16  5  1  0  0  0  0
 19  6  1  0  0  0  0
M  END
