Lattice="12.475610230000001 0.0 0.0 0.0 14.856649749999999 0.0 0.0 0.0 10.79674483" Properties=species:S:1:pos:R:3:GW_charged:R:1:dKS_charged:R:1:dKS_neutral:R:1 pbc="T T T"
 OpenBabel12102409263D
Lattice="12.475610230000001 0.0 0.0 0.0 14.856649749999999 0.0 0.0 0.0 10.79674483" Properties=species:S:1:pos:R:3:GW_charged:R:1:dKS_charged:R:1:dKS_neutral:R:1 pbc="T T T"
 14 13  0  0  0  0  0  0  0  0999 V2000
    6.7316    9.8840    5.4072 C   0  0  0  0  0  0  0  0  0  0  0  0
    6.8797    8.3752    5.3973 C   0  0  0  0  0  0  0  0  0  0  0  0
    7.9756    7.8385    5.3839 O   0  0  0  0  0  0  0  0  0  0  0  0
    5.5901    7.5711    5.4050 C   0  0  0  0  0  0  0  0  0  0  0  0
    5.7995    6.0676    5.3955 C   0  0  0  0  0  0  0  0  0  0  0  0
    4.5000    5.4612    5.4047 O   0  0  0  0  0  0  0  0  0  0  0  0
    7.7185   10.3566    5.3997 H   0  0  0  0  0  0  0  0  0  0  0  0
    6.1539   10.2186    4.5330 H   0  0  0  0  0  0  0  0  0  0  0  0
    6.1720   10.2087    6.2967 H   0  0  0  0  0  0  0  0  0  0  0  0
    4.9955    7.8644    6.2867 H   0  0  0  0  0  0  0  0  0  0  0  0
    4.9796    7.8732    4.5372 H   0  0  0  0  0  0  0  0  0  0  0  0
    6.3721    5.7732    4.5000 H   0  0  0  0  0  0  0  0  0  0  0  0
    6.3888    5.7644    6.2771 H   0  0  0  0  0  0  0  0  0  0  0  0
    4.6179    4.5000    5.3988 H   0  0  0  0  0  0  0  0  0  0  0  0
  1  9  1  0  0  0  0
  2  4  1  0  0  0  0
  2  1  1  0  0  0  0
  3  2  2  0  0  0  0
  4 10  1  0  0  0  0
  5  6  1  0  0  0  0
  5  4  1  0  0  0  0
  5 13  1  0  0  0  0
  7  1  1  0  0  0  0
  8  1  1  0  0  0  0
 11  4  1  0  0  0  0
 12  5  1  0  0  0  0
 14  6  1  0  0  0  0
M  END
