Lattice="15.55489182 0.0 0.0 0.0 14.73509149 0.0 0.0 0.0 12.72343472" Properties=species:S:1:pos:R:3:GW_charged:R:1:dKS_charged:R:1:dKS_neutral:R:1 pbc="T T T"
 OpenBabel12102409443D
Lattice="15.55489182 0.0 0.0 0.0 14.73509149 0.0 0.0 0.0 12.72343472" Properties=species:S:1:pos:R:3:GW_charged:R:1:dKS_charged:R:1:dKS_neutral:R:1 pbc="T T T"
 19 19  0  0  0  0  0  0  0  0999 V2000
   10.1502    9.8924    6.9138 O   0  0  0  0  0  0  0  0  0  0  0  0
   10.2147    8.4688    6.7764 C   0  0  0  0  0  0  0  0  0  0  0  0
    8.7925    7.9346    6.7189 C   0  0  0  0  0  0  0  0  0  0  0  0
    8.7530    6.4034    6.5650 C   0  0  0  0  0  0  0  0  0  0  0  0
    7.3759    5.8444    6.5126 C   0  0  0  0  0  0  0  0  0  0  0  0
    6.6235    5.2767    5.5212 C   0  0  0  0  0  0  0  0  0  0  0  0
    5.3487    4.9624    6.0944 C   0  0  0  0  0  0  0  0  0  0  0  0
    5.4107    5.3606    7.3962 C   0  0  0  0  0  0  0  0  0  0  0  0
    6.6378    5.9008    7.6714 O   0  0  0  0  0  0  0  0  0  0  0  0
   11.0549   10.2351    6.9593 H   0  0  0  0  0  0  0  0  0  0  0  0
   10.7608    8.1889    5.8553 H   0  0  0  0  0  0  0  0  0  0  0  0
   10.7520    8.0163    7.6314 H   0  0  0  0  0  0  0  0  0  0  0  0
    8.2616    8.2320    7.6346 H   0  0  0  0  0  0  0  0  0  0  0  0
    8.2637    8.4053    5.8768 H   0  0  0  0  0  0  0  0  0  0  0  0
    9.2680    6.1045    5.6400 H   0  0  0  0  0  0  0  0  0  0  0  0
    9.3056    5.9347    7.3968 H   0  0  0  0  0  0  0  0  0  0  0  0
    6.9449    5.1031    4.5000 H   0  0  0  0  0  0  0  0  0  0  0  0
    4.5000    4.5000    5.6031 H   0  0  0  0  0  0  0  0  0  0  0  0
    4.7124    5.3334    8.2234 H   0  0  0  0  0  0  0  0  0  0  0  0
  1 10  1  0  0  0  0
  2  1  1  0  0  0  0
  2 12  1  0  0  0  0
  3  2  1  0  0  0  0
  3 13  1  0  0  0  0
  4  3  1  0  0  0  0
  4 16  1  0  0  0  0
  5  4  1  0  0  0  0
  5  9  1  0  0  0  0
  6  7  1  0  0  0  0
  6  5  2  0  0  0  0
  7  8  2  0  0  0  0
  8  9  1  0  0  0  0
  8 19  1  0  0  0  0
 11  2  1  0  0  0  0
 14  3  1  0  0  0  0
 15  4  1  0  0  0  0
 17  6  1  0  0  0  0
 18  7  1  0  0  0  0
M  END
