Lattice="13.15568324 0.0 0.0 0.0 13.56579074 0.0 0.0 0.0 12.89071964" Properties=species:S:1:pos:R:3:GW_charged:R:1:dKS_charged:R:1:dKS_neutral:R:1 pbc="T T T"
 OpenBabel12102409313D
Lattice="13.15568324 0.0 0.0 0.0 13.56579074 0.0 0.0 0.0 12.89071964" Properties=species:S:1:pos:R:3:GW_charged:R:1:dKS_charged:R:1:dKS_neutral:R:1 pbc="T T T"
 17 16  0  0  1  0  0  0  0  0999 V2000
    6.9666    8.6321    6.1558 C   0  0  0  0  0  0  0  0  0  0  0  0
    6.9512    7.1015    6.2204 C   0  0  0  0  0  0  0  0  0  0  0  0
    7.6634    6.5973    7.4824 C   0  0  0  0  0  0  0  0  0  0  0  0
    5.4833    6.5943    6.1238 C   0  0  1  0  0  0  0  0  0  0  0  0
    4.8270    7.1277    4.9967 O   0  0  0  0  0  0  0  0  0  0  0  0
    5.3875    5.0847    6.0970 C   0  0  0  0  0  0  0  0  0  0  0  0
    4.8472    4.5000    5.1753 O   0  0  0  0  0  0  0  0  0  0  0  0
    8.0004    9.0034    6.1306 H   0  0  0  0  0  0  0  0  0  0  0  0
    6.4448    8.9974    5.2643 H   0  0  0  0  0  0  0  0  0  0  0  0
    6.4758    9.0658    7.0407 H   0  0  0  0  0  0  0  0  0  0  0  0
    7.4746    6.7118    5.3308 H   0  0  0  0  0  0  0  0  0  0  0  0
    7.1032    6.8671    8.3907 H   0  0  0  0  0  0  0  0  0  0  0  0
    7.8128    5.5097    7.4886 H   0  0  0  0  0  0  0  0  0  0  0  0
    8.6557    7.0609    7.5638 H   0  0  0  0  0  0  0  0  0  0  0  0
    4.9640    6.9176    7.0550 H   0  0  0  0  0  0  0  0  0  0  0  0
    4.5000    6.3474    4.5000 H   0  0  0  0  0  0  0  0  0  0  0  0
    5.8188    4.5248    6.9564 H   0  0  0  0  0  0  0  0  0  0  0  0
  1  2  1  0  0  0  0
  1 10  1  0  0  0  0
  2  3  1  0  0  0  0
  3 13  1  0  0  0  0
  3 14  1  0  0  0  0
  3 12  1  0  0  0  0
  4  2  1  0  0  0  0
  4 15  1  1  0  0  0
  5  4  1  0  0  0  0
  6  4  1  0  0  0  0
  6 17  1  0  0  0  0
  7  6  2  0  0  0  0
  8  1  1  0  0  0  0
  9  1  1  0  0  0  0
 11  2  1  0  0  0  0
 16  5  1  0  0  0  0
M  END
