Lattice="13.430320290000001 0.0 0.0 0.0 15.70704306 0.0 0.0 0.0 14.13797194" Properties=species:S:1:pos:R:3:GW_charged:R:1:dKS_charged:R:1:dKS_neutral:R:1 pbc="T T T"
 OpenBabel12102409453D
Lattice="13.430320290000001 0.0 0.0 0.0 15.70704306 0.0 0.0 0.0 14.13797194" Properties=species:S:1:pos:R:3:GW_charged:R:1:dKS_charged:R:1:dKS_neutral:R:1 pbc="T T T"
 19 21  0  0  1  0  0  0  0  0999 V2000
    7.0891    5.5689    7.5012 C   0  0  0  0  0  0  0  0  0  0  0  0
    7.0956    6.7804    7.5516 C   0  0  0  0  0  0  0  0  0  0  0  0
    7.0838    8.2118    7.5786 C   0  0  1  0  0  0  0  0  0  0  0  0
    6.4601    9.1599    8.6633 C   0  0  0  0  0  0  0  0  0  0  0  0
    7.0458   10.1123    7.5773 C   0  0  1  0  0  0  0  0  0  0  0  0
    8.3065    9.1961    7.5531 C   0  0  0  0  0  0  0  0  0  0  0  0
    6.4348    9.1619    6.5302 C   0  0  0  0  0  0  0  0  0  0  0  0
    6.4376    9.1290    5.0448 C   0  0  0  0  0  0  0  0  0  0  0  0
    5.1230    9.1032    5.8352 C   0  0  0  0  0  0  0  0  0  0  0  0
    7.0896    4.5000    7.4673 H   0  0  0  0  0  0  0  0  0  0  0  0
    5.3679    9.1249    8.7556 H   0  0  0  0  0  0  0  0  0  0  0  0
    6.9656    9.1581    9.6380 H   0  0  0  0  0  0  0  0  0  0  0  0
    7.0216   11.2070    7.5727 H   0  0  0  0  0  0  0  0  0  0  0  0
    8.9303    9.1966    8.4567 H   0  0  0  0  0  0  0  0  0  0  0  0
    8.9008    9.1941    6.6315 H   0  0  0  0  0  0  0  0  0  0  0  0
    6.6846   10.0403    4.5000 H   0  0  0  0  0  0  0  0  0  0  0  0
    6.7398    8.2070    4.5474 H   0  0  0  0  0  0  0  0  0  0  0  0
    4.5687    8.1644    5.8528 H   0  0  0  0  0  0  0  0  0  0  0  0
    4.5000    9.9975    5.8135 H   0  0  0  0  0  0  0  0  0  0  0  0
  1  2  3  0  0  0  0
  3  2  1  6  0  0  0
  3  4  1  0  0  0  0
  4 11  1  0  0  0  0
  4 12  1  0  0  0  0
  5 13  1  6  0  0  0
  5  4  1  0  0  0  0
  6  5  1  0  0  0  0
  6  3  1  0  0  0  0
  6 14  1  0  0  0  0
  7  5  1  0  0  0  0
  7  3  1  0  0  0  0
  8  9  1  0  0  0  0
  8  7  1  0  0  0  0
  9 18  1  0  0  0  0
  9  7  1  0  0  0  0
 10  1  1  0  0  0  0
 15  6  1  0  0  0  0
 16  8  1  0  0  0  0
 17  8  1  0  0  0  0
 19  9  1  0  0  0  0
M  END
