Lattice="13.90094669 0.0 0.0 0.0 15.39016427 0.0 0.0 0.0 13.29756658" Properties=species:S:1:pos:R:3:GW_charged:R:1:dKS_charged:R:1:dKS_neutral:R:1 pbc="T T T"
 OpenBabel12102409463D
Lattice="13.90094669 0.0 0.0 0.0 15.39016427 0.0 0.0 0.0 13.29756658" Properties=species:S:1:pos:R:3:GW_charged:R:1:dKS_charged:R:1:dKS_neutral:R:1 pbc="T T T"
 19 20  0  0  1  0  0  0  0  0999 V2000
    6.0263    5.5338    6.1560 C   0  0  0  0  0  0  0  0  0  0  0  0
    5.9486    6.7046    5.8513 C   0  0  0  0  0  0  0  0  0  0  0  0
    5.8700    8.1072    5.5100 C   0  0  1  0  0  0  0  0  0  0  0  0
    5.3368    9.0724    6.6267 C   0  0  0  0  0  0  0  0  0  0  0  0
    6.7130    9.8013    6.6545 C   0  0  1  0  0  0  0  0  0  0  0  0
    7.6303    9.4106    7.7778 C   0  0  0  0  0  0  0  0  0  0  0  0
    8.5942    8.5687    7.3832 C   0  0  0  0  0  0  0  0  0  0  0  0
    8.5212    8.2420    5.9118 C   0  0  0  0  0  0  0  0  0  0  0  0
    7.2224    8.9299    5.4581 C   0  0  1  0  0  0  0  0  0  0  0  0
    6.0841    4.5000    6.4227 H   0  0  0  0  0  0  0  0  0  0  0  0
    5.3060    8.2107    4.5720 H   0  0  0  0  0  0  0  0  0  0  0  0
    4.5000    9.6939    6.2850 H   0  0  0  0  0  0  0  0  0  0  0  0
    5.0540    8.5747    7.5614 H   0  0  0  0  0  0  0  0  0  0  0  0
    6.6601   10.8902    6.5067 H   0  0  0  0  0  0  0  0  0  0  0  0
    7.4961    9.7731    8.7976 H   0  0  0  0  0  0  0  0  0  0  0  0
    9.3605    8.1528    8.0379 H   0  0  0  0  0  0  0  0  0  0  0  0
    9.4009    8.6274    5.3701 H   0  0  0  0  0  0  0  0  0  0  0  0
    8.4952    7.1552    5.7315 H   0  0  0  0  0  0  0  0  0  0  0  0
    7.3296    9.4505    4.5000 H   0  0  0  0  0  0  0  0  0  0  0  0
  1 10  1  0  0  0  0
  2  1  3  0  0  0  0
  3 11  1  6  0  0  0
  3  2  1  0  0  0  0
  3  4  1  0  0  0  0
  4  5  1  0  0  0  0
  4 13  1  0  0  0  0
  5 14  1  6  0  0  0
  5  6  1  0  0  0  0
  6 15  1  0  0  0  0
  7  6  2  0  0  0  0
  7 16  1  0  0  0  0
  8  7  1  0  0  0  0
  9 19  1  6  0  0  0
  9  3  1  0  0  0  0
  9  8  1  0  0  0  0
  9  5  1  0  0  0  0
 12  4  1  0  0  0  0
 17  8  1  0  0  0  0
 18  8  1  0  0  0  0
M  END
