Lattice="13.07355041 0.0 0.0 0.0 17.37950929 0.0 0.0 0.0 13.42470079" Properties=species:S:1:pos:R:3:GW_charged:R:1:dKS_charged:R:1:dKS_neutral:R:1 pbc="T T T"
 OpenBabel12102411073D
Lattice="13.07355041 0.0 0.0 0.0 17.37950929 0.0 0.0 0.0 13.42470079" Properties=species:S:1:pos:R:3:GW_charged:R:1:dKS_charged:R:1:dKS_neutral:R:1 pbc="T T T"
 25 24  0  0  1  0  0  0  0  0999 V2000
    7.9589   12.4685    6.5826 C   0  0  0  0  0  0  0  0  0  0  0  0
    7.9431   11.0139    6.5697 C   0  0  0  0  0  0  0  0  0  0  0  0
    7.9374    9.8007    6.5562 C   0  0  0  0  0  0  0  0  0  0  0  0
    7.9048    8.3436    6.5563 C   0  0  0  0  0  0  0  0  0  0  0  0
    6.4740    7.7465    6.6335 C   0  0  1  0  0  0  0  0  0  0  0  0
    5.6464    8.2207    5.4330 C   0  0  0  0  0  0  0  0  0  0  0  0
    6.5141    6.2015    6.7629 C   0  0  0  0  0  0  0  0  0  0  0  0
    7.2771    5.7307    8.0103 C   0  0  0  0  0  0  0  0  0  0  0  0
    5.1061    5.5878    6.7675 C   0  0  0  0  0  0  0  0  0  0  0  0
    8.3691   12.8566    7.5263 H   0  0  0  0  0  0  0  0  0  0  0  0
    8.5736   12.8685    5.7630 H   0  0  0  0  0  0  0  0  0  0  0  0
    6.9452   12.8795    6.4676 H   0  0  0  0  0  0  0  0  0  0  0  0
    8.3996    7.9642    5.6442 H   0  0  0  0  0  0  0  0  0  0  0  0
    8.5085    7.9828    7.4019 H   0  0  0  0  0  0  0  0  0  0  0  0
    6.0075    8.1453    7.5524 H   0  0  0  0  0  0  0  0  0  0  0  0
    6.0062    7.7587    4.5000 H   0  0  0  0  0  0  0  0  0  0  0  0
    4.5830    7.9759    5.5409 H   0  0  0  0  0  0  0  0  0  0  0  0
    5.7273    9.3093    5.3187 H   0  0  0  0  0  0  0  0  0  0  0  0
    7.0452    5.8142    5.8729 H   0  0  0  0  0  0  0  0  0  0  0  0
    8.3382    6.0097    7.9949 H   0  0  0  0  0  0  0  0  0  0  0  0
    6.8326    6.1534    8.9247 H   0  0  0  0  0  0  0  0  0  0  0  0
    7.2333    4.6364    8.0989 H   0  0  0  0  0  0  0  0  0  0  0  0
    4.5657    5.7675    5.8302 H   0  0  0  0  0  0  0  0  0  0  0  0
    5.1602    4.5000    6.9126 H   0  0  0  0  0  0  0  0  0  0  0  0
    4.5000    6.0002    7.5893 H   0  0  0  0  0  0  0  0  0  0  0  0
  1 10  1  0  0  0  0
  2  1  1  0  0  0  0
  3  4  1  0  0  0  0
  3  2  3  0  0  0  0
  4  5  1  0  0  0  0
  4 14  1  0  0  0  0
  5  7  1  0  0  0  0
  5 15  1  1  0  0  0
  6 17  1  0  0  0  0
  6  5  1  0  0  0  0
  7  9  1  0  0  0  0
  7  8  1  0  0  0  0
  8 22  1  0  0  0  0
  8 21  1  0  0  0  0
  9 24  1  0  0  0  0
  9 25  1  0  0  0  0
 11  1  1  0  0  0  0
 12  1  1  0  0  0  0
 13  4  1  0  0  0  0
 16  6  1  0  0  0  0
 18  6  1  0  0  0  0
 19  7  1  0  0  0  0
 20  8  1  0  0  0  0
 23  9  1  0  0  0  0
M  END
