Lattice="13.01655032 0.0 0.0 0.0 12.70999963 0.0 0.0 0.0 14.96332697" Properties=species:S:1:pos:R:3:GW_charged:R:1:dKS_charged:R:1:dKS_neutral:R:1 pbc="T T T"
 OpenBabel12102410123D
Lattice="13.01655032 0.0 0.0 0.0 12.70999963 0.0 0.0 0.0 14.96332697" Properties=species:S:1:pos:R:3:GW_charged:R:1:dKS_charged:R:1:dKS_neutral:R:1 pbc="T T T"
 21 23  0  0  1  0  0  0  0  0999 V2000
    5.5658    7.5915    7.0878 C   0  0  0  0  0  0  0  0  0  0  0  0
    6.9461    6.9640    7.2629 C   0  0  1  0  0  0  0  0  0  0  0  0
    7.5522    6.9705    8.6538 C   0  0  0  0  0  0  0  0  0  0  0  0
    6.4155    6.4510    9.5772 C   0  0  0  0  0  0  0  0  0  0  0  0
    5.5413    5.5260    8.6907 C   0  0  0  0  0  0  0  0  0  0  0  0
    5.7094    6.1045    7.3080 C   0  0  1  0  0  0  0  0  0  0  0  0
    5.6486    5.2433    6.1925 O   0  0  0  0  0  0  0  0  0  0  0  0
    6.5869    5.7507    5.2210 C   0  0  0  0  0  0  0  0  0  0  0  0
    7.6679    6.5479    5.9965 C   0  0  0  0  0  0  0  0  0  0  0  0
    5.1678    8.2100    7.8924 H   0  0  0  0  0  0  0  0  0  0  0  0
    5.2876    7.9336    6.0917 H   0  0  0  0  0  0  0  0  0  0  0  0
    8.4062    6.2741    8.6691 H   0  0  0  0  0  0  0  0  0  0  0  0
    7.9304    7.9510    8.9786 H   0  0  0  0  0  0  0  0  0  0  0  0
    6.8029    5.9319   10.4633 H   0  0  0  0  0  0  0  0  0  0  0  0
    5.8155    7.2934    9.9507 H   0  0  0  0  0  0  0  0  0  0  0  0
    5.9399    4.5000    8.6756 H   0  0  0  0  0  0  0  0  0  0  0  0
    4.5000    5.4744    9.0380 H   0  0  0  0  0  0  0  0  0  0  0  0
    6.9876    4.8907    4.6687 H   0  0  0  0  0  0  0  0  0  0  0  0
    6.0612    6.4002    4.5000 H   0  0  0  0  0  0  0  0  0  0  0  0
    8.0581    7.3788    5.3921 H   0  0  0  0  0  0  0  0  0  0  0  0
    8.5166    5.9001    6.2637 H   0  0  0  0  0  0  0  0  0  0  0  0
  1  2  1  0  0  0  0
  1  6  1  0  0  0  0
  1 10  1  0  0  0  0
  2  9  1  6  0  0  0
  2  6  1  0  0  0  0
  2  3  1  0  0  0  0
  3 12  1  0  0  0  0
  3 13  1  0  0  0  0
  3  4  1  0  0  0  0
  4 15  1  0  0  0  0
  4 14  1  0  0  0  0
  5 17  1  0  0  0  0
  5  4  1  0  0  0  0
  6  7  1  6  0  0  0
  6  5  1  0  0  0  0
  8  9  1  0  0  0  0
  8  7  1  0  0  0  0
  9 21  1  0  0  0  0
 11  1  1  0  0  0  0
 16  5  1  0  0  0  0
 18  8  1  0  0  0  0
 19  8  1  0  0  0  0
 20  9  1  0  0  0  0
M  END
