Lattice="14.93530766 0.0 0.0 0.0 15.45070307 0.0 0.0 0.0 12.64951703" Properties=species:S:1:pos:R:3:GW_charged:R:1:dKS_charged:R:1:dKS_neutral:R:1 pbc="T T T"
 OpenBabel12102410123D
Lattice="14.93530766 0.0 0.0 0.0 15.45070307 0.0 0.0 0.0 12.64951703" Properties=species:S:1:pos:R:3:GW_charged:R:1:dKS_charged:R:1:dKS_neutral:R:1 pbc="T T T"
 21 22  0  0  1  0  0  0  0  0999 V2000
    6.4109    7.7433    5.8043 C   0  0  0  0  0  0  0  0  0  0  0  0
    6.3347    6.2458    5.9646 C   0  0  1  0  0  0  0  0  0  0  0  0
    5.2671    5.4474    5.3469 C   0  0  0  0  0  0  0  0  0  0  0  0
    6.5879    5.4579    4.7795 O   0  0  0  0  0  0  0  0  0  0  0  0
    7.8387    8.2713    5.7899 C   0  0  1  0  0  0  0  0  0  0  0  0
    7.9800    9.7881    5.5646 C   0  0  0  0  0  0  0  0  0  0  0  0
    9.2253   10.1735    6.4011 C   0  0  0  0  0  0  0  0  0  0  0  0
    9.6115    8.8529    7.1004 C   0  0  0  0  0  0  0  0  0  0  0  0
    8.4398    8.0370    7.0731 O   0  0  0  0  0  0  0  0  0  0  0  0
    5.9142    8.0314    4.8654 H   0  0  0  0  0  0  0  0  0  0  0  0
    5.8675    8.2271    6.6329 H   0  0  0  0  0  0  0  0  0  0  0  0
    6.8152    5.8450    6.8632 H   0  0  0  0  0  0  0  0  0  0  0  0
    4.9617    4.5000    5.8007 H   0  0  0  0  0  0  0  0  0  0  0  0
    4.5000    5.9501    4.7489 H   0  0  0  0  0  0  0  0  0  0  0  0
    8.4202    7.7262    5.0183 H   0  0  0  0  0  0  0  0  0  0  0  0
    8.0887   10.0299    4.5000 H   0  0  0  0  0  0  0  0  0  0  0  0
    7.0848   10.3074    5.9346 H   0  0  0  0  0  0  0  0  0  0  0  0
   10.0466   10.5531    5.7807 H   0  0  0  0  0  0  0  0  0  0  0  0
    8.9789   10.9507    7.1347 H   0  0  0  0  0  0  0  0  0  0  0  0
   10.4353    8.3489    6.5595 H   0  0  0  0  0  0  0  0  0  0  0  0
    9.9080    8.9723    8.1495 H   0  0  0  0  0  0  0  0  0  0  0  0
  1  2  1  0  0  0  0
  1 11  1  0  0  0  0
  2 12  1  1  0  0  0
  3 13  1  0  0  0  0
  3  2  1  0  0  0  0
  4  3  1  0  0  0  0
  4  2  1  0  0  0  0
  5 15  1  6  0  0  0
  5  1  1  0  0  0  0
  5  9  1  0  0  0  0
  6  5  1  0  0  0  0
  6 17  1  0  0  0  0
  6  7  1  0  0  0  0
  7  8  1  0  0  0  0
  7 19  1  0  0  0  0
  8 21  1  0  0  0  0
  9  8  1  0  0  0  0
 10  1  1  0  0  0  0
 14  3  1  0  0  0  0
 16  6  1  0  0  0  0
 18  7  1  0  0  0  0
 20  8  1  0  0  0  0
M  END
