Lattice="13.60724829 0.0 0.0 0.0 16.04666361 0.0 0.0 0.0 13.55056356" Properties=species:S:1:pos:R:3:GW_charged:R:1:dKS_charged:R:1:dKS_neutral:R:1 pbc="T T T"
 OpenBabel12102411073D
Lattice="13.60724829 0.0 0.0 0.0 16.04666361 0.0 0.0 0.0 13.55056356" Properties=species:S:1:pos:R:3:GW_charged:R:1:dKS_charged:R:1:dKS_neutral:R:1 pbc="T T T"
 23 23  0  0  1  0  0  0  0  0999 V2000
    8.3120   10.9188    5.9291 C   0  0  0  0  0  0  0  0  0  0  0  0
    8.2049    9.5171    6.3009 C   0  0  0  0  0  0  0  0  0  0  0  0
    8.1260    8.3452    6.6105 C   0  0  0  0  0  0  0  0  0  0  0  0
    7.9815    6.9579    6.9909 C   0  0  1  0  0  0  0  0  0  0  0  0
    7.7657    6.5836    8.4894 C   0  0  0  0  0  0  0  0  0  0  0  0
    6.7775    5.4811    8.0394 C   0  0  0  0  0  0  0  0  0  0  0  0
    6.6403    6.1797    6.6490 C   0  0  0  0  0  0  0  0  0  0  0  0
    5.4229    7.1010    6.5883 C   0  0  0  0  0  0  0  0  0  0  0  0
    6.7097    5.2839    5.4195 C   0  0  0  0  0  0  0  0  0  0  0  0
    9.1072   11.0772    5.1860 H   0  0  0  0  0  0  0  0  0  0  0  0
    7.3721   11.2896    5.4944 H   0  0  0  0  0  0  0  0  0  0  0  0
    8.5430   11.5467    6.8022 H   0  0  0  0  0  0  0  0  0  0  0  0
    8.8256    6.3742    6.5894 H   0  0  0  0  0  0  0  0  0  0  0  0
    8.6569    6.2791    9.0506 H   0  0  0  0  0  0  0  0  0  0  0  0
    7.2703    7.3970    9.0333 H   0  0  0  0  0  0  0  0  0  0  0  0
    7.2650    4.5000    7.9528 H   0  0  0  0  0  0  0  0  0  0  0  0
    5.8545    5.3606    8.6214 H   0  0  0  0  0  0  0  0  0  0  0  0
    5.3547    7.7570    7.4668 H   0  0  0  0  0  0  0  0  0  0  0  0
    5.4607    7.7465    5.6996 H   0  0  0  0  0  0  0  0  0  0  0  0
    4.5000    6.5044    6.5403 H   0  0  0  0  0  0  0  0  0  0  0  0
    5.8077    4.6591    5.3349 H   0  0  0  0  0  0  0  0  0  0  0  0
    6.7878    5.8831    4.5000 H   0  0  0  0  0  0  0  0  0  0  0  0
    7.5796    4.6127    5.4597 H   0  0  0  0  0  0  0  0  0  0  0  0
  1  2  1  0  0  0  0
  1 12  1  0  0  0  0
  2  3  3  0  0  0  0
  3  4  1  0  0  0  0
  4 13  1  6  0  0  0
  4  5  1  0  0  0  0
  5 15  1  0  0  0  0
  5 14  1  0  0  0  0
  6  5  1  0  0  0  0
  6 17  1  0  0  0  0
  7  4  1  0  0  0  0
  7  6  1  0  0  0  0
  8  7  1  0  0  0  0
  8 18  1  0  0  0  0
  9 23  1  0  0  0  0
  9  7  1  0  0  0  0
 10  1  1  0  0  0  0
 11  1  1  0  0  0  0
 16  6  1  0  0  0  0
 19  8  1  0  0  0  0
 20  8  1  0  0  0  0
 21  9  1  0  0  0  0
 22  9  1  0  0  0  0
M  END
