Lattice="12.42236731 0.0 0.0 0.0 15.429013569999999 0.0 0.0 0.0 13.250957660000001" Properties=species:S:1:pos:R:3:GW_charged:R:1:dKS_charged:R:1:dKS_neutral:R:1 pbc="T T T"
 OpenBabel12102409263D
Lattice="12.42236731 0.0 0.0 0.0 15.429013569999999 0.0 0.0 0.0 13.250957660000001" Properties=species:S:1:pos:R:3:GW_charged:R:1:dKS_charged:R:1:dKS_neutral:R:1 pbc="T T T"
 18 17  0  0  0  0  0  0  0  0999 V2000
    5.4694   10.4924    7.8446 C   0  0  0  0  0  0  0  0  0  0  0  0
    5.5187    8.9647    7.7886 C   0  0  0  0  0  0  0  0  0  0  0  0
    6.2243    8.4514    6.5432 C   0  0  0  0  0  0  0  0  0  0  0  0
    6.2308    7.0311    6.5624 O   0  0  0  0  0  0  0  0  0  0  0  0
    6.8752    6.4712    5.4254 C   0  0  0  0  0  0  0  0  0  0  0  0
    6.8332    4.9592    5.5343 C   0  0  0  0  0  0  0  0  0  0  0  0
    6.4787   10.9290    7.8499 H   0  0  0  0  0  0  0  0  0  0  0  0
    4.9326   10.9110    6.9809 H   0  0  0  0  0  0  0  0  0  0  0  0
    4.9560   10.8387    8.7510 H   0  0  0  0  0  0  0  0  0  0  0  0
    6.0371    8.5668    8.6741 H   0  0  0  0  0  0  0  0  0  0  0  0
    4.5000    8.5488    7.8106 H   0  0  0  0  0  0  0  0  0  0  0  0
    5.7105    8.8167    5.6298 H   0  0  0  0  0  0  0  0  0  0  0  0
    7.2647    8.8356    6.5026 H   0  0  0  0  0  0  0  0  0  0  0  0
    6.3683    6.8116    4.5000 H   0  0  0  0  0  0  0  0  0  0  0  0
    7.9224    6.8312    5.3710 H   0  0  0  0  0  0  0  0  0  0  0  0
    7.3483    4.6201    6.4425 H   0  0  0  0  0  0  0  0  0  0  0  0
    5.7964    4.6006    5.5732 H   0  0  0  0  0  0  0  0  0  0  0  0
    7.3252    4.5000    4.6663 H   0  0  0  0  0  0  0  0  0  0  0  0
  1  7  1  0  0  0  0
  1  9  1  0  0  0  0
  2 11  1  0  0  0  0
  2  1  1  0  0  0  0
  2 10  1  0  0  0  0
  3  4  1  0  0  0  0
  3  2  1  0  0  0  0
  5  6  1  0  0  0  0
  5  4  1  0  0  0  0
  6 17  1  0  0  0  0
  6 16  1  0  0  0  0
  8  1  1  0  0  0  0
 12  3  1  0  0  0  0
 13  3  1  0  0  0  0
 14  5  1  0  0  0  0
 15  5  1  0  0  0  0
 18  6  1  0  0  0  0
M  END
