Lattice="13.8774826 0.0 0.0 0.0 13.30235134 0.0 0.0 0.0 15.1569995" Properties=species:S:1:pos:R:3:GW_charged:R:1:dKS_charged:R:1:dKS_neutral:R:1 pbc="T T T"
 OpenBabel12102409443D
Lattice="13.8774826 0.0 0.0 0.0 13.30235134 0.0 0.0 0.0 15.1569995" Properties=species:S:1:pos:R:3:GW_charged:R:1:dKS_charged:R:1:dKS_neutral:R:1 pbc="T T T"
 19 19  0  0  0  0  0  0  0  0999 V2000
    5.1046    8.1636    9.5978 C   0  0  0  0  0  0  0  0  0  0  0  0
    5.5041    6.6854    9.7466 C   0  0  0  0  0  0  0  0  0  0  0  0
    6.3015    6.1566    8.6121 C   0  0  0  0  0  0  0  0  0  0  0  0
    7.6149    5.7976    8.4673 C   0  0  0  0  0  0  0  0  0  0  0  0
    8.5448    5.8534    9.4757 O   0  0  0  0  0  0  0  0  0  0  0  0
    7.8051    5.3816    7.1094 C   0  0  0  0  0  0  0  0  0  0  0  0
    6.5886    5.5139    6.4968 C   0  0  0  0  0  0  0  0  0  0  0  0
    6.1120    5.2530    5.1162 C   0  0  0  0  0  0  0  0  0  0  0  0
    5.6686    5.9840    7.3918 O   0  0  0  0  0  0  0  0  0  0  0  0
    5.9946    8.8024    9.5209 H   0  0  0  0  0  0  0  0  0  0  0  0
    4.5000    8.3185    8.6946 H   0  0  0  0  0  0  0  0  0  0  0  0
    4.5147    8.4996   10.4618 H   0  0  0  0  0  0  0  0  0  0  0  0
    6.1053    6.5493   10.6570 H   0  0  0  0  0  0  0  0  0  0  0  0
    4.5980    6.0705    9.8781 H   0  0  0  0  0  0  0  0  0  0  0  0
    9.3775    5.4861    9.1459 H   0  0  0  0  0  0  0  0  0  0  0  0
    8.7224    5.0310    6.6461 H   0  0  0  0  0  0  0  0  0  0  0  0
    5.3099    4.5000    5.1007 H   0  0  0  0  0  0  0  0  0  0  0  0
    5.7162    6.1656    4.6460 H   0  0  0  0  0  0  0  0  0  0  0  0
    6.9394    4.8829    4.5000 H   0  0  0  0  0  0  0  0  0  0  0  0
  1  2  1  0  0  0  0
  1 12  1  0  0  0  0
  2 14  1  0  0  0  0
  2 13  1  0  0  0  0
  3  2  1  0  0  0  0
  4  3  2  0  0  0  0
  4  5  1  0  0  0  0
  6  4  1  0  0  0  0
  7  6  2  0  0  0  0
  7  9  1  0  0  0  0
  8  7  1  0  0  0  0
  9  3  1  0  0  0  0
 10  1  1  0  0  0  0
 11  1  1  0  0  0  0
 15  5  1  0  0  0  0
 16  6  1  0  0  0  0
 17  8  1  0  0  0  0
 18  8  1  0  0  0  0
 19  8  1  0  0  0  0
M  END
