Lattice="13.385465400000001 0.0 0.0 0.0 12.94952456 0.0 0.0 0.0 15.455495330000002" Properties=species:S:1:pos:R:3:GW_charged:R:1:dKS_charged:R:1:dKS_neutral:R:1 pbc="T T T"
 OpenBabel12102409423D
Lattice="13.385465400000001 0.0 0.0 0.0 12.94952456 0.0 0.0 0.0 15.455495330000002" Properties=species:S:1:pos:R:3:GW_charged:R:1:dKS_charged:R:1:dKS_neutral:R:1 pbc="T T T"
 19 20  0  0  1  0  0  0  0  0999 V2000
    5.3605    7.6110    5.5432 C   0  0  0  0  0  0  0  0  0  0  0  0
    5.5190    6.1130    5.6370 C   0  0  1  0  0  0  0  0  0  0  0  0
    6.8551    5.4470    5.4548 C   0  0  0  0  0  0  0  0  0  0  0  0
    6.2157    5.4471    6.8282 C   0  0  1  0  0  0  0  0  0  0  0  0
    6.7770    6.2054    7.9519 C   0  0  0  0  0  0  0  0  0  0  0  0
    6.5014    6.1954    9.2947 C   0  0  0  0  0  0  0  0  0  0  0  0
    7.3644    7.1606    9.9043 C   0  0  0  0  0  0  0  0  0  0  0  0
    8.1083    7.6969    8.8965 C   0  0  0  0  0  0  0  0  0  0  0  0
    7.7681    7.1249    7.6985 O   0  0  0  0  0  0  0  0  0  0  0  0
    6.2493    8.1387    5.9111 H   0  0  0  0  0  0  0  0  0  0  0  0
    5.1975    7.9174    4.5000 H   0  0  0  0  0  0  0  0  0  0  0  0
    4.5000    7.9562    6.1339 H   0  0  0  0  0  0  0  0  0  0  0  0
    4.6609    5.5462    5.2690 H   0  0  0  0  0  0  0  0  0  0  0  0
    6.9120    4.5000    4.9203 H   0  0  0  0  0  0  0  0  0  0  0  0
    7.7208    6.0950    5.3222 H   0  0  0  0  0  0  0  0  0  0  0  0
    5.7661    4.5085    7.1527 H   0  0  0  0  0  0  0  0  0  0  0  0
    5.7651    5.5696    9.7868 H   0  0  0  0  0  0  0  0  0  0  0  0
    7.4253    7.4198   10.9555 H   0  0  0  0  0  0  0  0  0  0  0  0
    8.8855    8.4495    8.8533 H   0  0  0  0  0  0  0  0  0  0  0  0
  1  2  1  0  0  0  0
  1 10  1  0  0  0  0
  1 12  1  0  0  0  0
  2 13  1  6  0  0  0
  2  4  1  0  0  0  0
  3  2  1  0  0  0  0
  3  4  1  0  0  0  0
  4 16  1  1  0  0  0
  4  5  1  0  0  0  0
  5  6  2  0  0  0  0
  6 17  1  0  0  0  0
  6  7  1  0  0  0  0
  7 18  1  0  0  0  0
  8  7  2  0  0  0  0
  9  5  1  0  0  0  0
  9  8  1  0  0  0  0
 11  1  1  0  0  0  0
 14  3  1  0  0  0  0
 15  3  1  0  0  0  0
 19  8  1  0  0  0  0
M  END
