Lattice="12.73900412 0.0 0.0 0.0 12.55668513 0.0 0.0 0.0 15.43133149" Properties=species:S:1:pos:R:3:GW_charged:R:1:dKS_charged:R:1:dKS_neutral:R:1 pbc="T T T"
 OpenBabel12102411053D
Lattice="12.73900412 0.0 0.0 0.0 12.55668513 0.0 0.0 0.0 15.43133149" Properties=species:S:1:pos:R:3:GW_charged:R:1:dKS_charged:R:1:dKS_neutral:R:1 pbc="T T T"
 21 23  0  0  1  0  0  0  0  0999 V2000
    5.2322    7.2613    8.9031 C   0  0  0  0  0  0  0  0  0  0  0  0
    6.7860    7.1985    9.0007 C   0  0  1  0  0  0  0  0  0  0  0  0
    6.5507    5.9591    9.9262 C   0  0  0  0  0  0  0  0  0  0  0  0
    5.3502    5.6876    8.9603 C   0  0  2  0  0  0  0  0  0  0  0  0
    6.0294    5.5029    7.6380 C   0  0  1  0  0  3  0  0  0  0  0  0
    5.7635    5.1302    6.3813 C   0  0  0  0  0  3  0  0  0  0  0  0
    6.7310    5.8216    5.4303 C   0  0  0  0  0  0  0  0  0  0  0  0
    7.2469    7.0242    6.2788 C   0  0  0  0  0  0  0  0  0  0  0  0
    7.2121    6.4619    7.7070 C   0  0  1  0  0  0  0  0  0  0  0  0
    4.7760    7.6687    9.8147 H   0  0  0  0  0  0  0  0  0  0  0  0
    4.7708    7.7012    8.0092 H   0  0  0  0  0  0  0  0  0  0  0  0
    7.3788    8.0567    9.3355 H   0  0  0  0  0  0  0  0  0  0  0  0
    7.3454    5.2023    9.9865 H   0  0  0  0  0  0  0  0  0  0  0  0
    6.2142    6.2422   10.9313 H   0  0  0  0  0  0  0  0  0  0  0  0
    4.5000    5.0550    9.2320 H   0  0  0  0  0  0  0  0  0  0  0  0
    4.9397    4.5000    6.0482 H   0  0  0  0  0  0  0  0  0  0  0  0
    7.5647    5.1617    5.1277 H   0  0  0  0  0  0  0  0  0  0  0  0
    6.2405    6.1437    4.5000 H   0  0  0  0  0  0  0  0  0  0  0  0
    8.2390    7.3794    5.9683 H   0  0  0  0  0  0  0  0  0  0  0  0
    6.5408    7.8638    6.1788 H   0  0  0  0  0  0  0  0  0  0  0  0
    8.1540    5.9165    7.9053 H   0  0  0  0  0  0  0  0  0  0  0  0
  1  4  1  0  0  0  0
  1  2  1  0  0  0  0
  1 10  1  0  0  0  0
  2 12  1  1  0  0  0
  2  3  1  0  0  0  0
  3 13  1  0  0  0  0
  3 14  1  0  0  0  0
  4 15  1  1  0  0  0
  4  3  1  0  0  0  0
  5  6  1  6  0  0  0
  5  9  1  0  0  0  0
  5  4  1  0  0  0  0
  7  8  1  0  0  0  0
  7  6  1  0  0  0  0
  8  9  1  0  0  0  0
  9 21  1  1  0  0  0
  9  2  1  0  0  0  0
 11  1  1  0  0  0  0
 16  6  1  0  0  0  0
 17  7  1  0  0  0  0
 18  7  1  0  0  0  0
 19  8  1  0  0  0  0
 20  8  1  0  0  0  0
M  END
