Lattice="13.61852455 0.0 0.0 0.0 14.70002286 0.0 0.0 0.0 12.91570473" Properties=species:S:1:pos:R:3:GW_charged:R:1:dKS_charged:R:1:dKS_neutral:R:1 pbc="T T T"
 OpenBabel12102409273D
Lattice="13.61852455 0.0 0.0 0.0 14.70002286 0.0 0.0 0.0 12.91570473" Properties=species:S:1:pos:R:3:GW_charged:R:1:dKS_charged:R:1:dKS_neutral:R:1 pbc="T T T"
 19 19  0  0  1  0  0  0  0  0999 V2000
    8.1463    9.4328    5.5398 C   0  0  0  0  0  0  0  0  0  0  0  0
    7.9652    8.3745    6.4715 O   0  0  0  0  0  0  0  0  0  0  0  0
    6.7489    7.7055    6.2867 C   0  0  1  0  0  0  0  0  0  0  0  0
    6.6346    6.6373    5.2170 C   0  0  0  0  0  0  0  0  0  0  0  0
    6.6640    6.2599    6.6923 C   0  0  0  0  0  0  0  0  0  0  0  0
    7.9088    5.5810    7.2267 C   0  0  0  0  0  0  0  0  0  0  0  0
    5.3682    5.7939    7.3260 C   0  0  0  0  0  0  0  0  0  0  0  0
    9.1185    9.8892    5.7589 H   0  0  0  0  0  0  0  0  0  0  0  0
    8.1424    9.0619    4.5000 H   0  0  0  0  0  0  0  0  0  0  0  0
    7.3575   10.2000    5.6412 H   0  0  0  0  0  0  0  0  0  0  0  0
    5.8676    8.3338    6.4708 H   0  0  0  0  0  0  0  0  0  0  0  0
    5.7018    6.5424    4.6612 H   0  0  0  0  0  0  0  0  0  0  0  0
    7.5356    6.4315    4.6391 H   0  0  0  0  0  0  0  0  0  0  0  0
    8.8194    5.9874    6.7723 H   0  0  0  0  0  0  0  0  0  0  0  0
    7.9913    5.7193    8.3150 H   0  0  0  0  0  0  0  0  0  0  0  0
    7.8720    4.5000    7.0260 H   0  0  0  0  0  0  0  0  0  0  0  0
    5.2058    4.7216    7.1386 H   0  0  0  0  0  0  0  0  0  0  0  0
    5.3857    5.9458    8.4157 H   0  0  0  0  0  0  0  0  0  0  0  0
    4.5000    6.3353    6.9257 H   0  0  0  0  0  0  0  0  0  0  0  0
  1 10  1  0  0  0  0
  1  8  1  0  0  0  0
  1  2  1  0  0  0  0
  3 11  1  1  0  0  0
  3  2  1  0  0  0  0
  3  5  1  0  0  0  0
  4  3  1  0  0  0  0
  4  5  1  0  0  0  0
  5  6  1  0  0  0  0
  5  7  1  0  0  0  0
  6 15  1  0  0  0  0
  7 18  1  0  0  0  0
  9  1  1  0  0  0  0
 12  4  1  0  0  0  0
 13  4  1  0  0  0  0
 14  6  1  0  0  0  0
 16  6  1  0  0  0  0
 17  7  1  0  0  0  0
 19  7  1  0  0  0  0
M  END
