Lattice="13.19375536 0.0 0.0 0.0 15.54815492 0.0 0.0 0.0 13.28750043" Properties=species:S:1:pos:R:3:GW_charged:R:1:dKS_charged:R:1:dKS_neutral:R:1 pbc="T T T"
 OpenBabel12102409383D
Lattice="13.19375536 0.0 0.0 0.0 15.54815492 0.0 0.0 0.0 13.28750043" Properties=species:S:1:pos:R:3:GW_charged:R:1:dKS_charged:R:1:dKS_neutral:R:1 pbc="T T T"
 19 19  0  0  1  0  0  0  0  0999 V2000
    5.5648   10.5899    7.8361 C   0  0  0  0  0  0  0  0  0  0  0  0
    5.5356    9.0633    7.7522 C   0  0  0  0  0  0  0  0  0  0  0  0
    6.1043    8.5228    6.4365 C   0  0  0  0  0  0  0  0  0  0  0  0
    6.1108    7.0102    6.3589 C   0  0  1  0  0  0  0  0  0  0  0  0
    6.8549    6.3233    5.1944 C   0  0  0  0  0  0  0  0  0  0  0  0
    7.5949    5.5529    6.3002 C   0  0  0  0  0  0  0  0  0  0  0  0
    7.0110    6.3889    7.3362 O   0  0  0  0  0  0  0  0  0  0  0  0
    6.5925   10.9737    7.7585 H   0  0  0  0  0  0  0  0  0  0  0  0
    4.9804   11.0482    7.0244 H   0  0  0  0  0  0  0  0  0  0  0  0
    5.1491   10.9486    8.7875 H   0  0  0  0  0  0  0  0  0  0  0  0
    6.1072    8.6323    8.5881 H   0  0  0  0  0  0  0  0  0  0  0  0
    4.5000    8.7047    7.8726 H   0  0  0  0  0  0  0  0  0  0  0  0
    5.5139    8.9038    5.5841 H   0  0  0  0  0  0  0  0  0  0  0  0
    7.1358    8.8871    6.2950 H   0  0  0  0  0  0  0  0  0  0  0  0
    5.0854    6.6184    6.5021 H   0  0  0  0  0  0  0  0  0  0  0  0
    6.2465    5.7338    4.5000 H   0  0  0  0  0  0  0  0  0  0  0  0
    7.4936    7.0103    4.6253 H   0  0  0  0  0  0  0  0  0  0  0  0
    7.2849    4.5000    6.4117 H   0  0  0  0  0  0  0  0  0  0  0  0
    8.6938    5.6060    6.3048 H   0  0  0  0  0  0  0  0  0  0  0  0
  1 10  1  0  0  0  0
  2  1  1  0  0  0  0
  2 12  1  0  0  0  0
  2 11  1  0  0  0  0
  3  2  1  0  0  0  0
  4  3  1  0  0  0  0
  4 15  1  1  0  0  0
  4  7  1  0  0  0  0
  5  6  1  0  0  0  0
  5  4  1  0  0  0  0
  6 19  1  0  0  0  0
  6 18  1  0  0  0  0
  6  7  1  0  0  0  0
  8  1  1  0  0  0  0
  9  1  1  0  0  0  0
 13  3  1  0  0  0  0
 14  3  1  0  0  0  0
 16  5  1  0  0  0  0
 17  5  1  0  0  0  0
M  END
