Lattice="13.46300613 0.0 0.0 0.0 14.17709507 0.0 0.0 0.0 12.77763881" Properties=species:S:1:pos:R:3:GW_charged:R:1:dKS_charged:R:1:dKS_neutral:R:1 pbc="T T T"
 OpenBabel12102409393D
Lattice="13.46300613 0.0 0.0 0.0 14.17709507 0.0 0.0 0.0 12.77763881" Properties=species:S:1:pos:R:3:GW_charged:R:1:dKS_charged:R:1:dKS_neutral:R:1 pbc="T T T"
 17 17  0  0  1  0  0  0  0  0999 V2000
    8.0517    9.3502    5.5481 O   0  0  0  0  0  0  0  0  0  0  0  0
    8.0874    7.9181    5.5664 C   0  0  0  0  0  0  0  0  0  0  0  0
    6.6555    7.3965    5.6209 C   0  0  1  0  0  0  0  0  0  0  0  0
    6.5809    5.8494    5.5289 C   0  0  0  0  0  0  0  0  0  0  0  0
    5.4366    5.4226    6.4801 C   0  0  0  0  0  0  0  0  0  0  0  0
    5.2742    6.6226    7.3787 C   0  0  0  0  0  0  0  0  0  0  0  0
    5.9274    7.6929    6.9118 C   0  0  0  0  0  0  0  0  0  0  0  0
    8.9630    9.6771    5.5619 H   0  0  0  0  0  0  0  0  0  0  0  0
    8.5868    7.5278    4.6595 H   0  0  0  0  0  0  0  0  0  0  0  0
    8.6439    7.5481    6.4480 H   0  0  0  0  0  0  0  0  0  0  0  0
    6.1147    7.8675    4.7787 H   0  0  0  0  0  0  0  0  0  0  0  0
    6.4379    5.4969    4.5000 H   0  0  0  0  0  0  0  0  0  0  0  0
    7.5304    5.4212    5.8876 H   0  0  0  0  0  0  0  0  0  0  0  0
    4.5000    5.2222    5.9307 H   0  0  0  0  0  0  0  0  0  0  0  0
    5.6689    4.5000    7.0324 H   0  0  0  0  0  0  0  0  0  0  0  0
    4.6574    6.6094    8.2776 H   0  0  0  0  0  0  0  0  0  0  0  0
    5.9264    8.6843    7.3632 H   0  0  0  0  0  0  0  0  0  0  0  0
  1  8  1  0  0  0  0
  1  2  1  0  0  0  0
  2  3  1  0  0  0  0
  2 10  1  0  0  0  0
  3 11  1  6  0  0  0
  3  7  1  0  0  0  0
  4  3  1  0  0  0  0
  4 13  1  0  0  0  0
  4  5  1  0  0  0  0
  5 15  1  0  0  0  0
  5  6  1  0  0  0  0
  6 16  1  0  0  0  0
  7 17  1  0  0  0  0
  7  6  2  0  0  0  0
  9  2  1  0  0  0  0
 12  4  1  0  0  0  0
 14  5  1  0  0  0  0
M  END
