Lattice="14.47275329 0.0 0.0 0.0 13.61000234 0.0 0.0 0.0 13.20768967" Properties=species:S:1:pos:R:3:GW_charged:R:1:dKS_charged:R:1:dKS_neutral:R:1 pbc="T T T"
 OpenBabel12102409263D
Lattice="14.47275329 0.0 0.0 0.0 13.61000234 0.0 0.0 0.0 13.20768967" Properties=species:S:1:pos:R:3:GW_charged:R:1:dKS_charged:R:1:dKS_neutral:R:1 pbc="T T T"
 19 19  0  0  1  0  0  0  0  0999 V2000
    5.5536    8.2095    7.6099 C   0  0  0  0  0  0  0  0  0  0  0  0
    6.2325    6.9576    7.0980 C   0  0  1  0  0  0  0  0  0  0  0  0
    6.5596    6.8565    5.5966 C   0  0  0  0  0  0  0  0  0  0  0  0
    8.0293    6.6543    6.0456 C   0  0  0  0  0  0  0  0  0  0  0  0
    8.5580    5.2344    5.8813 C   0  0  0  0  0  0  0  0  0  0  0  0
    9.0277    7.6983    5.5709 C   0  0  0  0  0  0  0  0  0  0  0  0
    7.6488    6.9015    7.4493 O   0  0  0  0  0  0  0  0  0  0  0  0
    6.0516    9.1100    7.2248 H   0  0  0  0  0  0  0  0  0  0  0  0
    4.5000    8.2286    7.2940 H   0  0  0  0  0  0  0  0  0  0  0  0
    5.5811    8.2432    8.7077 H   0  0  0  0  0  0  0  0  0  0  0  0
    5.7149    6.0620    7.4873 H   0  0  0  0  0  0  0  0  0  0  0  0
    6.1053    6.0202    5.0528 H   0  0  0  0  0  0  0  0  0  0  0  0
    6.3869    7.7863    5.0394 H   0  0  0  0  0  0  0  0  0  0  0  0
    8.7600    5.0129    4.8231 H   0  0  0  0  0  0  0  0  0  0  0  0
    9.4931    5.1079    6.4444 H   0  0  0  0  0  0  0  0  0  0  0  0
    7.8324    4.5000    6.2553 H   0  0  0  0  0  0  0  0  0  0  0  0
    8.6355    8.7109    5.7297 H   0  0  0  0  0  0  0  0  0  0  0  0
    9.9728    7.6058    6.1244 H   0  0  0  0  0  0  0  0  0  0  0  0
    9.2435    7.5708    4.5000 H   0  0  0  0  0  0  0  0  0  0  0  0
  1 10  1  0  0  0  0
  2  7  1  0  0  0  0
  2 11  1  1  0  0  0
  2  1  1  0  0  0  0
  3  4  1  0  0  0  0
  3  2  1  0  0  0  0
  4  7  1  0  0  0  0
  5  4  1  0  0  0  0
  5 16  1  0  0  0  0
  5 15  1  0  0  0  0
  6 17  1  0  0  0  0
  6  4  1  0  0  0  0
  6 18  1  0  0  0  0
  8  1  1  0  0  0  0
  9  1  1  0  0  0  0
 12  3  1  0  0  0  0
 13  3  1  0  0  0  0
 14  5  1  0  0  0  0
 19  6  1  0  0  0  0
M  END
