Lattice="16.328382060000003 0.0 0.0 0.0 12.63642321 0.0 0.0 0.0 13.331877129999999" Properties=species:S:1:pos:R:3:GW_charged:R:1:dKS_charged:R:1:dKS_neutral:R:1 pbc="T T T"
 OpenBabel12102409403D
Lattice="16.328382060000003 0.0 0.0 0.0 12.63642321 0.0 0.0 0.0 13.331877129999999" Properties=species:S:1:pos:R:3:GW_charged:R:1:dKS_charged:R:1:dKS_neutral:R:1 pbc="T T T"
 20 19  0  0  0  0  0  0  0  0999 V2000
    7.5065    7.7152    6.6822 C   0  0  0  0  0  0  0  0  0  0  0  0
    7.5583    6.1798    6.6716 C   0  0  0  0  0  0  0  0  0  0  0  0
    8.2753    5.6568    7.9256 C   0  0  0  0  0  0  0  0  0  0  0  0
    6.1338    5.6043    6.5996 C   0  0  0  0  0  0  0  0  0  0  0  0
    5.3910    6.0204    7.7481 O   0  0  0  0  0  0  0  0  0  0  0  0
    8.2853    5.6762    5.3884 C   0  0  0  0  0  0  0  0  0  0  0  0
    9.6660    6.1178    5.2657 C   0  0  0  0  0  0  0  0  0  0  0  0
   10.8138    6.4931    5.1781 C   0  0  0  0  0  0  0  0  0  0  0  0
    8.5200    8.1364    6.7070 H   0  0  0  0  0  0  0  0  0  0  0  0
    7.0017    8.1021    5.7845 H   0  0  0  0  0  0  0  0  0  0  0  0
    6.9574    8.0757    7.5602 H   0  0  0  0  0  0  0  0  0  0  0  0
    7.7437    5.9706    8.8319 H   0  0  0  0  0  0  0  0  0  0  0  0
    8.3253    4.5577    7.9256 H   0  0  0  0  0  0  0  0  0  0  0  0
    9.3025    6.0411    7.9726 H   0  0  0  0  0  0  0  0  0  0  0  0
    5.6458    5.9589    5.6716 H   0  0  0  0  0  0  0  0  0  0  0  0
    6.1907    4.5000    6.5525 H   0  0  0  0  0  0  0  0  0  0  0  0
    4.5000    5.6483    7.6831 H   0  0  0  0  0  0  0  0  0  0  0  0
    8.2621    4.5733    5.3698 H   0  0  0  0  0  0  0  0  0  0  0  0
    7.7243    6.0131    4.5000 H   0  0  0  0  0  0  0  0  0  0  0  0
   11.8284    6.8194    5.0919 H   0  0  0  0  0  0  0  0  0  0  0  0
  1  9  1  0  0  0  0
  1 11  1  0  0  0  0
  2  1  1  0  0  0  0
  2  3  1  0  0  0  0
  3 13  1  0  0  0  0
  3 14  1  0  0  0  0
  3 12  1  0  0  0  0
  4  2  1  0  0  0  0
  4  5  1  0  0  0  0
  6  2  1  0  0  0  0
  7  6  1  0  0  0  0
  8  7  3  0  0  0  0
 10  1  1  0  0  0  0
 15  4  1  0  0  0  0
 16  4  1  0  0  0  0
 17  5  1  0  0  0  0
 18  6  1  0  0  0  0
 19  6  1  0  0  0  0
 20  8  1  0  0  0  0
M  END
