Lattice="13.24497217 0.0 0.0 0.0 13.88604211 0.0 0.0 0.0 13.5462233" Properties=species:S:1:pos:R:3:GW_charged:R:1:dKS_charged:R:1:dKS_neutral:R:1 pbc="T T T"
 OpenBabel12102411063D
Lattice="13.24497217 0.0 0.0 0.0 13.88604211 0.0 0.0 0.0 13.5462233" Properties=species:S:1:pos:R:3:GW_charged:R:1:dKS_charged:R:1:dKS_neutral:R:1 pbc="T T T"
 21 23  0  0  1  0  0  0  0  0999 V2000
    5.3955    8.0592    6.6263 C   0  0  0  0  0  0  0  0  0  0  0  0
    6.9061    8.3282    6.6254 C   0  0  2  0  0  0  0  0  0  0  0  0
    7.3301    7.4812    5.4183 C   0  0  0  0  0  0  0  0  0  0  0  0
    6.7290    6.1224    5.8387 C   0  0  1  0  0  0  0  0  0  0  0  0
    7.6888    5.5624    6.9108 C   0  0  0  0  0  0  0  0  0  0  0  0
    7.2620    6.4249    8.1059 C   0  0  2  0  0  0  0  0  0  0  0  0
    5.7543    6.1405    8.1189 C   0  0  0  0  0  0  0  0  0  0  0  0
    5.4132    6.5155    6.6603 C   0  0  1  0  0  0  0  0  0  0  0  0
    7.5161    7.8276    7.8416 O   0  0  0  0  0  0  0  0  0  0  0  0
    4.8754    8.4963    7.4879 H   0  0  0  0  0  0  0  0  0  0  0  0
    4.9419    8.4631    5.7096 H   0  0  0  0  0  0  0  0  0  0  0  0
    7.1930    9.3860    6.5787 H   0  0  0  0  0  0  0  0  0  0  0  0
    6.8789    7.8844    4.5000 H   0  0  0  0  0  0  0  0  0  0  0  0
    8.4172    7.4381    5.2762 H   0  0  0  0  0  0  0  0  0  0  0  0
    6.5376    5.4379    5.0048 H   0  0  0  0  0  0  0  0  0  0  0  0
    7.5116    4.5000    7.1326 H   0  0  0  0  0  0  0  0  0  0  0  0
    8.7450    5.6850    6.6399 H   0  0  0  0  0  0  0  0  0  0  0  0
    7.7861    6.2139    9.0462 H   0  0  0  0  0  0  0  0  0  0  0  0
    5.5747    5.0787    8.3422 H   0  0  0  0  0  0  0  0  0  0  0  0
    5.2032    6.7432    8.8516 H   0  0  0  0  0  0  0  0  0  0  0  0
    4.5000    6.0467    6.2771 H   0  0  0  0  0  0  0  0  0  0  0  0
  1  8  1  0  0  0  0
  1 10  1  0  0  0  0
  2 12  1  6  0  0  0
  2  1  1  0  0  0  0
  2  9  1  0  0  0  0
  3  4  1  0  0  0  0
  3  2  1  0  0  0  0
  4 15  1  6  0  0  0
  4  8  1  0  0  0  0
  4  5  1  0  0  0  0
  5 16  1  0  0  0  0
  5  6  1  0  0  0  0
  6  7  1  0  0  0  0
  6 18  1  1  0  0  0
  7 19  1  0  0  0  0
  7 20  1  0  0  0  0
  8 21  1  6  0  0  0
  8  7  1  0  0  0  0
  9  6  1  0  0  0  0
 11  1  1  0  0  0  0
 13  3  1  0  0  0  0
 14  3  1  0  0  0  0
 17  5  1  0  0  0  0
M  END
