Lattice="12.83665476 0.0 0.0 0.0 13.31783843 0.0 0.0 0.0 14.02089856" Properties=species:S:1:pos:R:3:GW_charged:R:1:dKS_charged:R:1:dKS_neutral:R:1 pbc="T T T"
 OpenBabel12102409263D
Lattice="12.83665476 0.0 0.0 0.0 13.31783843 0.0 0.0 0.0 14.02089856" Properties=species:S:1:pos:R:3:GW_charged:R:1:dKS_charged:R:1:dKS_neutral:R:1 pbc="T T T"
 13 12  0  0  0  0  0  0  0  0999 V2000
    5.1695    8.2294    5.4685 C   0  0  0  0  0  0  0  0  0  0  0  0
    5.4935    6.7284    5.3758 C   0  0  0  0  0  0  0  0  0  0  0  0
    6.1475    6.2055    6.5703 C   0  0  0  0  0  0  0  0  0  0  0  0
    6.6901    5.7977    7.5757 C   0  0  0  0  0  0  0  0  0  0  0  0
    7.3412    5.2993    8.7773 C   0  0  0  0  0  0  0  0  0  0  0  0
    6.0841    8.8178    5.6153 H   0  0  0  0  0  0  0  0  0  0  0  0
    4.6795    8.5766    4.5489 H   0  0  0  0  0  0  0  0  0  0  0  0
    4.5000    8.4327    6.3140 H   0  0  0  0  0  0  0  0  0  0  0  0
    4.5665    6.1605    5.1925 H   0  0  0  0  0  0  0  0  0  0  0  0
    6.1367    6.5423    4.5000 H   0  0  0  0  0  0  0  0  0  0  0  0
    6.7515    4.5000    9.2494 H   0  0  0  0  0  0  0  0  0  0  0  0
    8.3367    4.8897    8.5521 H   0  0  0  0  0  0  0  0  0  0  0  0
    7.4717    6.0990    9.5209 H   0  0  0  0  0  0  0  0  0  0  0  0
  1  6  1  0  0  0  0
  1  8  1  0  0  0  0
  2  1  1  0  0  0  0
  2  3  1  0  0  0  0
  3  4  3  0  0  0  0
  4  5  1  0  0  0  0
  5 11  1  0  0  0  0
  5 13  1  0  0  0  0
  7  1  1  0  0  0  0
  9  2  1  0  0  0  0
 10  2  1  0  0  0  0
 12  5  1  0  0  0  0
M  END
