Lattice="13.95756127 0.0 0.0 0.0 16.52162292 0.0 0.0 0.0 12.42168144" Properties=species:S:1:pos:R:3:GW_charged:R:1:dKS_charged:R:1:dKS_neutral:R:1 pbc="T T T"
 OpenBabel12102409453D
Lattice="13.95756127 0.0 0.0 0.0 16.52162292 0.0 0.0 0.0 12.42168144" Properties=species:S:1:pos:R:3:GW_charged:R:1:dKS_charged:R:1:dKS_neutral:R:1 pbc="T T T"
 19 19  0  0  0  0  0  0  0  0999 V2000
    6.9364    5.5674    5.3087 C   0  0  0  0  0  0  0  0  0  0  0  0
    6.8646    6.7795    5.3565 C   0  0  0  0  0  0  0  0  0  0  0  0
    6.8492    8.1995    5.4165 C   0  0  0  0  0  0  0  0  0  0  0  0
    5.6825    8.8807    5.4181 C   0  0  0  0  0  0  0  0  0  0  0  0
    5.5607   10.3787    5.4863 C   0  0  0  0  0  0  0  0  0  0  0  0
    6.3431   11.0996    6.5626 C   0  0  0  0  0  0  0  0  0  0  0  0
    7.5087   10.7713    7.1367 C   0  0  0  0  0  0  0  0  0  0  0  0
    8.4181    9.6094    6.8434 C   0  0  0  0  0  0  0  0  0  0  0  0
    8.1908    8.9061    5.4983 C   0  0  0  0  0  0  0  0  0  0  0  0
    6.9804    4.5000    5.2647 H   0  0  0  0  0  0  0  0  0  0  0  0
    4.7543    8.3106    5.3532 H   0  0  0  0  0  0  0  0  0  0  0  0
    5.8267   10.8117    4.5000 H   0  0  0  0  0  0  0  0  0  0  0  0
    4.5000   10.6344    5.6162 H   0  0  0  0  0  0  0  0  0  0  0  0
    5.8685   12.0216    6.9096 H   0  0  0  0  0  0  0  0  0  0  0  0
    7.8699   11.4425    7.9217 H   0  0  0  0  0  0  0  0  0  0  0  0
    9.4576    9.9755    6.8789 H   0  0  0  0  0  0  0  0  0  0  0  0
    8.3455    8.8690    7.6595 H   0  0  0  0  0  0  0  0  0  0  0  0
    8.9926    8.1773    5.3272 H   0  0  0  0  0  0  0  0  0  0  0  0
    8.2590    9.6490    4.6864 H   0  0  0  0  0  0  0  0  0  0  0  0
  1  2  3  0  0  0  0
  2  3  1  0  0  0  0
  3  4  2  0  0  0  0
  3  9  1  0  0  0  0
  4  5  1  0  0  0  0
  5 13  1  0  0  0  0
  5  6  1  0  0  0  0
  6 14  1  0  0  0  0
  6  7  2  0  0  0  0
  7 15  1  0  0  0  0
  8 16  1  0  0  0  0
  8  7  1  0  0  0  0
  8 17  1  0  0  0  0
  9  8  1  0  0  0  0
 10  1  1  0  0  0  0
 11  4  1  0  0  0  0
 12  5  1  0  0  0  0
 18  9  1  0  0  0  0
 19  9  1  0  0  0  0
M  END
