Lattice="11.86599689 0.0 0.0 0.0 15.0201914 0.0 0.0 0.0 12.08541923" Properties=species:S:1:pos:R:3:GW_charged:R:1:dKS_charged:R:1:dKS_neutral:R:1 pbc="T T T"
 OpenBabel12102409263D
Lattice="11.86599689 0.0 0.0 0.0 15.0201914 0.0 0.0 0.0 12.08541923" Properties=species:S:1:pos:R:3:GW_charged:R:1:dKS_charged:R:1:dKS_neutral:R:1 pbc="T T T"
 16 16  0  0  1  0  0  0  0  0999 V2000
    5.1942    9.8493    5.7524 C   0  0  0  0  0  0  0  0  0  0  0  0
    5.7214    8.4651    5.3603 C   0  0  0  0  0  0  0  0  0  0  0  0
    6.4732    7.8029    6.4878 C   0  0  1  0  0  0  0  0  0  0  0  0
    5.7009    7.2637    7.5854 O   0  0  0  0  0  0  0  0  0  0  0  0
    6.4795    6.3555    6.7769 C   0  0  1  0  0  0  0  0  0  0  0  0
    5.7396    5.3114    5.9849 C   0  0  0  0  0  0  0  0  0  0  0  0
    6.0134   10.5202    6.0487 H   0  0  0  0  0  0  0  0  0  0  0  0
    4.6610   10.3228    4.9176 H   0  0  0  0  0  0  0  0  0  0  0  0
    4.5000    9.7752    6.6000 H   0  0  0  0  0  0  0  0  0  0  0  0
    4.8871    7.8272    5.0377 H   0  0  0  0  0  0  0  0  0  0  0  0
    6.4061    8.5511    4.5000 H   0  0  0  0  0  0  0  0  0  0  0  0
    7.3525    8.3684    6.8278 H   0  0  0  0  0  0  0  0  0  0  0  0
    7.3660    5.9747    7.3010 H   0  0  0  0  0  0  0  0  0  0  0  0
    4.8560    5.7206    5.4822 H   0  0  0  0  0  0  0  0  0  0  0  0
    6.4023    4.8722    5.2251 H   0  0  0  0  0  0  0  0  0  0  0  0
    5.4062    4.5000    6.6469 H   0  0  0  0  0  0  0  0  0  0  0  0
  1  7  1  0  0  0  0
  1  9  1  0  0  0  0
  2  1  1  0  0  0  0
  2  3  1  0  0  0  0
  3  5  1  0  0  0  0
  3 12  1  1  0  0  0
  3  4  1  0  0  0  0
  5 13  1  1  0  0  0
  5  4  1  0  0  0  0
  6 16  1  0  0  0  0
  6  5  1  0  0  0  0
  8  1  1  0  0  0  0
 10  2  1  0  0  0  0
 11  2  1  0  0  0  0
 14  6  1  0  0  0  0
 15  6  1  0  0  0  0
M  END
