Lattice="14.270759179999999 0.0 0.0 0.0 16.26406167 0.0 0.0 0.0 12.95437734" Properties=species:S:1:pos:R:3:GW_charged:R:1:dKS_charged:R:1:dKS_neutral:R:1 pbc="T T T"
 OpenBabel12102411073D
Lattice="14.270759179999999 0.0 0.0 0.0 16.26406167 0.0 0.0 0.0 12.95437734" Properties=species:S:1:pos:R:3:GW_charged:R:1:dKS_charged:R:1:dKS_neutral:R:1 pbc="T T T"
 23 23  0  0  1  0  0  0  0  0999 V2000
    6.7070   11.3154    7.5491 C   0  0  0  0  0  0  0  0  0  0  0  0
    6.6368    9.8626    7.5450 C   0  0  0  0  0  0  0  0  0  0  0  0
    6.5799    8.6504    7.5513 C   0  0  0  0  0  0  0  0  0  0  0  0
    6.5108    7.1897    7.5178 C   0  0  1  0  0  0  0  0  0  0  0  0
    5.0540    6.6902    7.5578 C   0  0  0  0  0  0  0  0  0  0  0  0
    7.2629    6.6394    6.2966 C   0  0  0  0  0  0  0  0  0  0  0  0
    8.7933    6.8673    6.1800 C   0  0  0  0  0  0  0  0  0  0  0  0
    8.9187    5.4346    5.5979 C   0  0  0  0  0  0  0  0  0  0  0  0
    7.5277    5.1101    6.2028 C   0  0  0  0  0  0  0  0  0  0  0  0
    7.2290   11.6875    8.4428 H   0  0  0  0  0  0  0  0  0  0  0  0
    7.2471   11.6917    6.6681 H   0  0  0  0  0  0  0  0  0  0  0  0
    5.7029   11.7641    7.5397 H   0  0  0  0  0  0  0  0  0  0  0  0
    7.0272    6.8066    8.4184 H   0  0  0  0  0  0  0  0  0  0  0  0
    5.0235    5.5920    7.5632 H   0  0  0  0  0  0  0  0  0  0  0  0
    4.5376    7.0549    8.4544 H   0  0  0  0  0  0  0  0  0  0  0  0
    4.5000    7.0472    6.6790 H   0  0  0  0  0  0  0  0  0  0  0  0
    6.7608    6.9938    5.3823 H   0  0  0  0  0  0  0  0  0  0  0  0
    9.1397    7.7116    5.5721 H   0  0  0  0  0  0  0  0  0  0  0  0
    9.2565    6.9427    7.1747 H   0  0  0  0  0  0  0  0  0  0  0  0
    8.8906    5.4390    4.5000 H   0  0  0  0  0  0  0  0  0  0  0  0
    9.7708    4.8232    5.9202 H   0  0  0  0  0  0  0  0  0  0  0  0
    7.6189    4.6638    7.2047 H   0  0  0  0  0  0  0  0  0  0  0  0
    6.8326    4.5000    5.6123 H   0  0  0  0  0  0  0  0  0  0  0  0
  1 10  1  0  0  0  0
  2  1  1  0  0  0  0
  2  3  3  0  0  0  0
  4  3  1  0  0  0  0
  4  5  1  0  0  0  0
  4 13  1  1  0  0  0
  5 14  1  0  0  0  0
  5 15  1  0  0  0  0
  6  4  1  0  0  0  0
  7  6  1  0  0  0  0
  7 19  1  0  0  0  0
  8 21  1  0  0  0  0
  8  7  1  0  0  0  0
  8  9  1  0  0  0  0
  9  6  1  0  0  0  0
  9 22  1  0  0  0  0
 11  1  1  0  0  0  0
 12  1  1  0  0  0  0
 16  5  1  0  0  0  0
 17  6  1  0  0  0  0
 18  7  1  0  0  0  0
 20  8  1  0  0  0  0
 23  9  1  0  0  0  0
M  END
