Lattice="12.94022554 0.0 0.0 0.0 16.45946709 0.0 0.0 0.0 13.55337441" Properties=species:S:1:pos:R:3:GW_charged:R:1:dKS_charged:R:1:dKS_neutral:R:1 pbc="T T T"
 OpenBabel12102410113D
Lattice="12.94022554 0.0 0.0 0.0 16.45946709 0.0 0.0 0.0 13.55337441" Properties=species:S:1:pos:R:3:GW_charged:R:1:dKS_charged:R:1:dKS_neutral:R:1 pbc="T T T"
 21 22  0  0  1  0  0  0  0  0999 V2000
    5.2755    5.4939    7.0099 C   0  0  0  0  0  0  0  0  0  0  0  0
    5.3249    6.6184    7.4562 C   0  0  0  0  0  0  0  0  0  0  0  0
    5.4204    7.9764    7.9798 C   0  0  0  0  0  0  0  0  0  0  0  0
    6.8126    8.5754    7.8062 C   0  0  1  0  0  0  0  0  0  0  0  0
    7.4145    9.0352    6.4982 C   0  0  1  0  0  0  0  0  0  0  0  0
    6.5217    9.3245    5.3009 C   0  0  0  0  0  0  0  0  0  0  0  0
    5.4638   10.3522    5.7768 C   0  0  0  0  0  0  0  0  0  0  0  0
    6.0151   10.9788    7.0839 C   0  0  0  0  0  0  0  0  0  0  0  0
    7.1055   10.0453    7.5909 C   0  0  1  0  0  0  0  0  0  0  0  0
    5.2247    4.5000    6.6190 H   0  0  0  0  0  0  0  0  0  0  0  0
    4.6475    8.5957    7.5031 H   0  0  0  0  0  0  0  0  0  0  0  0
    5.1695    7.9678    9.0534 H   0  0  0  0  0  0  0  0  0  0  0  0
    7.5415    8.0803    8.4513 H   0  0  0  0  0  0  0  0  0  0  0  0
    8.4402    8.7275    6.2965 H   0  0  0  0  0  0  0  0  0  0  0  0
    7.1427    9.7519    4.5000 H   0  0  0  0  0  0  0  0  0  0  0  0
    6.0550    8.4170    4.8913 H   0  0  0  0  0  0  0  0  0  0  0  0
    5.2714   11.1179    5.0140 H   0  0  0  0  0  0  0  0  0  0  0  0
    4.5000    9.8580    5.9557 H   0  0  0  0  0  0  0  0  0  0  0  0
    6.4695   11.9595    6.8794 H   0  0  0  0  0  0  0  0  0  0  0  0
    5.2183   11.1535    7.8229 H   0  0  0  0  0  0  0  0  0  0  0  0
    7.9031   10.4854    8.1898 H   0  0  0  0  0  0  0  0  0  0  0  0
  1  2  3  0  0  0  0
  2  3  1  0  0  0  0
  3 12  1  0  0  0  0
  4  3  1  0  0  0  0
  4 13  1  1  0  0  0
  5 14  1  6  0  0  0
  5  9  1  0  0  0  0
  5  4  1  0  0  0  0
  6  7  1  0  0  0  0
  6  5  1  0  0  0  0
  7 18  1  0  0  0  0
  7  8  1  0  0  0  0
  8  9  1  0  0  0  0
  8 20  1  0  0  0  0
  9  4  1  0  0  0  0
  9 21  1  1  0  0  0
 10  1  1  0  0  0  0
 11  3  1  0  0  0  0
 15  6  1  0  0  0  0
 16  6  1  0  0  0  0
 17  7  1  0  0  0  0
 19  8  1  0  0  0  0
M  END
