Lattice="12.21747436 0.0 0.0 0.0 16.11083465 0.0 0.0 0.0 13.4224221" Properties=species:S:1:pos:R:3:GW_charged:R:1:dKS_charged:R:1:dKS_neutral:R:1 pbc="T T T"
 OpenBabel12102409273D
Lattice="12.21747436 0.0 0.0 0.0 16.11083465 0.0 0.0 0.0 13.4224221" Properties=species:S:1:pos:R:3:GW_charged:R:1:dKS_charged:R:1:dKS_neutral:R:1 pbc="T T T"
 19 18  0  0  1  0  0  0  0  0999 V2000
    5.4776   11.1465    5.4174 C   0  0  0  0  0  0  0  0  0  0  0  0
    5.5215    9.6220    5.5283 C   0  0  0  0  0  0  0  0  0  0  0  0
    6.3327    9.0929    6.7381 C   0  0  1  0  0  0  0  0  0  0  0  0
    5.7308    9.5092    8.0949 C   0  0  0  0  0  0  0  0  0  0  0  0
    6.4719    7.6389    6.6594 C   0  0  0  0  0  0  0  0  0  0  0  0
    6.5567    6.4303    6.5916 C   0  0  0  0  0  0  0  0  0  0  0  0
    6.6698    4.9822    6.5112 C   0  0  0  0  0  0  0  0  0  0  0  0
    6.4906   11.5742    5.3827 H   0  0  0  0  0  0  0  0  0  0  0  0
    4.9583   11.4546    4.5000 H   0  0  0  0  0  0  0  0  0  0  0  0
    4.9495   11.6108    6.2612 H   0  0  0  0  0  0  0  0  0  0  0  0
    4.5000    9.2143    5.5908 H   0  0  0  0  0  0  0  0  0  0  0  0
    5.9634    9.1979    4.6148 H   0  0  0  0  0  0  0  0  0  0  0  0
    7.3463    9.5303    6.6705 H   0  0  0  0  0  0  0  0  0  0  0  0
    4.7045    9.1290    8.1930 H   0  0  0  0  0  0  0  0  0  0  0  0
    6.3229    9.0993    8.9224 H   0  0  0  0  0  0  0  0  0  0  0  0
    5.7077   10.6016    8.2012 H   0  0  0  0  0  0  0  0  0  0  0  0
    6.2800    4.5000    7.4195 H   0  0  0  0  0  0  0  0  0  0  0  0
    6.1052    4.5843    5.6554 H   0  0  0  0  0  0  0  0  0  0  0  0
    7.7175    4.6693    6.3924 H   0  0  0  0  0  0  0  0  0  0  0  0
  1  2  1  0  0  0  0
  1 10  1  0  0  0  0
  2 11  1  0  0  0  0
  2  3  1  0  0  0  0
  3 13  1  6  0  0  0
  3  4  1  0  0  0  0
  4 14  1  0  0  0  0
  4 16  1  0  0  0  0
  4 15  1  0  0  0  0
  5  3  1  0  0  0  0
  6  5  3  0  0  0  0
  7  6  1  0  0  0  0
  7 17  1  0  0  0  0
  8  1  1  0  0  0  0
  9  1  1  0  0  0  0
 12  2  1  0  0  0  0
 18  7  1  0  0  0  0
 19  7  1  0  0  0  0
M  END
