Lattice="12.39316184 0.0 0.0 0.0 14.730554739999999 0.0 0.0 0.0 13.064982839999999" Properties=species:S:1:pos:R:3:GW_charged:R:1:dKS_charged:R:1:dKS_neutral:R:1 pbc="T T T"
 OpenBabel12102409263D
Lattice="12.39316184 0.0 0.0 0.0 14.730554739999999 0.0 0.0 0.0 13.064982839999999" Properties=species:S:1:pos:R:3:GW_charged:R:1:dKS_charged:R:1:dKS_neutral:R:1 pbc="T T T"
 15 14  0  0  0  0  0  0  0  0999 V2000
    6.5431    9.2428    7.5062 C   0  0  0  0  0  0  0  0  0  0  0  0
    5.5226    8.3697    6.8194 C   0  0  0  0  0  0  0  0  0  0  0  0
    4.5000    7.9875    7.3590 O   0  0  0  0  0  0  0  0  0  0  0  0
    5.8658    7.9343    5.3856 C   0  0  0  0  0  0  0  0  0  0  0  0
    6.6783    6.6316    5.4627 C   0  0  0  0  0  0  0  0  0  0  0  0
    5.8766    5.3539    5.4808 C   0  0  0  0  0  0  0  0  0  0  0  0
    7.8932    6.6584    5.5423 O   0  0  0  0  0  0  0  0  0  0  0  0
    7.5495    8.8146    7.3880 H   0  0  0  0  0  0  0  0  0  0  0  0
    6.5657   10.2306    7.0211 H   0  0  0  0  0  0  0  0  0  0  0  0
    6.2941    9.3612    8.5650 H   0  0  0  0  0  0  0  0  0  0  0  0
    4.9244    7.7761    4.8472 H   0  0  0  0  0  0  0  0  0  0  0  0
    6.4850    8.6883    4.8862 H   0  0  0  0  0  0  0  0  0  0  0  0
    5.3989    5.2076    4.5000 H   0  0  0  0  0  0  0  0  0  0  0  0
    6.5235    4.5000    5.7032 H   0  0  0  0  0  0  0  0  0  0  0  0
    5.0619    5.4278    6.2162 H   0  0  0  0  0  0  0  0  0  0  0  0
  1 10  1  0  0  0  0
  2  3  2  0  0  0  0
  2  1  1  0  0  0  0
  4  5  1  0  0  0  0
  4  2  1  0  0  0  0
  5  6  1  0  0  0  0
  5  7  2  0  0  0  0
  6 14  1  0  0  0  0
  6 15  1  0  0  0  0
  8  1  1  0  0  0  0
  9  1  1  0  0  0  0
 11  4  1  0  0  0  0
 12  4  1  0  0  0  0
 13  6  1  0  0  0  0
M  END
