Lattice="12.77605264 0.0 0.0 0.0 13.83616799 0.0 0.0 0.0 13.53565801" Properties=species:S:1:pos:R:3:GW_charged:R:1:dKS_charged:R:1:dKS_neutral:R:1 pbc="T T T"
 OpenBabel12102411053D
Lattice="12.77605264 0.0 0.0 0.0 13.83616799 0.0 0.0 0.0 13.53565801" Properties=species:S:1:pos:R:3:GW_charged:R:1:dKS_charged:R:1:dKS_neutral:R:1 pbc="T T T"
 21 24  0  0  1  0  0  0  0  0999 V2000
    5.2944    8.7461    5.4439 C   0  0  0  0  0  0  0  0  0  0  0  0
    6.5881    7.9677    5.4635 C   0  0  1  0  0  0  0  0  0  0  0  0
    7.3221    7.7627    6.8063 C   0  0  0  0  0  0  0  0  0  0  0  0
    6.4227    6.8743    7.6579 C   0  0  1  0  0  0  0  0  0  0  0  0
    5.0775    7.3331    8.1508 C   0  0  0  0  0  0  0  0  0  0  0  0
    5.1390    6.5644    6.8584 C   0  0  2  0  0  0  0  0  0  0  0  0
    5.3246    5.0595    7.1182 C   0  0  0  0  0  0  0  0  0  0  0  0
    6.6180    5.3719    7.9402 C   0  0  0  0  0  0  0  0  0  0  0  0
    5.2379    7.2396    5.5161 C   0  0  1  0  0  0  0  0  0  0  0  0
    5.0121    9.3362    6.3157 H   0  0  0  0  0  0  0  0  0  0  0  0
    5.0070    9.2089    4.5000 H   0  0  0  0  0  0  0  0  0  0  0  0
    7.1888    7.9765    4.5530 H   0  0  0  0  0  0  0  0  0  0  0  0
    8.2761    7.2482    6.6221 H   0  0  0  0  0  0  0  0  0  0  0  0
    7.5706    8.7210    7.2882 H   0  0  0  0  0  0  0  0  0  0  0  0
    4.6424    6.8601    9.0357 H   0  0  0  0  0  0  0  0  0  0  0  0
    4.8690    8.3990    8.0847 H   0  0  0  0  0  0  0  0  0  0  0  0
    4.5000    4.5542    7.6428 H   0  0  0  0  0  0  0  0  0  0  0  0
    5.5432    4.5000    6.1998 H   0  0  0  0  0  0  0  0  0  0  0  0
    7.5206    4.9658    7.4660 H   0  0  0  0  0  0  0  0  0  0  0  0
    6.6239    5.0760    9.0004 H   0  0  0  0  0  0  0  0  0  0  0  0
    4.8584    6.6993    4.6493 H   0  0  0  0  0  0  0  0  0  0  0  0
  1  2  1  0  0  0  0
  1  9  1  0  0  0  0
  1 10  1  0  0  0  0
  2 12  1  6  0  0  0
  2  9  1  0  0  0  0
  2  3  1  0  0  0  0
  3 14  1  0  0  0  0
  4  3  1  6  0  0  0
  4  8  1  0  0  0  0
  4  5  1  0  0  0  0
  5 15  1  0  0  0  0
  6  7  1  1  0  0  0
  6  4  1  0  0  0  0
  6  5  1  0  0  0  0
  7 17  1  0  0  0  0
  7  8  1  0  0  0  0
  8 20  1  0  0  0  0
  9 21  1  6  0  0  0
  9  6  1  0  0  0  0
 11  1  1  0  0  0  0
 13  3  1  0  0  0  0
 16  5  1  0  0  0  0
 18  7  1  0  0  0  0
 19  8  1  0  0  0  0
M  END
