Lattice="13.64929667 0.0 0.0 0.0 16.7738209 0.0 0.0 0.0 12.39607097" Properties=species:S:1:pos:R:3:GW_charged:R:1:dKS_charged:R:1:dKS_neutral:R:1 pbc="T T T"
 OpenBabel12102410113D
Lattice="13.64929667 0.0 0.0 0.0 16.7738209 0.0 0.0 0.0 12.39607097" Properties=species:S:1:pos:R:3:GW_charged:R:1:dKS_charged:R:1:dKS_neutral:R:1 pbc="T T T"
 19 20  0  0  1  0  0  0  0  0999 V2000
    6.0820    5.5659    5.3424 C   0  0  0  0  0  0  0  0  0  0  0  0
    6.1227    6.7734    5.4254 C   0  0  0  0  0  0  0  0  0  0  0  0
    6.1823    8.2200    5.5484 C   0  0  1  0  0  0  0  0  0  0  0  0
    5.5938    8.7810    6.8693 C   0  0  0  0  0  0  0  0  0  0  0  0
    6.1237   10.2189    6.8962 C   0  0  0  0  0  0  0  0  0  0  0  0
    7.5319   10.1084    6.3137 C   0  0  1  0  0  0  0  0  0  0  0  0
    8.3963   11.2721    6.0790 C   0  0  0  0  0  0  0  0  0  0  0  0
    8.6415   10.3965    7.1946 O   0  0  0  0  0  0  0  0  0  0  0  0
    7.6215    8.8013    5.5218 C   0  0  0  0  0  0  0  0  0  0  0  0
    6.0444    4.5000    5.2660 H   0  0  0  0  0  0  0  0  0  0  0  0
    5.6113    8.6598    4.7114 H   0  0  0  0  0  0  0  0  0  0  0  0
    4.5000    8.7082    6.9006 H   0  0  0  0  0  0  0  0  0  0  0  0
    5.9935    8.2026    7.7151 H   0  0  0  0  0  0  0  0  0  0  0  0
    5.5059   10.8640    6.2508 H   0  0  0  0  0  0  0  0  0  0  0  0
    6.1449   10.6691    7.8961 H   0  0  0  0  0  0  0  0  0  0  0  0
    9.1493   11.2379    5.2850 H   0  0  0  0  0  0  0  0  0  0  0  0
    8.0393   12.2738    6.3419 H   0  0  0  0  0  0  0  0  0  0  0  0
    8.3096    8.1213    6.0429 H   0  0  0  0  0  0  0  0  0  0  0  0
    7.9964    8.9366    4.5000 H   0  0  0  0  0  0  0  0  0  0  0  0
  1  2  3  0  0  0  0
  2  3  1  0  0  0  0
  3 11  1  6  0  0  0
  3  4  1  0  0  0  0
  4  5  1  0  0  0  0
  4 12  1  0  0  0  0
  4 13  1  0  0  0  0
  5 15  1  0  0  0  0
  6  5  1  0  0  0  0
  6  8  1  1  0  0  0
  7  6  1  0  0  0  0
  7 17  1  0  0  0  0
  7  8  1  0  0  0  0
  9  3  1  0  0  0  0
  9 18  1  0  0  0  0
  9  6  1  0  0  0  0
 10  1  1  0  0  0  0
 14  5  1  0  0  0  0
 16  7  1  0  0  0  0
 19  9  1  0  0  0  0
M  END
