Lattice="13.18326714 0.0 0.0 0.0 12.23583793 0.0 0.0 0.0 12.89512223" Properties=species:S:1:pos:R:3:GW_charged:R:1:dKS_charged:R:1:dKS_neutral:R:1 pbc="T T T"
 OpenBabel12102409263D
Lattice="13.18326714 0.0 0.0 0.0 12.23583793 0.0 0.0 0.0 12.89512223" Properties=species:S:1:pos:R:3:GW_charged:R:1:dKS_charged:R:1:dKS_neutral:R:1 pbc="T T T"
 14 13  0  0  1  0  0  0  0  0999 V2000
    7.6460    7.1459    6.2448 C   0  0  0  0  0  0  0  0  0  0  0  0
    7.6031    5.6581    6.6173 C   0  0  1  0  0  0  0  0  0  0  0  0
    8.2269    5.4396    7.8621 O   0  0  0  0  0  0  0  0  0  0  0  0
    6.1760    5.1047    6.6525 C   0  0  0  0  0  0  0  0  0  0  0  0
    5.3111    5.2342    5.4250 C   0  0  0  0  0  0  0  0  0  0  0  0
    5.7763    4.5760    7.6806 O   0  0  0  0  0  0  0  0  0  0  0  0
    8.6833    7.4962    6.3066 H   0  0  0  0  0  0  0  0  0  0  0  0
    7.2839    7.3236    5.2234 H   0  0  0  0  0  0  0  0  0  0  0  0
    7.0428    7.7358    6.9476 H   0  0  0  0  0  0  0  0  0  0  0  0
    8.1343    5.0839    5.8278 H   0  0  0  0  0  0  0  0  0  0  0  0
    7.5529    4.9630    8.3951 H   0  0  0  0  0  0  0  0  0  0  0  0
    4.8659    6.2411    5.4064 H   0  0  0  0  0  0  0  0  0  0  0  0
    5.8911    5.1202    4.5000 H   0  0  0  0  0  0  0  0  0  0  0  0
    4.5000    4.5000    5.4612 H   0  0  0  0  0  0  0  0  0  0  0  0
  1  7  1  0  0  0  0
  1  2  1  0  0  0  0
  1  9  1  0  0  0  0
  2 10  1  6  0  0  0
  2  4  1  0  0  0  0
  2  3  1  0  0  0  0
  3 11  1  0  0  0  0
  4  6  2  0  0  0  0
  5 14  1  0  0  0  0
  5  4  1  0  0  0  0
  8  1  1  0  0  0  0
 12  5  1  0  0  0  0
 13  5  1  0  0  0  0
M  END
