Lattice="11.90131201 0.0 0.0 0.0 13.72796167 0.0 0.0 0.0 13.37462146" Properties=species:S:1:pos:R:3:GW_charged:R:1:dKS_charged:R:1:dKS_neutral:R:1 pbc="T T T"
 OpenBabel12102409333D
Lattice="11.90131201 0.0 0.0 0.0 13.72796167 0.0 0.0 0.0 13.37462146" Properties=species:S:1:pos:R:3:GW_charged:R:1:dKS_charged:R:1:dKS_neutral:R:1 pbc="T T T"
 15 15  0  0  1  0  0  0  0  0999 V2000
    5.5770    8.5714    5.5290 C   0  0  0  0  0  0  0  0  0  0  0  0
    5.9502    7.1246    5.7015 C   0  0  1  0  0  0  0  0  0  0  0  0
    7.3253    6.7838    5.8963 O   0  0  0  0  0  0  0  0  0  0  0  0
    6.4043    6.5348    6.9957 C   0  0  1  0  0  0  0  0  0  0  0  0
    6.5804    7.3194    8.2659 C   0  0  0  0  0  0  0  0  0  0  0  0
    6.1030    5.0705    7.1364 C   0  0  0  0  0  0  0  0  0  0  0  0
    5.7688    4.5317    8.1704 O   0  0  0  0  0  0  0  0  0  0  0  0
    6.1276    9.2280    6.2110 H   0  0  0  0  0  0  0  0  0  0  0  0
    5.7941    8.8897    4.5000 H   0  0  0  0  0  0  0  0  0  0  0  0
    4.5000    8.7051    5.7019 H   0  0  0  0  0  0  0  0  0  0  0  0
    5.4349    6.4407    5.0127 H   0  0  0  0  0  0  0  0  0  0  0  0
    6.8063    8.3709    8.0644 H   0  0  0  0  0  0  0  0  0  0  0  0
    5.6692    7.2564    8.8746 H   0  0  0  0  0  0  0  0  0  0  0  0
    7.4013    6.8945    8.8582 H   0  0  0  0  0  0  0  0  0  0  0  0
    6.2187    4.5000    6.1792 H   0  0  0  0  0  0  0  0  0  0  0  0
  1  2  1  0  0  0  0
  1 10  1  0  0  0  0
  1  8  1  0  0  0  0
  2 11  1  6  0  0  0
  2  3  1  0  0  0  0
  2  4  1  0  0  0  0
  3  4  1  0  0  0  0
  4  6  1  1  0  0  0
  4  5  1  0  0  0  0
  5 14  1  0  0  0  0
  5 13  1  0  0  0  0
  6  7  2  0  0  0  0
  9  1  1  0  0  0  0
 12  5  1  0  0  0  0
 15  6  1  0  0  0  0
M  END
