Lattice="13.14864458 0.0 0.0 0.0 17.43056868 0.0 0.0 0.0 13.33791711" Properties=species:S:1:pos:R:3:GW_charged:R:1:dKS_charged:R:1:dKS_neutral:R:1 pbc="T T T"
 OpenBabel12102411073D
Lattice="13.14864458 0.0 0.0 0.0 17.43056868 0.0 0.0 0.0 13.33791711" Properties=species:S:1:pos:R:3:GW_charged:R:1:dKS_charged:R:1:dKS_neutral:R:1 pbc="T T T"
 25 24  0  0  0  0  0  0  0  0999 V2000
    7.8110   12.4899    6.6922 C   0  0  0  0  0  0  0  0  0  0  0  0
    7.8925   11.0377    6.6659 C   0  0  0  0  0  0  0  0  0  0  0  0
    7.9706    9.8273    6.6433 C   0  0  0  0  0  0  0  0  0  0  0  0
    8.0215    8.3706    6.6189 C   0  0  0  0  0  0  0  0  0  0  0  0
    6.6185    7.7346    6.7043 C   0  0  0  0  0  0  0  0  0  0  0  0
    6.5585    6.1868    6.6866 C   0  0  0  0  0  0  0  0  0  0  0  0
    7.3140    5.5922    7.8893 C   0  0  0  0  0  0  0  0  0  0  0  0
    5.0759    5.7817    6.7799 C   0  0  0  0  0  0  0  0  0  0  0  0
    7.1465    5.6273    5.3783 C   0  0  0  0  0  0  0  0  0  0  0  0
    8.3703   12.9066    7.5426 H   0  0  0  0  0  0  0  0  0  0  0  0
    8.2254   12.9306    5.7737 H   0  0  0  0  0  0  0  0  0  0  0  0
    6.7688   12.8294    6.7822 H   0  0  0  0  0  0  0  0  0  0  0  0
    8.5304    8.0438    5.6977 H   0  0  0  0  0  0  0  0  0  0  0  0
    8.6486    8.0187    7.4539 H   0  0  0  0  0  0  0  0  0  0  0  0
    6.1324    8.0972    7.6237 H   0  0  0  0  0  0  0  0  0  0  0  0
    6.0145    8.1217    5.8685 H   0  0  0  0  0  0  0  0  0  0  0  0
    6.9352    5.9999    8.8379 H   0  0  0  0  0  0  0  0  0  0  0  0
    7.1918    4.5000    7.9229 H   0  0  0  0  0  0  0  0  0  0  0  0
    8.3926    5.7970    7.8420 H   0  0  0  0  0  0  0  0  0  0  0  0
    4.5000    6.1839    5.9337 H   0  0  0  0  0  0  0  0  0  0  0  0
    4.9642    4.6878    6.7721 H   0  0  0  0  0  0  0  0  0  0  0  0
    4.6182    6.1593    7.7058 H   0  0  0  0  0  0  0  0  0  0  0  0
    8.2222    5.8325    5.2876 H   0  0  0  0  0  0  0  0  0  0  0  0
    7.0187    4.5362    5.3307 H   0  0  0  0  0  0  0  0  0  0  0  0
    6.6460    6.0606    4.5000 H   0  0  0  0  0  0  0  0  0  0  0  0
  1 12  1  0  0  0  0
  1 10  1  0  0  0  0
  2  1  1  0  0  0  0
  3  2  3  0  0  0  0
  4  3  1  0  0  0  0
  4  5  1  0  0  0  0
  4 14  1  0  0  0  0
  5 15  1  0  0  0  0
  6  5  1  0  0  0  0
  6  8  1  0  0  0  0
  6  7  1  0  0  0  0
  7 18  1  0  0  0  0
  7 17  1  0  0  0  0
  8 22  1  0  0  0  0
  9  6  1  0  0  0  0
 11  1  1  0  0  0  0
 13  4  1  0  0  0  0
 16  5  1  0  0  0  0
 19  7  1  0  0  0  0
 20  8  1  0  0  0  0
 21  8  1  0  0  0  0
 23  9  1  0  0  0  0
 24  9  1  0  0  0  0
 25  9  1  0  0  0  0
M  END
