Lattice="13.40919208 0.0 0.0 0.0 16.28290603 0.0 0.0 0.0 12.5984669" Properties=species:S:1:pos:R:3:GW_charged:R:1:dKS_charged:R:1:dKS_neutral:R:1 pbc="T T T"
 OpenBabel12102409443D
Lattice="13.40919208 0.0 0.0 0.0 16.28290603 0.0 0.0 0.0 12.5984669" Properties=species:S:1:pos:R:3:GW_charged:R:1:dKS_charged:R:1:dKS_neutral:R:1 pbc="T T T"
 19 19  0  0  1  0  0  0  0  0999 V2000
    6.9169   11.1137    6.1370 C   0  0  0  0  0  0  0  0  0  0  0  0
    6.4093    9.7905    6.1382 O   0  0  0  0  0  0  0  0  0  0  0  0
    7.4157    8.7880    5.9970 C   0  0  1  0  0  0  0  0  0  0  0  0
    8.1889    8.5388    7.2983 C   0  0  0  0  0  0  0  0  0  0  0  0
    6.7077    7.5580    5.5173 C   0  0  0  0  0  0  0  0  0  0  0  0
    5.4040    7.2788    5.2235 C   0  0  0  0  0  0  0  0  0  0  0  0
    5.3684    5.9069    4.8093 C   0  0  0  0  0  0  0  0  0  0  0  0
    6.6502    5.4508    4.8791 C   0  0  0  0  0  0  0  0  0  0  0  0
    7.4858    6.4472    5.3129 O   0  0  0  0  0  0  0  0  0  0  0  0
    7.5399   11.3309    7.0221 H   0  0  0  0  0  0  0  0  0  0  0  0
    7.5129   11.3160    5.2282 H   0  0  0  0  0  0  0  0  0  0  0  0
    6.0490   11.7829    6.1497 H   0  0  0  0  0  0  0  0  0  0  0  0
    8.1333    9.1102    5.2126 H   0  0  0  0  0  0  0  0  0  0  0  0
    8.9092    7.7226    7.1602 H   0  0  0  0  0  0  0  0  0  0  0  0
    8.7476    9.4324    7.6056 H   0  0  0  0  0  0  0  0  0  0  0  0
    7.4915    8.2599    8.0985 H   0  0  0  0  0  0  0  0  0  0  0  0
    4.5770    7.9740    5.2966 H   0  0  0  0  0  0  0  0  0  0  0  0
    4.5000    5.3359    4.5000 H   0  0  0  0  0  0  0  0  0  0  0  0
    7.1241    4.5000    4.6698 H   0  0  0  0  0  0  0  0  0  0  0  0
  1  2  1  0  0  0  0
  1 12  1  0  0  0  0
  1 10  1  0  0  0  0
  3 13  1  6  0  0  0
  3  2  1  0  0  0  0
  3  4  1  0  0  0  0
  4 15  1  0  0  0  0
  4 16  1  0  0  0  0
  5  3  1  0  0  0  0
  6 17  1  0  0  0  0
  6  5  2  0  0  0  0
  7  8  2  0  0  0  0
  7  6  1  0  0  0  0
  8  9  1  0  0  0  0
  9  5  1  0  0  0  0
 11  1  1  0  0  0  0
 14  4  1  0  0  0  0
 18  7  1  0  0  0  0
 19  8  1  0  0  0  0
M  END
