Lattice="13.83026937 0.0 0.0 0.0 15.303274909999999 0.0 0.0 0.0 13.05473218" Properties=species:S:1:pos:R:3:GW_charged:R:1:dKS_charged:R:1:dKS_neutral:R:1 pbc="T T T"
 OpenBabel12102409463D
Lattice="13.83026937 0.0 0.0 0.0 15.303274909999999 0.0 0.0 0.0 13.05473218" Properties=species:S:1:pos:R:3:GW_charged:R:1:dKS_charged:R:1:dKS_neutral:R:1 pbc="T T T"
 21 22  0  0  1  0  0  0  0  0999 V2000
    5.8648    5.5625    5.1928 C   0  0  0  0  0  0  0  0  0  0  0  0
    5.9321    6.7678    5.3002 C   0  0  0  0  0  0  0  0  0  0  0  0
    6.0161    8.2102    5.4444 C   0  0  1  0  0  0  0  0  0  0  0  0
    5.3930    8.7691    6.7803 C   0  0  0  0  0  0  0  0  0  0  0  0
    6.5320    9.6284    7.3657 C   0  0  1  0  0  0  0  0  0  0  0  0
    7.6288    8.6836    7.9049 C   0  0  0  0  0  0  0  0  0  0  0  0
    8.2660    8.1008    6.6042 C   0  0  0  0  0  0  0  0  0  0  0  0
    7.4661    8.7908    5.4815 C   0  0  2  0  0  0  0  0  0  0  0  0
    7.1983   10.1810    6.0886 C   0  0  0  0  0  0  0  0  0  0  0  0
    5.8004    4.5000    5.0919 H   0  0  0  0  0  0  0  0  0  0  0  0
    5.4919    8.6629    4.5874 H   0  0  0  0  0  0  0  0  0  0  0  0
    4.5000    9.3695    6.5612 H   0  0  0  0  0  0  0  0  0  0  0  0
    5.0924    7.9578    7.4547 H   0  0  0  0  0  0  0  0  0  0  0  0
    6.1886   10.3744    8.0931 H   0  0  0  0  0  0  0  0  0  0  0  0
    8.3686    9.2404    8.4966 H   0  0  0  0  0  0  0  0  0  0  0  0
    7.2111    7.9029    8.5547 H   0  0  0  0  0  0  0  0  0  0  0  0
    9.3303    8.3619    6.5291 H   0  0  0  0  0  0  0  0  0  0  0  0
    8.1917    7.0078    6.5459 H   0  0  0  0  0  0  0  0  0  0  0  0
    7.9542    8.7668    4.5000 H   0  0  0  0  0  0  0  0  0  0  0  0
    6.5272   10.8033    5.4790 H   0  0  0  0  0  0  0  0  0  0  0  0
    8.1202   10.7449    6.2884 H   0  0  0  0  0  0  0  0  0  0  0  0
  1  2  3  0  0  0  0
  2  3  1  0  0  0  0
  3 11  1  6  0  0  0
  3  8  1  0  0  0  0
  3  4  1  0  0  0  0
  4  5  1  0  0  0  0
  4 13  1  0  0  0  0
  5  6  1  0  0  0  0
  5 14  1  1  0  0  0
  6 15  1  0  0  0  0
  6 16  1  0  0  0  0
  7  6  1  0  0  0  0
  8 19  1  6  0  0  0
  8  9  1  0  0  0  0
  8  7  1  0  0  0  0
  9 21  1  0  0  0  0
  9  5  1  0  0  0  0
 10  1  1  0  0  0  0
 12  4  1  0  0  0  0
 17  7  1  0  0  0  0
 18  7  1  0  0  0  0
 20  9  1  0  0  0  0
M  END
