Lattice="12.85707708 0.0 0.0 0.0 13.632835159999999 0.0 0.0 0.0 13.01547501" Properties=species:S:1:pos:R:3:GW_charged:R:1:dKS_charged:R:1:dKS_neutral:R:1 pbc="T T T"
 OpenBabel12102409383D
Lattice="12.85707708 0.0 0.0 0.0 13.632835159999999 0.0 0.0 0.0 13.01547501" Properties=species:S:1:pos:R:3:GW_charged:R:1:dKS_charged:R:1:dKS_neutral:R:1 pbc="T T T"
 17 18  0  0  1  0  0  0  0  0999 V2000
    5.4015    8.6780    6.2850 C   0  0  0  0  0  0  0  0  0  0  0  0
    5.5061    7.1572    6.2896 C   0  0  1  0  0  0  0  0  0  0  0  0
    6.4537    6.5600    5.1943 C   0  0  0  0  0  0  0  0  0  0  0  0
    7.4385    5.8443    6.1374 C   0  0  2  0  0  0  0  0  0  0  0  0
    6.5255    5.1126    7.1427 C   0  0  0  0  0  0  0  0  0  0  0  0
    6.2672    6.5857    7.5124 C   0  0  1  0  0  0  0  0  0  0  0  0
    7.6758    6.8714    7.1726 O   0  0  0  0  0  0  0  0  0  0  0  0
    6.3937    9.1328    6.4106 H   0  0  0  0  0  0  0  0  0  0  0  0
    4.9789    9.0446    5.3390 H   0  0  0  0  0  0  0  0  0  0  0  0
    4.7550    9.0368    7.0992 H   0  0  0  0  0  0  0  0  0  0  0  0
    4.5000    6.7139    6.2302 H   0  0  0  0  0  0  0  0  0  0  0  0
    5.9483    5.8754    4.5000 H   0  0  0  0  0  0  0  0  0  0  0  0
    6.9574    7.3410    4.6101 H   0  0  0  0  0  0  0  0  0  0  0  0
    8.3571    5.4111    5.7264 H   0  0  0  0  0  0  0  0  0  0  0  0
    5.6945    4.5000    6.7661 H   0  0  0  0  0  0  0  0  0  0  0  0
    7.0997    4.5886    7.9136 H   0  0  0  0  0  0  0  0  0  0  0  0
    5.9775    6.9203    8.5155 H   0  0  0  0  0  0  0  0  0  0  0  0
  1  2  1  0  0  0  0
  1  8  1  0  0  0  0
  1 10  1  0  0  0  0
  2 11  1  6  0  0  0
  2  6  1  0  0  0  0
  3  4  1  0  0  0  0
  3  2  1  0  0  0  0
  4 14  1  6  0  0  0
  4  5  1  0  0  0  0
  4  7  1  0  0  0  0
  5  6  1  0  0  0  0
  5 16  1  0  0  0  0
  6 17  1  1  0  0  0
  7  6  1  0  0  0  0
  9  1  1  0  0  0  0
 12  3  1  0  0  0  0
 13  3  1  0  0  0  0
 15  5  1  0  0  0  0
M  END
