Lattice="14.54403362 0.0 0.0 0.0 15.309577260000001 0.0 0.0 0.0 12.80419706" Properties=species:S:1:pos:R:3:GW_charged:R:1:dKS_charged:R:1:dKS_neutral:R:1 pbc="T T T"
 OpenBabel12102409423D
Lattice="14.54403362 0.0 0.0 0.0 15.309577260000001 0.0 0.0 0.0 12.80419706" Properties=species:S:1:pos:R:3:GW_charged:R:1:dKS_charged:R:1:dKS_neutral:R:1 pbc="T T T"
 19 19  0  0  0  0  0  0  0  0999 V2000
    8.1337   10.3481    6.2872 C   0  0  0  0  0  0  0  0  0  0  0  0
    8.2564    8.8363    6.1793 C   0  0  0  0  0  0  0  0  0  0  0  0
    9.0019    8.2154    7.3582 C   0  0  0  0  0  0  0  0  0  0  0  0
    6.9007    8.3298    6.1054 O   0  0  0  0  0  0  0  0  0  0  0  0
    6.7344    7.1055    5.5469 C   0  0  0  0  0  0  0  0  0  0  0  0
    7.6370    6.2329    4.9862 C   0  0  0  0  0  0  0  0  0  0  0  0
    6.9705    5.1178    4.5269 O   0  0  0  0  0  0  0  0  0  0  0  0
    5.6505    5.3004    4.8063 C   0  0  0  0  0  0  0  0  0  0  0  0
    5.4431    6.4937    5.4308 C   0  0  0  0  0  0  0  0  0  0  0  0
    9.1285   10.8096    6.3392 H   0  0  0  0  0  0  0  0  0  0  0  0
    7.6037   10.7588    5.4191 H   0  0  0  0  0  0  0  0  0  0  0  0
    7.5785   10.6228    7.1945 H   0  0  0  0  0  0  0  0  0  0  0  0
    8.7635    8.5787    5.2319 H   0  0  0  0  0  0  0  0  0  0  0  0
    9.0101    7.1199    7.3005 H   0  0  0  0  0  0  0  0  0  0  0  0
   10.0440    8.5627    7.3754 H   0  0  0  0  0  0  0  0  0  0  0  0
    8.5254    8.5067    8.3042 H   0  0  0  0  0  0  0  0  0  0  0  0
    8.7088    6.2301    4.8471 H   0  0  0  0  0  0  0  0  0  0  0  0
    4.9882    4.5000    4.5000 H   0  0  0  0  0  0  0  0  0  0  0  0
    4.5000    6.9070    5.7687 H   0  0  0  0  0  0  0  0  0  0  0  0
  1 10  1  0  0  0  0
  1 12  1  0  0  0  0
  2  1  1  0  0  0  0
  2  3  1  0  0  0  0
  3 15  1  0  0  0  0
  3 16  1  0  0  0  0
  4  2  1  0  0  0  0
  5  4  1  0  0  0  0
  6  5  2  0  0  0  0
  7  8  1  0  0  0  0
  7  6  1  0  0  0  0
  8  9  2  0  0  0  0
  9  5  1  0  0  0  0
  9 19  1  0  0  0  0
 11  1  1  0  0  0  0
 13  2  1  0  0  0  0
 14  3  1  0  0  0  0
 17  6  1  0  0  0  0
 18  8  1  0  0  0  0
M  END
