Lattice="13.374984040000001 0.0 0.0 0.0 13.7198399 0.0 0.0 0.0 14.12968782" Properties=species:S:1:pos:R:3:GW_charged:R:1:dKS_charged:R:1:dKS_neutral:R:1 pbc="T T T"
 OpenBabel12102411073D
Lattice="13.374984040000001 0.0 0.0 0.0 13.7198399 0.0 0.0 0.0 14.12968782" Properties=species:S:1:pos:R:3:GW_charged:R:1:dKS_charged:R:1:dKS_neutral:R:1 pbc="T T T"
 23 24  0  0  1  0  0  0  0  0999 V2000
    5.6288    7.5957    5.4704 C   0  0  0  0  0  0  0  0  0  0  0  0
    7.0701    8.1185    5.5776 C   0  0  0  0  0  0  0  0  0  0  0  0
    7.8297    7.5884    6.8121 C   0  0  1  0  0  0  0  0  0  0  0  0
    7.2768    8.1146    8.1562 C   0  0  0  0  0  0  0  0  0  0  0  0
    6.1415    7.3009    8.7163 C   0  0  0  0  0  0  0  0  0  0  0  0
    5.7050    6.1643    8.1577 C   0  0  0  0  0  0  0  0  0  0  0  0
    6.3198    5.5997    6.9005 C   0  0  1  0  0  0  0  0  0  0  0  0
    5.5510    6.0726    5.6399 C   0  0  0  0  0  0  0  0  0  0  0  0
    7.7864    6.0521    6.8057 C   0  0  0  0  0  0  0  0  0  0  0  0
    5.0042    8.0773    6.2383 H   0  0  0  0  0  0  0  0  0  0  0  0
    5.1993    7.8865    4.5000 H   0  0  0  0  0  0  0  0  0  0  0  0
    7.6326    7.8108    4.6792 H   0  0  0  0  0  0  0  0  0  0  0  0
    7.0713    9.2198    5.5792 H   0  0  0  0  0  0  0  0  0  0  0  0
    8.8750    7.9242    6.7249 H   0  0  0  0  0  0  0  0  0  0  0  0
    8.0897    8.1469    8.9036 H   0  0  0  0  0  0  0  0  0  0  0  0
    6.9549    9.1644    8.0431 H   0  0  0  0  0  0  0  0  0  0  0  0
    5.6693    7.6725    9.6297 H   0  0  0  0  0  0  0  0  0  0  0  0
    4.8608    5.6293    8.5997 H   0  0  0  0  0  0  0  0  0  0  0  0
    6.2718    4.5000    6.9419 H   0  0  0  0  0  0  0  0  0  0  0  0
    4.5000    5.7502    5.6932 H   0  0  0  0  0  0  0  0  0  0  0  0
    5.9900    5.5738    4.7592 H   0  0  0  0  0  0  0  0  0  0  0  0
    8.2460    5.6641    5.8826 H   0  0  0  0  0  0  0  0  0  0  0  0
    8.3609    5.6449    7.6517 H   0  0  0  0  0  0  0  0  0  0  0  0
  1  2  1  0  0  0  0
  1  8  1  0  0  0  0
  1 10  1  0  0  0  0
  2 13  1  0  0  0  0
  2  3  1  0  0  0  0
  3 14  1  6  0  0  0
  3  4  1  0  0  0  0
  4  5  1  0  0  0  0
  4 15  1  0  0  0  0
  5 17  1  0  0  0  0
  6 18  1  0  0  0  0
  6  5  2  0  0  0  0
  7 19  1  1  0  0  0
  7  6  1  0  0  0  0
  8 20  1  0  0  0  0
  8  7  1  0  0  0  0
  9  3  1  0  0  0  0
  9  7  1  0  0  0  0
  9 23  1  0  0  0  0
 11  1  1  0  0  0  0
 12  2  1  0  0  0  0
 16  4  1  0  0  0  0
 21  8  1  0  0  0  0
 22  9  1  0  0  0  0
M  END
