Lattice="14.59653559 0.0 0.0 0.0 13.85135503 0.0 0.0 0.0 13.958211219999999" Properties=species:S:1:pos:R:3:GW_charged:R:1:dKS_charged:R:1:dKS_neutral:R:1 pbc="T T T"
 OpenBabel12102411063D
Lattice="14.59653559 0.0 0.0 0.0 13.85135503 0.0 0.0 0.0 13.958211219999999" Properties=species:S:1:pos:R:3:GW_charged:R:1:dKS_charged:R:1:dKS_neutral:R:1 pbc="T T T"
 21 23  0  0  1  0  0  0  0  0999 V2000
    7.1166    8.7804    6.5401 C   0  0  0  0  0  0  0  0  0  0  0  0
    8.4575    8.0830    6.4789 C   0  0  1  0  0  0  0  0  0  0  0  0
    9.1240    7.7148    7.8103 C   0  0  0  0  0  0  0  0  0  0  0  0
    8.1476    6.7588    8.4720 C   0  0  0  0  0  0  0  0  0  0  0  0
    7.1051    6.5054    7.6669 C   0  0  0  0  0  0  0  0  0  0  0  0
    5.9561    5.5330    7.6021 C   0  0  0  0  0  0  0  0  0  0  0  0
    5.3494    5.7694    6.1870 C   0  0  0  0  0  0  0  0  0  0  0  0
    6.4701    6.4367    5.3458 C   0  0  0  0  0  0  0  0  0  0  0  0
    7.1760    7.2752    6.3916 C   0  0  1  0  0  0  0  0  0  0  0  0
    6.7762    9.1987    7.4891 H   0  0  0  0  0  0  0  0  0  0  0  0
    6.8307    9.3514    5.6555 H   0  0  0  0  0  0  0  0  0  0  0  0
    9.0819    8.2661    5.6054 H   0  0  0  0  0  0  0  0  0  0  0  0
   10.0965    7.2202    7.6451 H   0  0  0  0  0  0  0  0  0  0  0  0
    9.3372    8.6073    8.4230 H   0  0  0  0  0  0  0  0  0  0  0  0
    8.3212    6.3291    9.4582 H   0  0  0  0  0  0  0  0  0  0  0  0
    6.3193    4.5000    7.7149 H   0  0  0  0  0  0  0  0  0  0  0  0
    5.2127    5.6911    8.3964 H   0  0  0  0  0  0  0  0  0  0  0  0
    4.9703    4.8455    5.7312 H   0  0  0  0  0  0  0  0  0  0  0  0
    4.5000    6.4637    6.2651 H   0  0  0  0  0  0  0  0  0  0  0  0
    7.1524    5.6713    4.9415 H   0  0  0  0  0  0  0  0  0  0  0  0
    6.0751    7.0138    4.5000 H   0  0  0  0  0  0  0  0  0  0  0  0
  1 10  1  0  0  0  0
  2 12  1  6  0  0  0
  2  1  1  0  0  0  0
  2  3  1  0  0  0  0
  3 14  1  0  0  0  0
  3  4  1  0  0  0  0
  4 15  1  0  0  0  0
  5  4  2  0  0  0  0
  6  5  1  0  0  0  0
  6 16  1  0  0  0  0
  6 17  1  0  0  0  0
  7 19  1  0  0  0  0
  7  6  1  0  0  0  0
  8  7  1  0  0  0  0
  8  9  1  0  0  0  0
  9  2  1  0  0  0  0
  9  1  1  0  0  0  0
  9  5  1  1  0  0  0
 11  1  1  0  0  0  0
 13  3  1  0  0  0  0
 18  7  1  0  0  0  0
 20  8  1  0  0  0  0
 21  8  1  0  0  0  0
M  END
