Lattice="14.04644383 0.0 0.0 0.0 12.99550001 0.0 0.0 0.0 12.29503598" Properties=species:S:1:pos:R:3:GW_charged:R:1:dKS_charged:R:1:dKS_neutral:R:1 pbc="T T T"
 OpenBabel12102409263D
Lattice="14.04644383 0.0 0.0 0.0 12.99550001 0.0 0.0 0.0 12.29503598" Properties=species:S:1:pos:R:3:GW_charged:R:1:dKS_charged:R:1:dKS_neutral:R:1 pbc="T T T"
 15 15  0  0  0  0  0  0  0  0999 V2000
    6.2169    7.9131    6.4624 C   0  0  0  0  0  0  0  0  0  0  0  0
    6.5048    6.4242    6.4310 C   0  0  0  0  0  0  0  0  0  0  0  0
    5.3111    5.5645    6.8005 C   0  0  0  0  0  0  0  0  0  0  0  0
    7.3611    5.9233    5.2456 C   0  0  0  0  0  0  0  0  0  0  0  0
    8.4270    5.6644    6.3022 C   0  0  0  0  0  0  0  0  0  0  0  0
    9.5464    5.2391    6.3467 O   0  0  0  0  0  0  0  0  0  0  0  0
    7.6571    6.1127    7.3539 O   0  0  0  0  0  0  0  0  0  0  0  0
    7.1192    8.4955    6.2360 H   0  0  0  0  0  0  0  0  0  0  0  0
    5.4465    8.1651    5.7205 H   0  0  0  0  0  0  0  0  0  0  0  0
    5.8507    8.2158    7.4522 H   0  0  0  0  0  0  0  0  0  0  0  0
    4.5000    5.7110    6.0738 H   0  0  0  0  0  0  0  0  0  0  0  0
    5.5783    4.5000    6.8112 H   0  0  0  0  0  0  0  0  0  0  0  0
    4.9324    5.8347    7.7950 H   0  0  0  0  0  0  0  0  0  0  0  0
    7.0049    5.0189    4.7386 H   0  0  0  0  0  0  0  0  0  0  0  0
    7.6439    6.6757    4.5000 H   0  0  0  0  0  0  0  0  0  0  0  0
  1 10  1  0  0  0  0
  2  1  1  0  0  0  0
  2  3  1  0  0  0  0
  2  7  1  0  0  0  0
  3 12  1  0  0  0  0
  3 13  1  0  0  0  0
  4  5  1  0  0  0  0
  4  2  1  0  0  0  0
  5  6  2  0  0  0  0
  5  7  1  0  0  0  0
  8  1  1  0  0  0  0
  9  1  1  0  0  0  0
 11  3  1  0  0  0  0
 14  4  1  0  0  0  0
 15  4  1  0  0  0  0
M  END
