Lattice="12.12220063 0.0 0.0 0.0 17.051353380000002 0.0 0.0 0.0 13.83837168" Properties=species:S:1:pos:R:3:GW_charged:R:1:dKS_charged:R:1:dKS_neutral:R:1 pbc="T T T"
 OpenBabel12102409443D
Lattice="12.12220063 0.0 0.0 0.0 17.051353380000002 0.0 0.0 0.0 13.83837168" Properties=species:S:1:pos:R:3:GW_charged:R:1:dKS_charged:R:1:dKS_neutral:R:1 pbc="T T T"
 21 21  0  0  0  0  0  0  0  0999 V2000
    6.6218   12.0967    6.7564 C   0  0  0  0  0  0  0  0  0  0  0  0
    6.6164   10.5705    6.8392 C   0  0  0  0  0  0  0  0  0  0  0  0
    5.2260    9.9977    7.1759 C   0  0  0  0  0  0  0  0  0  0  0  0
    5.1858    8.5144    7.2642 C   0  0  0  0  0  0  0  0  0  0  0  0
    5.0401    7.6306    8.2961 C   0  0  0  0  0  0  0  0  0  0  0  0
    5.1217    6.3158    7.7318 C   0  0  0  0  0  0  0  0  0  0  0  0
    5.3134    6.4745    6.3884 C   0  0  0  0  0  0  0  0  0  0  0  0
    5.4729    5.5316    5.2542 C   0  0  0  0  0  0  0  0  0  0  0  0
    5.3551    7.8161    6.0885 O   0  0  0  0  0  0  0  0  0  0  0  0
    7.6222   12.4816    6.5170 H   0  0  0  0  0  0  0  0  0  0  0  0
    5.9328   12.4577    5.9788 H   0  0  0  0  0  0  0  0  0  0  0  0
    6.3109   12.5514    7.7086 H   0  0  0  0  0  0  0  0  0  0  0  0
    6.9571   10.1414    5.8849 H   0  0  0  0  0  0  0  0  0  0  0  0
    7.3328   10.2294    7.6025 H   0  0  0  0  0  0  0  0  0  0  0  0
    4.8838   10.3999    8.1414 H   0  0  0  0  0  0  0  0  0  0  0  0
    4.5000   10.3434    6.4201 H   0  0  0  0  0  0  0  0  0  0  0  0
    4.8895    7.8908    9.3384 H   0  0  0  0  0  0  0  0  0  0  0  0
    5.0452    5.3688    8.2552 H   0  0  0  0  0  0  0  0  0  0  0  0
    4.6832    5.6659    4.5000 H   0  0  0  0  0  0  0  0  0  0  0  0
    6.4396    5.6672    4.7464 H   0  0  0  0  0  0  0  0  0  0  0  0
    5.4224    4.5000    5.6210 H   0  0  0  0  0  0  0  0  0  0  0  0
  1  2  1  0  0  0  0
  1 12  1  0  0  0  0
  2  3  1  0  0  0  0
  2 14  1  0  0  0  0
  3  4  1  0  0  0  0
  3 15  1  0  0  0  0
  4  5  2  0  0  0  0
  5 17  1  0  0  0  0
  6 18  1  0  0  0  0
  6  5  1  0  0  0  0
  7  6  2  0  0  0  0
  8 21  1  0  0  0  0
  8  7  1  0  0  0  0
  9  7  1  0  0  0  0
  9  4  1  0  0  0  0
 10  1  1  0  0  0  0
 11  1  1  0  0  0  0
 13  2  1  0  0  0  0
 16  3  1  0  0  0  0
 19  8  1  0  0  0  0
 20  8  1  0  0  0  0
M  END
