Lattice="14.78103636 0.0 0.0 0.0 15.31167596 0.0 0.0 0.0 13.38194989" Properties=species:S:1:pos:R:3:GW_charged:R:1:dKS_charged:R:1:dKS_neutral:R:1 pbc="T T T"
 OpenBabel12102411073D
Lattice="14.78103636 0.0 0.0 0.0 15.31167596 0.0 0.0 0.0 13.38194989" Properties=species:S:1:pos:R:3:GW_charged:R:1:dKS_charged:R:1:dKS_neutral:R:1 pbc="T T T"
 23 23  0  0  1  0  0  0  0  0999 V2000
    9.3942   10.3514    7.1454 C   0  0  0  0  0  0  0  0  0  0  0  0
    9.3449    8.9008    7.0597 C   0  0  0  0  0  0  0  0  0  0  0  0
    9.3083    7.6886    6.9904 C   0  0  0  0  0  0  0  0  0  0  0  0
    9.2554    6.2589    6.8953 C   0  0  1  0  0  0  0  0  0  0  0  0
    8.6672    5.4304    8.0332 C   0  0  0  0  0  0  0  0  0  0  0  0
    7.9203    5.5301    6.7352 C   0  0  1  0  0  0  0  0  0  0  0  0
    6.6135    6.2937    6.6341 C   0  0  0  0  0  0  0  0  0  0  0  0
    6.3811    6.7875    5.2006 C   0  0  0  0  0  0  0  0  0  0  0  0
    5.4458    5.4359    7.1379 C   0  0  0  0  0  0  0  0  0  0  0  0
   10.2810   10.7482    6.6299 H   0  0  0  0  0  0  0  0  0  0  0  0
    8.5092   10.8117    6.6816 H   0  0  0  0  0  0  0  0  0  0  0  0
    9.4386   10.6923    8.1904 H   0  0  0  0  0  0  0  0  0  0  0  0
   10.1000    5.8077    6.3712 H   0  0  0  0  0  0  0  0  0  0  0  0
    9.1701    4.5000    8.2922 H   0  0  0  0  0  0  0  0  0  0  0  0
    8.2753    5.9900    8.8819 H   0  0  0  0  0  0  0  0  0  0  0  0
    7.9730    4.6498    6.0880 H   0  0  0  0  0  0  0  0  0  0  0  0
    6.6977    7.1797    7.2858 H   0  0  0  0  0  0  0  0  0  0  0  0
    7.2061    7.4317    4.8690 H   0  0  0  0  0  0  0  0  0  0  0  0
    6.3071    5.9415    4.5000 H   0  0  0  0  0  0  0  0  0  0  0  0
    5.4476    7.3628    5.1250 H   0  0  0  0  0  0  0  0  0  0  0  0
    5.6107    5.1061    8.1730 H   0  0  0  0  0  0  0  0  0  0  0  0
    4.5000    5.9948    7.1062 H   0  0  0  0  0  0  0  0  0  0  0  0
    5.3197    4.5358    6.5167 H   0  0  0  0  0  0  0  0  0  0  0  0
  1 12  1  0  0  0  0
  2  1  1  0  0  0  0
  3  2  3  0  0  0  0
  4 13  1  6  0  0  0
  4  3  1  0  0  0  0
  4  5  1  0  0  0  0
  5 14  1  0  0  0  0
  5 15  1  0  0  0  0
  6 16  1  6  0  0  0
  6  4  1  0  0  0  0
  6  5  1  0  0  0  0
  7  6  1  0  0  0  0
  7  9  1  0  0  0  0
  7 17  1  0  0  0  0
  8  7  1  0  0  0  0
  9 21  1  0  0  0  0
 10  1  1  0  0  0  0
 11  1  1  0  0  0  0
 18  8  1  0  0  0  0
 19  8  1  0  0  0  0
 20  8  1  0  0  0  0
 22  9  1  0  0  0  0
 23  9  1  0  0  0  0
M  END
