Lattice="13.41658037 0.0 0.0 0.0 13.03494972 0.0 0.0 0.0 14.24365491" Properties=species:S:1:pos:R:3:GW_charged:R:1:dKS_charged:R:1:dKS_neutral:R:1 pbc="T T T"
 OpenBabel12102411053D
Lattice="13.41658037 0.0 0.0 0.0 13.03494972 0.0 0.0 0.0 14.24365491" Properties=species:S:1:pos:R:3:GW_charged:R:1:dKS_charged:R:1:dKS_neutral:R:1 pbc="T T T"
 21 23  0  0  1  0  0  0  0  0999 V2000
    5.5539    7.8321    7.5536 C   0  0  0  0  0  0  0  0  0  0  0  0
    7.0819    7.6775    7.7923 C   0  0  1  0  0  0  0  0  0  0  0  0
    6.7051    6.5012    8.7460 C   0  0  0  0  0  0  0  0  0  0  0  0
    5.4159    6.3187    7.8898 C   0  0  2  0  0  0  0  0  0  0  0  0
    5.6814    5.3628    6.6857 C   0  0  1  0  0  0  0  0  0  0  0  0
    5.8985    6.0442    5.3205 C   0  0  0  0  0  0  0  0  0  0  0  0
    7.3783    6.0361    5.7552 C   0  0  1  0  0  0  0  0  0  0  0  0
    7.8868    7.2490    6.5493 C   0  0  0  0  0  0  0  0  0  0  0  0
    7.0787    4.9077    6.6442 O   0  0  0  0  0  0  0  0  0  0  0  0
    5.1042    8.4351    8.3543 H   0  0  0  0  0  0  0  0  0  0  0  0
    5.1936    8.2204    6.5933 H   0  0  0  0  0  0  0  0  0  0  0  0
    7.5914    8.5349    8.2555 H   0  0  0  0  0  0  0  0  0  0  0  0
    7.3916    5.6538    8.8315 H   0  0  0  0  0  0  0  0  0  0  0  0
    6.4521    6.8837    9.7437 H   0  0  0  0  0  0  0  0  0  0  0  0
    4.5000    6.0113    8.4120 H   0  0  0  0  0  0  0  0  0  0  0  0
    5.0030    4.5000    6.7218 H   0  0  0  0  0  0  0  0  0  0  0  0
    5.7374    5.3356    4.5000 H   0  0  0  0  0  0  0  0  0  0  0  0
    5.4007    6.9905    5.0903 H   0  0  0  0  0  0  0  0  0  0  0  0
    8.1170    5.7516    4.9906 H   0  0  0  0  0  0  0  0  0  0  0  0
    7.9615    8.1024    5.8531 H   0  0  0  0  0  0  0  0  0  0  0  0
    8.9166    7.0212    6.8692 H   0  0  0  0  0  0  0  0  0  0  0  0
  1  2  1  0  0  0  0
  1  4  1  0  0  0  0
  1 10  1  0  0  0  0
  2 12  1  1  0  0  0
  2  3  1  0  0  0  0
  3 13  1  0  0  0  0
  3 14  1  0  0  0  0
  4 15  1  1  0  0  0
  4  3  1  0  0  0  0
  5 16  1  6  0  0  0
  5  4  1  0  0  0  0
  6  7  1  0  0  0  0
  6  5  1  0  0  0  0
  7 19  1  6  0  0  0
  7  8  1  0  0  0  0
  7  9  1  0  0  0  0
  8 21  1  0  0  0  0
  8  2  1  0  0  0  0
  9  5  1  0  0  0  0
 11  1  1  0  0  0  0
 17  6  1  0  0  0  0
 18  6  1  0  0  0  0
 20  8  1  0  0  0  0
M  END
