Lattice="15.38668288 0.0 0.0 0.0 15.64094133 0.0 0.0 0.0 13.30713019" Properties=species:S:1:pos:R:3:GW_charged:R:1:dKS_charged:R:1:dKS_neutral:R:1 pbc="T T T"
 OpenBabel12102410123D
Lattice="15.38668288 0.0 0.0 0.0 15.64094133 0.0 0.0 0.0 13.30713019" Properties=species:S:1:pos:R:3:GW_charged:R:1:dKS_charged:R:1:dKS_neutral:R:1 pbc="T T T"
 25 26  0  0  0  0  0  0  0  0999 V2000
    6.5474    7.6713    6.5413 C   0  0  0  0  0  0  0  0  0  0  0  0
    6.5205    6.1581    6.5817 C   0  0  0  0  0  0  0  0  0  0  0  0
    6.6236    5.4346    7.9031 C   0  0  0  0  0  0  0  0  0  0  0  0
    5.3227    5.4271    7.1341 C   0  0  0  0  0  0  0  0  0  0  0  0
    7.9503    8.2793    6.6226 C   0  0  0  0  0  0  0  0  0  0  0  0
    8.8806    7.9526    5.4403 C   0  0  0  0  0  0  0  0  0  0  0  0
   10.0159    8.9960    5.5248 C   0  0  0  0  0  0  0  0  0  0  0  0
    9.4328   10.1959    6.3279 C   0  0  0  0  0  0  0  0  0  0  0  0
    7.9713    9.8169    6.6390 C   0  0  0  0  0  0  0  0  0  0  0  0
    6.0569    8.0236    5.6162 H   0  0  0  0  0  0  0  0  0  0  0  0
    5.9372    8.0601    7.3745 H   0  0  0  0  0  0  0  0  0  0  0  0
    7.0170    5.6694    5.7407 H   0  0  0  0  0  0  0  0  0  0  0  0
    7.2013    4.5129    7.9528 H   0  0  0  0  0  0  0  0  0  0  0  0
    6.6744    6.0419    8.8071 H   0  0  0  0  0  0  0  0  0  0  0  0
    4.5000    6.0272    7.5230 H   0  0  0  0  0  0  0  0  0  0  0  0
    5.0108    4.5000    6.6556 H   0  0  0  0  0  0  0  0  0  0  0  0
    8.4307    7.9154    7.5497 H   0  0  0  0  0  0  0  0  0  0  0  0
    9.2555    6.9206    5.4581 H   0  0  0  0  0  0  0  0  0  0  0  0
    8.3163    8.0735    4.5000 H   0  0  0  0  0  0  0  0  0  0  0  0
   10.8867    8.5751    6.0461 H   0  0  0  0  0  0  0  0  0  0  0  0
   10.3650    9.2958    4.5281 H   0  0  0  0  0  0  0  0  0  0  0  0
    9.9962   10.3381    7.2608 H   0  0  0  0  0  0  0  0  0  0  0  0
    9.5027   11.1409    5.7738 H   0  0  0  0  0  0  0  0  0  0  0  0
    7.3006   10.1915    5.8474 H   0  0  0  0  0  0  0  0  0  0  0  0
    7.6123   10.2388    7.5881 H   0  0  0  0  0  0  0  0  0  0  0  0
  1  2  1  0  0  0  0
  1  5  1  0  0  0  0
  1 11  1  0  0  0  0
  2  4  1  0  0  0  0
  2  3  1  0  0  0  0
  3 13  1  0  0  0  0
  3 14  1  0  0  0  0
  4 15  1  0  0  0  0
  4  3  1  0  0  0  0
  5  9  1  0  0  0  0
  5 17  1  0  0  0  0
  6 18  1  0  0  0  0
  6  7  1  0  0  0  0
  6  5  1  0  0  0  0
  7 20  1  0  0  0  0
  7  8  1  0  0  0  0
  8  9  1  0  0  0  0
  8 22  1  0  0  0  0
  9 25  1  0  0  0  0
 10  1  1  0  0  0  0
 12  2  1  0  0  0  0
 16  4  1  0  0  0  0
 19  6  1  0  0  0  0
 21  7  1  0  0  0  0
 23  8  1  0  0  0  0
 24  9  1  0  0  0  0
M  END
