Lattice="11.865143100000001 0.0 0.0 0.0 15.10167575 0.0 0.0 0.0 14.427462720000001" Properties=species:S:1:pos:R:3:GW_charged:R:1:dKS_charged:R:1:dKS_neutral:R:1 pbc="T T T"
 OpenBabel12102409443D
Lattice="11.865143100000001 0.0 0.0 0.0 15.10167575 0.0 0.0 0.0 14.427462720000001" Properties=species:S:1:pos:R:3:GW_charged:R:1:dKS_charged:R:1:dKS_neutral:R:1 pbc="T T T"
 19 19  0  0  0  0  0  0  0  0999 V2000
    6.3269   10.1730    6.5871 C   0  0  0  0  0  0  0  0  0  0  0  0
    6.3064    8.6795    6.6264 C   0  0  0  0  0  0  0  0  0  0  0  0
    6.2126    7.8183    5.5709 C   0  0  0  0  0  0  0  0  0  0  0  0
    6.2315    6.5198    5.9922 O   0  0  0  0  0  0  0  0  0  0  0  0
    6.3380    6.5507    7.3679 C   0  0  0  0  0  0  0  0  0  0  0  0
    6.3205    5.2341    8.0515 C   0  0  0  0  0  0  0  0  0  0  0  0
    4.9984    4.7391    8.3468 O   0  0  0  0  0  0  0  0  0  0  0  0
    6.3841    7.8505    7.8041 C   0  0  0  0  0  0  0  0  0  0  0  0
    6.4813    8.3396    9.2124 C   0  0  0  0  0  0  0  0  0  0  0  0
    7.2533   10.5742    7.0246 H   0  0  0  0  0  0  0  0  0  0  0  0
    6.2535   10.5468    5.5584 H   0  0  0  0  0  0  0  0  0  0  0  0
    5.4914   10.6017    7.1606 H   0  0  0  0  0  0  0  0  0  0  0  0
    6.1371    7.9681    4.5000 H   0  0  0  0  0  0  0  0  0  0  0  0
    6.8814    4.5000    7.4469 H   0  0  0  0  0  0  0  0  0  0  0  0
    6.8200    5.3150    9.0250 H   0  0  0  0  0  0  0  0  0  0  0  0
    4.5000    4.7320    7.5146 H   0  0  0  0  0  0  0  0  0  0  0  0
    7.3651    8.9791    9.3555 H   0  0  0  0  0  0  0  0  0  0  0  0
    5.6025    8.9428    9.4851 H   0  0  0  0  0  0  0  0  0  0  0  0
    6.5444    7.5107    9.9275 H   0  0  0  0  0  0  0  0  0  0  0  0
  1  2  1  0  0  0  0
  1 10  1  0  0  0  0
  1 12  1  0  0  0  0
  2  8  1  0  0  0  0
  3  4  1  0  0  0  0
  3  2  2  0  0  0  0
  4  5  1  0  0  0  0
  5  8  2  0  0  0  0
  5  6  1  0  0  0  0
  6  7  1  0  0  0  0
  6 15  1  0  0  0  0
  8  9  1  0  0  0  0
  9 17  1  0  0  0  0
  9 18  1  0  0  0  0
  9 19  1  0  0  0  0
 11  1  1  0  0  0  0
 13  3  1  0  0  0  0
 14  6  1  0  0  0  0
 16  7  1  0  0  0  0
M  END
