Lattice="15.56480386 0.0 0.0 0.0 13.83195507 0.0 0.0 0.0 13.471636759999999" Properties=species:S:1:pos:R:3:GW_charged:R:1:dKS_charged:R:1:dKS_neutral:R:1 pbc="T T T"
 OpenBabel12102409423D
Lattice="15.56480386 0.0 0.0 0.0 13.83195507 0.0 0.0 0.0 13.471636759999999" Properties=species:S:1:pos:R:3:GW_charged:R:1:dKS_charged:R:1:dKS_neutral:R:1 pbc="T T T"
 19 19  0  0  1  0  0  0  0  0999 V2000
   10.0595    8.6737    6.4991 C   0  0  0  0  0  0  0  0  0  0  0  0
   10.0085    7.2639    7.0931 C   0  0  1  0  0  0  0  0  0  0  0  0
   10.4811    7.2509    8.4485 O   0  0  0  0  0  0  0  0  0  0  0  0
    8.6456    6.6314    6.9785 C   0  0  0  0  0  0  0  0  0  0  0  0
    8.0073    5.8996    7.9398 C   0  0  0  0  0  0  0  0  0  0  0  0
    6.7854    5.4699    7.4914 O   0  0  0  0  0  0  0  0  0  0  0  0
    6.6401    5.9333    6.2084 C   0  0  0  0  0  0  0  0  0  0  0  0
    5.3765    5.5889    5.5110 C   0  0  0  0  0  0  0  0  0  0  0  0
    7.7494    6.6483    5.8529 C   0  0  0  0  0  0  0  0  0  0  0  0
   11.0648    9.0940    6.6267 H   0  0  0  0  0  0  0  0  0  0  0  0
    9.8219    8.6670    5.4265 H   0  0  0  0  0  0  0  0  0  0  0  0
    9.3331    9.3320    6.9982 H   0  0  0  0  0  0  0  0  0  0  0  0
   10.7390    6.6333    6.5593 H   0  0  0  0  0  0  0  0  0  0  0  0
    9.8688    7.7948    8.9716 H   0  0  0  0  0  0  0  0  0  0  0  0
    8.2811    5.5918    8.9407 H   0  0  0  0  0  0  0  0  0  0  0  0
    4.5000    5.9862    6.0438 H   0  0  0  0  0  0  0  0  0  0  0  0
    5.3830    6.0116    4.5000 H   0  0  0  0  0  0  0  0  0  0  0  0
    5.2461    4.5000    5.4273 H   0  0  0  0  0  0  0  0  0  0  0  0
    7.9061    7.1324    4.8947 H   0  0  0  0  0  0  0  0  0  0  0  0
  1 10  1  0  0  0  0
  1 12  1  0  0  0  0
  1  2  1  0  0  0  0
  2 13  1  6  0  0  0
  2  3  1  0  0  0  0
  3 14  1  0  0  0  0
  4  2  1  0  0  0  0
  4  5  2  0  0  0  0
  5 15  1  0  0  0  0
  6  5  1  0  0  0  0
  7  6  1  0  0  0  0
  8 16  1  0  0  0  0
  8  7  1  0  0  0  0
  9  7  2  0  0  0  0
  9  4  1  0  0  0  0
 11  1  1  0  0  0  0
 17  8  1  0  0  0  0
 18  8  1  0  0  0  0
 19  9  1  0  0  0  0
M  END
