Lattice="15.26983409 0.0 0.0 0.0 13.70234175 0.0 0.0 0.0 12.83045245" Properties=species:S:1:pos:R:3:GW_charged:R:1:dKS_charged:R:1:dKS_neutral:R:1 pbc="T T T"
 OpenBabel12102409423D
Lattice="15.26983409 0.0 0.0 0.0 13.70234175 0.0 0.0 0.0 12.83045245" Properties=species:S:1:pos:R:3:GW_charged:R:1:dKS_charged:R:1:dKS_neutral:R:1 pbc="T T T"
 20 20  0  0  0  0  0  0  0  0999 V2000
    6.3400    8.6549    6.1991 C   0  0  0  0  0  0  0  0  0  0  0  0
    6.5505    7.1397    6.2122 C   0  0  0  0  0  0  0  0  0  0  0  0
    5.2368    6.4039    5.9778 C   0  0  0  0  0  0  0  0  0  0  0  0
    7.7518    6.7059    5.3133 C   0  0  0  0  0  0  0  0  0  0  0  0
    8.6796    6.6786    6.5674 C   0  0  0  0  0  0  0  0  0  0  0  0
    7.3894    6.6740    7.4447 C   0  0  0  0  0  0  0  0  0  0  0  0
    9.5741    5.4852    6.7018 C   0  0  0  0  0  0  0  0  0  0  0  0
   10.7698    5.5148    6.9065 O   0  0  0  0  0  0  0  0  0  0  0  0
    7.2784    9.2023    6.3669 H   0  0  0  0  0  0  0  0  0  0  0  0
    5.9303    8.9842    5.2328 H   0  0  0  0  0  0  0  0  0  0  0  0
    5.6324    8.9580    6.9849 H   0  0  0  0  0  0  0  0  0  0  0  0
    4.7976    6.6775    5.0067 H   0  0  0  0  0  0  0  0  0  0  0  0
    5.3804    5.3140    5.9859 H   0  0  0  0  0  0  0  0  0  0  0  0
    4.5000    6.6513    6.7568 H   0  0  0  0  0  0  0  0  0  0  0  0
    7.6061    5.6974    4.8982 H   0  0  0  0  0  0  0  0  0  0  0  0
    8.0513    7.3790    4.5000 H   0  0  0  0  0  0  0  0  0  0  0  0
    9.2750    7.5920    6.6824 H   0  0  0  0  0  0  0  0  0  0  0  0
    7.4000    7.3217    8.3305 H   0  0  0  0  0  0  0  0  0  0  0  0
    7.1196    5.6546    7.7588 H   0  0  0  0  0  0  0  0  0  0  0  0
    9.0402    4.5000    6.5955 H   0  0  0  0  0  0  0  0  0  0  0  0
  1  2  1  0  0  0  0
  1  9  1  0  0  0  0
  1 11  1  0  0  0  0
  2  6  1  0  0  0  0
  3 13  1  0  0  0  0
  3  2  1  0  0  0  0
  3 14  1  0  0  0  0
  4  2  1  0  0  0  0
  4  5  1  0  0  0  0
  5 17  1  0  0  0  0
  5  7  1  0  0  0  0
  5  6  1  0  0  0  0
  6 19  1  0  0  0  0
  6 18  1  0  0  0  0
  7  8  2  0  0  0  0
 10  1  1  0  0  0  0
 12  3  1  0  0  0  0
 15  4  1  0  0  0  0
 16  4  1  0  0  0  0
 20  7  1  0  0  0  0
M  END
