Lattice="12.39564399 0.0 0.0 0.0 13.65584499 0.0 0.0 0.0 13.43548425" Properties=species:S:1:pos:R:3:GW_charged:R:1:dKS_charged:R:1:dKS_neutral:R:1 pbc="T T T"
 OpenBabel12102409263D
Lattice="12.39564399 0.0 0.0 0.0 13.65584499 0.0 0.0 0.0 13.43548425" Properties=species:S:1:pos:R:3:GW_charged:R:1:dKS_charged:R:1:dKS_neutral:R:1 pbc="T T T"
 16 16  0  0  0  0  0  0  0  0999 V2000
    5.2516    8.3940    8.0616 C   0  0  0  0  0  0  0  0  0  0  0  0
    4.8903    7.0857    7.6349 O   0  0  0  0  0  0  0  0  0  0  0  0
    5.7144    6.5623    6.6109 C   0  0  0  0  0  0  0  0  0  0  0  0
    5.5526    7.2153    5.2564 C   0  0  0  0  0  0  0  0  0  0  0  0
    7.0574    6.0128    7.0393 C   0  0  0  0  0  0  0  0  0  0  0  0
    5.9043    5.0798    6.7104 C   0  0  0  0  0  0  0  0  0  0  0  0
    6.3154    8.4472    8.3518 H   0  0  0  0  0  0  0  0  0  0  0  0
    5.0589    9.1558    7.2869 H   0  0  0  0  0  0  0  0  0  0  0  0
    4.6297    8.6196    8.9355 H   0  0  0  0  0  0  0  0  0  0  0  0
    5.8771    8.2657    5.2666 H   0  0  0  0  0  0  0  0  0  0  0  0
    6.1538    6.6948    4.5000 H   0  0  0  0  0  0  0  0  0  0  0  0
    4.5000    7.1810    4.9420 H   0  0  0  0  0  0  0  0  0  0  0  0
    7.8956    6.0775    6.3463 H   0  0  0  0  0  0  0  0  0  0  0  0
    7.3249    6.1132    8.0901 H   0  0  0  0  0  0  0  0  0  0  0  0
    5.4151    4.5840    7.5468 H   0  0  0  0  0  0  0  0  0  0  0  0
    5.9440    4.5000    5.7892 H   0  0  0  0  0  0  0  0  0  0  0  0
  1  7  1  0  0  0  0
  1  9  1  0  0  0  0
  2  1  1  0  0  0  0
  3  6  1  0  0  0  0
  3  5  1  0  0  0  0
  3  2  1  0  0  0  0
  4 10  1  0  0  0  0
  4  3  1  0  0  0  0
  5 14  1  0  0  0  0
  6  5  1  0  0  0  0
  6 15  1  0  0  0  0
  8  1  1  0  0  0  0
 11  4  1  0  0  0  0
 12  4  1  0  0  0  0
 13  5  1  0  0  0  0
 16  6  1  0  0  0  0
M  END
