Lattice="13.07905398 0.0 0.0 0.0 13.557673770000001 0.0 0.0 0.0 13.661749140000001" Properties=species:S:1:pos:R:3:GW_charged:R:1:dKS_charged:R:1:dKS_neutral:R:1 pbc="T T T"
 OpenBabel12102409373D
Lattice="13.07905398 0.0 0.0 0.0 13.557673770000001 0.0 0.0 0.0 13.661749140000001" Properties=species:S:1:pos:R:3:GW_charged:R:1:dKS_charged:R:1:dKS_neutral:R:1 pbc="T T T"
 17 18  0  0  1  0  0  0  0  0999 V2000
    5.4825    8.6384    8.3045 C   0  0  0  0  0  0  0  0  0  0  0  0
    5.5202    7.1101    8.2452 C   0  0  0  0  0  0  0  0  0  0  0  0
    6.3004    6.5757    7.0811 C   0  0  1  0  0  0  0  0  0  0  0  0
    7.7402    6.9124    6.5960 C   0  0  0  0  0  0  0  0  0  0  0  0
    7.0363    6.0549    5.5248 C   0  0  1  0  0  0  0  0  0  0  0  0
    6.5084    5.1074    6.6215 C   0  0  0  0  0  0  0  0  0  0  0  0
    5.8115    6.8925    5.6837 O   0  0  0  0  0  0  0  0  0  0  0  0
    6.4915    9.0577    8.4196 H   0  0  0  0  0  0  0  0  0  0  0  0
    5.0509    9.0538    7.3849 H   0  0  0  0  0  0  0  0  0  0  0  0
    4.8773    8.9843    9.1524 H   0  0  0  0  0  0  0  0  0  0  0  0
    5.9713    6.6967    9.1617 H   0  0  0  0  0  0  0  0  0  0  0  0
    4.5000    6.6992    8.1864 H   0  0  0  0  0  0  0  0  0  0  0  0
    7.9099    7.9585    6.3190 H   0  0  0  0  0  0  0  0  0  0  0  0
    8.5791    6.4655    7.1470 H   0  0  0  0  0  0  0  0  0  0  0  0
    7.3508    5.8272    4.5000 H   0  0  0  0  0  0  0  0  0  0  0  0
    7.2379    4.5000    7.1748 H   0  0  0  0  0  0  0  0  0  0  0  0
    5.5906    4.5641    6.3704 H   0  0  0  0  0  0  0  0  0  0  0  0
  1  8  1  0  0  0  0
  1 10  1  0  0  0  0
  2  1  1  0  0  0  0
  2 11  1  0  0  0  0
  3  2  1  1  0  0  0
  4  3  1  0  0  0  0
  4 14  1  0  0  0  0
  5 15  1  6  0  0  0
  5  7  1  0  0  0  0
  5  4  1  0  0  0  0
  5  6  1  0  0  0  0
  6  3  1  0  0  0  0
  6 16  1  0  0  0  0
  7  3  1  0  0  0  0
  9  1  1  0  0  0  0
 12  2  1  0  0  0  0
 13  4  1  0  0  0  0
 17  6  1  0  0  0  0
M  END
