Lattice="12.88889339 0.0 0.0 0.0 14.15522181 0.0 0.0 0.0 12.85687614" Properties=species:S:1:pos:R:3:GW_charged:R:1:dKS_charged:R:1:dKS_neutral:R:1 pbc="T T T"
 OpenBabel12102409383D
Lattice="12.88889339 0.0 0.0 0.0 14.15522181 0.0 0.0 0.0 12.85687614" Properties=species:S:1:pos:R:3:GW_charged:R:1:dKS_charged:R:1:dKS_neutral:R:1 pbc="T T T"
 17 17  0  0  0  0  0  0  0  0999 V2000
    5.6122    9.1138    7.6170 C   0  0  0  0  0  0  0  0  0  0  0  0
    5.4850    7.6196    7.3981 C   0  0  0  0  0  0  0  0  0  0  0  0
    6.5317    7.1957    6.5227 O   0  0  0  0  0  0  0  0  0  0  0  0
    6.5181    5.8095    6.2852 C   0  0  0  0  0  0  0  0  0  0  0  0
    5.5369    5.2461    5.2267 C   0  0  0  0  0  0  0  0  0  0  0  0
    6.6374    4.6334    4.5000 O   0  0  0  0  0  0  0  0  0  0  0  0
    7.6115    5.3422    5.3179 C   0  0  0  0  0  0  0  0  0  0  0  0
    6.5835    9.3599    8.0650 H   0  0  0  0  0  0  0  0  0  0  0  0
    5.5243    9.6552    6.6662 H   0  0  0  0  0  0  0  0  0  0  0  0
    4.8206    9.4686    8.2904 H   0  0  0  0  0  0  0  0  0  0  0  0
    5.5615    7.0704    8.3569 H   0  0  0  0  0  0  0  0  0  0  0  0
    4.5000    7.3728    6.9575 H   0  0  0  0  0  0  0  0  0  0  0  0
    6.4928    5.2521    7.2391 H   0  0  0  0  0  0  0  0  0  0  0  0
    4.7963    4.5000    5.5508 H   0  0  0  0  0  0  0  0  0  0  0  0
    5.0427    6.0376    4.6369 H   0  0  0  0  0  0  0  0  0  0  0  0
    8.0758    6.1821    4.7753 H   0  0  0  0  0  0  0  0  0  0  0  0
    8.3889    4.6698    5.7079 H   0  0  0  0  0  0  0  0  0  0  0  0
  1  8  1  0  0  0  0
  1 10  1  0  0  0  0
  2  1  1  0  0  0  0
  2 11  1  0  0  0  0
  3  2  1  0  0  0  0
  4  3  1  0  0  0  0
  4 13  1  0  0  0  0
  5 14  1  0  0  0  0
  5  4  1  0  0  0  0
  6  5  1  0  0  0  0
  6  7  1  0  0  0  0
  7 17  1  0  0  0  0
  7  4  1  0  0  0  0
  9  1  1  0  0  0  0
 12  2  1  0  0  0  0
 15  5  1  0  0  0  0
 16  7  1  0  0  0  0
M  END
