Lattice="12.4614046 0.0 0.0 0.0 13.93436905 0.0 0.0 0.0 12.74037502" Properties=species:S:1:pos:R:3:GW_charged:R:1:dKS_charged:R:1:dKS_neutral:R:1 pbc="T T T"
 OpenBabel12102409383D
Lattice="12.4614046 0.0 0.0 0.0 13.93436905 0.0 0.0 0.0 12.74037502" Properties=species:S:1:pos:R:3:GW_charged:R:1:dKS_charged:R:1:dKS_neutral:R:1 pbc="T T T"
 17 18  0  0  1  0  0  0  0  0999 V2000
    6.7118    8.9518    5.8829 C   0  0  0  0  0  0  0  0  0  0  0  0
    6.6252    7.4571    6.0018 C   0  0  2  0  0  0  0  0  0  0  0  0
    5.3646    6.7145    5.5845 C   0  0  0  0  0  0  0  0  0  0  0  0
    5.5751    5.2681    6.0850 C   0  0  0  0  0  0  0  0  0  0  0  0
    6.5275    5.3857    7.2988 C   0  0  0  0  0  0  0  0  0  0  0  0
    7.3177    6.6442    7.0183 C   0  0  1  0  0  0  0  0  0  0  0  0
    7.8318    6.7165    5.6675 O   0  0  0  0  0  0  0  0  0  0  0  0
    7.6701    9.3200    6.2688 H   0  0  0  0  0  0  0  0  0  0  0  0
    6.6246    9.2623    4.8315 H   0  0  0  0  0  0  0  0  0  0  0  0
    5.8984    9.4344    6.4434 H   0  0  0  0  0  0  0  0  0  0  0  0
    4.5000    7.1889    6.0769 H   0  0  0  0  0  0  0  0  0  0  0  0
    5.1911    6.7671    4.5000 H   0  0  0  0  0  0  0  0  0  0  0  0
    4.6310    4.7715    6.3412 H   0  0  0  0  0  0  0  0  0  0  0  0
    6.0536    4.6718    5.2992 H   0  0  0  0  0  0  0  0  0  0  0  0
    5.9707    5.5221    8.2404 H   0  0  0  0  0  0  0  0  0  0  0  0
    7.1664    4.5000    7.4220 H   0  0  0  0  0  0  0  0  0  0  0  0
    7.9614    7.0885    7.7826 H   0  0  0  0  0  0  0  0  0  0  0  0
  1  8  1  0  0  0  0
  1 10  1  0  0  0  0
  2  1  1  1  0  0  0
  2  6  1  0  0  0  0
  3  2  1  0  0  0  0
  3 11  1  0  0  0  0
  3  4  1  0  0  0  0
  4 13  1  0  0  0  0
  4  5  1  0  0  0  0
  5 16  1  0  0  0  0
  5 15  1  0  0  0  0
  6  5  1  0  0  0  0
  6 17  1  1  0  0  0
  7  2  1  0  0  0  0
  7  6  1  0  0  0  0
  9  1  1  0  0  0  0
 12  3  1  0  0  0  0
 14  4  1  0  0  0  0
M  END
