Lattice="13.27833656 0.0 0.0 0.0 16.06859032 0.0 0.0 0.0 12.482940840000001" Properties=species:S:1:pos:R:3:GW_charged:R:1:dKS_charged:R:1:dKS_neutral:R:1 pbc="T T T"
 OpenBabel12102409463D
Lattice="13.27833656 0.0 0.0 0.0 16.06859032 0.0 0.0 0.0 12.482940840000001" Properties=species:S:1:pos:R:3:GW_charged:R:1:dKS_charged:R:1:dKS_neutral:R:1 pbc="T T T"
 19 20  0  0  1  0  0  0  0  0999 V2000
    7.1418    5.4400    6.3315 C   0  0  0  0  0  0  0  0  0  0  0  0
    6.7514    6.5076    5.9143 C   0  0  0  0  0  0  0  0  0  0  0  0
    6.2554    7.7837    5.3863 C   0  0  1  0  0  0  0  0  0  0  0  0
    5.3745    8.5418    6.4278 C   0  0  0  0  0  0  0  0  0  0  0  0
    6.1817    9.6523    7.1091 C   0  0  2  0  0  0  0  0  0  0  0  0
    6.6841   10.6390    6.0175 C   0  0  0  0  0  0  0  0  0  0  0  0
    7.8071    9.6001    5.7721 C   0  0  1  0  0  0  0  0  0  0  0  0
    7.6639    9.1988    7.2648 C   0  0  0  0  0  0  0  0  0  0  0  0
    7.3510    8.5773    4.8760 O   0  0  0  0  0  0  0  0  0  0  0  0
    7.4983    4.5000    6.6966 H   0  0  0  0  0  0  0  0  0  0  0  0
    5.6451    7.5514    4.5000 H   0  0  0  0  0  0  0  0  0  0  0  0
    4.5000    8.9778    5.9232 H   0  0  0  0  0  0  0  0  0  0  0  0
    5.0035    7.8153    7.1630 H   0  0  0  0  0  0  0  0  0  0  0  0
    5.6539   10.0556    7.9829 H   0  0  0  0  0  0  0  0  0  0  0  0
    6.0229   10.8682    5.1708 H   0  0  0  0  0  0  0  0  0  0  0  0
    7.0767   11.5686    6.4499 H   0  0  0  0  0  0  0  0  0  0  0  0
    8.7783    9.9202    5.3772 H   0  0  0  0  0  0  0  0  0  0  0  0
    8.2308    9.8881    7.9031 H   0  0  0  0  0  0  0  0  0  0  0  0
    7.8834    8.1642    7.5534 H   0  0  0  0  0  0  0  0  0  0  0  0
  1 10  1  0  0  0  0
  2  1  3  0  0  0  0
  3 11  1  6  0  0  0
  3  2  1  0  0  0  0
  3  4  1  0  0  0  0
  4  5  1  0  0  0  0
  4 13  1  0  0  0  0
  5  8  1  0  0  0  0
  5 14  1  1  0  0  0
  6 16  1  0  0  0  0
  6  5  1  0  0  0  0
  7 17  1  6  0  0  0
  7  6  1  0  0  0  0
  7  8  1  0  0  0  0
  8 19  1  0  0  0  0
  8 18  1  0  0  0  0
  9  3  1  0  0  0  0
  9  7  1  0  0  0  0
 12  4  1  0  0  0  0
 15  6  1  0  0  0  0
M  END
