Lattice="12.733020159999999 0.0 0.0 0.0 13.26559481 0.0 0.0 0.0 14.21194999" Properties=species:S:1:pos:R:3:GW_charged:R:1:dKS_charged:R:1:dKS_neutral:R:1 pbc="T T T"
 OpenBabel12102411053D
Lattice="12.733020159999999 0.0 0.0 0.0 13.26559481 0.0 0.0 0.0 14.21194999" Properties=species:S:1:pos:R:3:GW_charged:R:1:dKS_charged:R:1:dKS_neutral:R:1 pbc="T T T"
 21 22  0  0  1  0  0  0  0  0999 V2000
    5.1313    7.1358    8.6854 C   0  0  0  0  0  0  0  0  0  0  0  0
    6.6710    7.2919    8.5397 C   0  0  1  0  0  0  0  0  0  0  0  0
    6.8127    5.7480    8.7043 C   0  0  0  0  0  0  0  0  0  0  0  0
    5.2708    5.5957    8.5228 C   0  0  2  0  0  0  0  0  0  0  0  0
    4.7521    5.0608    7.3073 O   0  0  0  0  0  0  0  0  0  0  0  0
    5.5111    5.1352    6.1040 C   0  0  0  0  0  0  0  0  0  0  0  0
    5.9449    6.5113    5.5861 C   0  0  0  0  0  0  0  0  0  0  0  0
    7.1982    6.9602    6.1000 O   0  0  0  0  0  0  0  0  0  0  0  0
    7.1803    7.8563    7.2070 C   0  0  0  0  0  0  0  0  0  0  0  0
    4.7665    7.4153    9.6827 H   0  0  0  0  0  0  0  0  0  0  0  0
    4.5000    7.6346    7.9376 H   0  0  0  0  0  0  0  0  0  0  0  0
    7.1361    7.8854    9.3398 H   0  0  0  0  0  0  0  0  0  0  0  0
    7.4572    5.2413    7.9769 H   0  0  0  0  0  0  0  0  0  0  0  0
    7.1258    5.4488    9.7119 H   0  0  0  0  0  0  0  0  0  0  0  0
    4.7733    5.0047    9.3028 H   0  0  0  0  0  0  0  0  0  0  0  0
    6.4138    4.5000    6.1633 H   0  0  0  0  0  0  0  0  0  0  0  0
    4.8450    4.6848    5.3533 H   0  0  0  0  0  0  0  0  0  0  0  0
    6.0988    6.4065    4.5000 H   0  0  0  0  0  0  0  0  0  0  0  0
    5.1517    7.2642    5.7389 H   0  0  0  0  0  0  0  0  0  0  0  0
    6.6005    8.7656    6.9508 H   0  0  0  0  0  0  0  0  0  0  0  0
    8.2330    8.1536    7.3158 H   0  0  0  0  0  0  0  0  0  0  0  0
  1 10  1  0  0  0  0
  2  1  1  0  0  0  0
  2  3  1  0  0  0  0
  2 12  1  1  0  0  0
  3 14  1  0  0  0  0
  4  1  1  0  0  0  0
  4  3  1  0  0  0  0
  4 15  1  1  0  0  0
  5  4  1  0  0  0  0
  6 16  1  0  0  0  0
  6  5  1  0  0  0  0
  7 19  1  0  0  0  0
  7  8  1  0  0  0  0
  7  6  1  0  0  0  0
  8  9  1  0  0  0  0
  9 21  1  0  0  0  0
  9  2  1  0  0  0  0
 11  1  1  0  0  0  0
 13  3  1  0  0  0  0
 17  6  1  0  0  0  0
 18  7  1  0  0  0  0
 20  9  1  0  0  0  0
M  END
