Lattice="14.73941375 0.0 0.0 0.0 14.1656879 0.0 0.0 0.0 11.8847278" Properties=species:S:1:pos:R:3:GW_charged:R:1:dKS_charged:R:1:dKS_neutral:R:1 pbc="T T T"
 OpenBabel12102409273D
Lattice="14.73941375 0.0 0.0 0.0 14.1656879 0.0 0.0 0.0 11.8847278" Properties=species:S:1:pos:R:3:GW_charged:R:1:dKS_charged:R:1:dKS_neutral:R:1 pbc="T T T"
 15 14  0  0  1  0  0  0  0  0999 V2000
    9.3516    9.2949    5.3686 O   0  0  0  0  0  0  0  0  0  0  0  0
    9.4517    7.8677    5.4420 C   0  0  0  0  0  0  0  0  0  0  0  0
    8.0367    7.3096    5.4177 C   0  0  0  0  0  0  0  0  0  0  0  0
    8.0084    5.7717    5.4727 C   0  0  1  0  0  0  0  0  0  0  0  0
    8.6379    5.2511    6.6584 O   0  0  0  0  0  0  0  0  0  0  0  0
    6.6433    5.2655    5.3291 C   0  0  0  0  0  0  0  0  0  0  0  0
    5.5032    4.8641    5.2593 C   0  0  0  0  0  0  0  0  0  0  0  0
   10.2394    9.6657    5.4785 H   0  0  0  0  0  0  0  0  0  0  0  0
   10.0247    7.4699    4.5825 H   0  0  0  0  0  0  0  0  0  0  0  0
    9.9663    7.5507    6.3639 H   0  0  0  0  0  0  0  0  0  0  0  0
    7.4624    7.7151    6.2647 H   0  0  0  0  0  0  0  0  0  0  0  0
    7.5285    7.6417    4.5000 H   0  0  0  0  0  0  0  0  0  0  0  0
    8.6197    5.3735    4.6453 H   0  0  0  0  0  0  0  0  0  0  0  0
    7.9986    5.3332    7.3847 H   0  0  0  0  0  0  0  0  0  0  0  0
    4.5000    4.5000    5.1868 H   0  0  0  0  0  0  0  0  0  0  0  0
  1  2  1  0  0  0  0
  1  8  1  0  0  0  0
  2 10  1  0  0  0  0
  3  2  1  0  0  0  0
  3  4  1  0  0  0  0
  3 11  1  0  0  0  0
  4 13  1  6  0  0  0
  4  5  1  0  0  0  0
  5 14  1  0  0  0  0
  6  4  1  0  0  0  0
  7  6  3  0  0  0  0
  9  2  1  0  0  0  0
 12  3  1  0  0  0  0
 15  7  1  0  0  0  0
M  END
