Lattice="13.38432506 0.0 0.0 0.0 14.8602504 0.0 0.0 0.0 13.3130728" Properties=species:S:1:pos:R:3:GW_charged:R:1:dKS_charged:R:1:dKS_neutral:R:1 pbc="T T T"
 OpenBabel12102409423D
Lattice="13.38432506 0.0 0.0 0.0 14.8602504 0.0 0.0 0.0 13.3130728" Properties=species:S:1:pos:R:3:GW_charged:R:1:dKS_charged:R:1:dKS_neutral:R:1 pbc="T T T"
 19 20  0  0  0  0  0  0  0  0999 V2000
    5.4900    8.6709    5.4287 C   0  0  0  0  0  0  0  0  0  0  0  0
    6.9032    9.2725    5.4940 C   0  0  0  0  0  0  0  0  0  0  0  0
    7.6104    8.9628    6.8269 C   0  0  0  0  0  0  0  0  0  0  0  0
    7.4126    7.5217    7.1900 C   0  0  0  0  0  0  0  0  0  0  0  0
    6.4681    6.7423    6.5834 C   0  0  0  0  0  0  0  0  0  0  0  0
    5.5069    7.1311    5.5208 C   0  0  0  0  0  0  0  0  0  0  0  0
    6.4965    5.4668    7.0863 O   0  0  0  0  0  0  0  0  0  0  0  0
    7.4855    5.4485    8.0366 C   0  0  0  0  0  0  0  0  0  0  0  0
    8.0745    6.6744    8.1416 C   0  0  0  0  0  0  0  0  0  0  0  0
    4.8880    9.0724    6.2599 H   0  0  0  0  0  0  0  0  0  0  0  0
    4.9897    8.9798    4.5000 H   0  0  0  0  0  0  0  0  0  0  0  0
    7.5053    8.8664    4.6644 H   0  0  0  0  0  0  0  0  0  0  0  0
    6.8533   10.3603    5.3409 H   0  0  0  0  0  0  0  0  0  0  0  0
    8.6822    9.2017    6.7508 H   0  0  0  0  0  0  0  0  0  0  0  0
    7.2111    9.6126    7.6250 H   0  0  0  0  0  0  0  0  0  0  0  0
    4.5000    6.7444    5.7412 H   0  0  0  0  0  0  0  0  0  0  0  0
    5.8018    6.6922    4.5512 H   0  0  0  0  0  0  0  0  0  0  0  0
    7.6378    4.5000    8.5365 H   0  0  0  0  0  0  0  0  0  0  0  0
    8.8843    6.9405    8.8131 H   0  0  0  0  0  0  0  0  0  0  0  0
  1  2  1  0  0  0  0
  1  6  1  0  0  0  0
  1 10  1  0  0  0  0
  2  3  1  0  0  0  0
  3  4  1  0  0  0  0
  3 15  1  0  0  0  0
  4  9  1  0  0  0  0
  5  7  1  0  0  0  0
  5  4  2  0  0  0  0
  6 16  1  0  0  0  0
  6  5  1  0  0  0  0
  7  8  1  0  0  0  0
  8  9  2  0  0  0  0
  8 18  1  0  0  0  0
  9 19  1  0  0  0  0
 11  1  1  0  0  0  0
 12  2  1  0  0  0  0
 13  2  1  0  0  0  0
 14  3  1  0  0  0  0
 17  6  1  0  0  0  0
M  END
