Lattice="14.64762889 0.0 0.0 0.0 12.7508464 0.0 0.0 0.0 14.78532376" Properties=species:S:1:pos:R:3:GW_charged:R:1:dKS_charged:R:1:dKS_neutral:R:1 pbc="T T T"
 OpenBabel12102409403D
Lattice="14.64762889 0.0 0.0 0.0 12.7508464 0.0 0.0 0.0 14.78532376" Properties=species:S:1:pos:R:3:GW_charged:R:1:dKS_charged:R:1:dKS_neutral:R:1 pbc="T T T"
 22 21  0  0  0  0  0  0  0  0999 V2000
    6.4581    7.7576    7.9804 C   0  0  0  0  0  0  0  0  0  0  0  0
    6.5596    6.2308    8.1123 C   0  0  0  0  0  0  0  0  0  0  0  0
    7.2021    5.8310    9.4475 C   0  0  0  0  0  0  0  0  0  0  0  0
    5.1761    5.5930    7.9717 C   0  0  0  0  0  0  0  0  0  0  0  0
    7.3006    5.6691    6.9949 O   0  0  0  0  0  0  0  0  0  0  0  0
    8.6874    5.9792    6.8829 C   0  0  0  0  0  0  0  0  0  0  0  0
    9.0863    5.6143    5.4627 C   0  0  0  0  0  0  0  0  0  0  0  0
    8.3435    6.3562    4.5000 O   0  0  0  0  0  0  0  0  0  0  0  0
    7.4316    8.2508    8.0998 H   0  0  0  0  0  0  0  0  0  0  0  0
    6.0523    8.0297    6.9971 H   0  0  0  0  0  0  0  0  0  0  0  0
    5.7905    8.1629    8.7526 H   0  0  0  0  0  0  0  0  0  0  0  0
    6.5671    6.1489   10.2853 H   0  0  0  0  0  0  0  0  0  0  0  0
    7.3239    4.7409    9.5046 H   0  0  0  0  0  0  0  0  0  0  0  0
    8.1860    6.2990    9.5860 H   0  0  0  0  0  0  0  0  0  0  0  0
    4.7363    5.8474    6.9984 H   0  0  0  0  0  0  0  0  0  0  0  0
    5.2511    4.5000    8.0386 H   0  0  0  0  0  0  0  0  0  0  0  0
    4.5000    5.9470    8.7607 H   0  0  0  0  0  0  0  0  0  0  0  0
    8.8749    7.0537    7.0512 H   0  0  0  0  0  0  0  0  0  0  0  0
    9.2919    5.3993    7.6049 H   0  0  0  0  0  0  0  0  0  0  0  0
   10.1476    5.8497    5.3019 H   0  0  0  0  0  0  0  0  0  0  0  0
    8.9497    4.5268    5.3141 H   0  0  0  0  0  0  0  0  0  0  0  0
    7.4142    6.2754    4.7767 H   0  0  0  0  0  0  0  0  0  0  0  0
  1  9  1  0  0  0  0
  1  2  1  0  0  0  0
  1 11  1  0  0  0  0
  2  3  1  0  0  0  0
  3 13  1  0  0  0  0
  3 14  1  0  0  0  0
  3 12  1  0  0  0  0
  4 16  1  0  0  0  0
  4  2  1  0  0  0  0
  4 17  1  0  0  0  0
  5  2  1  0  0  0  0
  6  5  1  0  0  0  0
  6 18  1  0  0  0  0
  6 19  1  0  0  0  0
  7  6  1  0  0  0  0
  8 22  1  0  0  0  0
  8  7  1  0  0  0  0
 10  1  1  0  0  0  0
 15  4  1  0  0  0  0
 20  7  1  0  0  0  0
 21  7  1  0  0  0  0
M  END
