Lattice="13.89826534 0.0 0.0 0.0 12.99369459 0.0 0.0 0.0 12.25147434" Properties=species:S:1:pos:R:3:GW_charged:R:1:dKS_charged:R:1:dKS_neutral:R:1 pbc="T T T"
 OpenBabel12102409263D
Lattice="13.89826534 0.0 0.0 0.0 12.99369459 0.0 0.0 0.0 12.25147434" Properties=species:S:1:pos:R:3:GW_charged:R:1:dKS_charged:R:1:dKS_neutral:R:1 pbc="T T T"
 16 16  0  0  0  0  0  0  0  0999 V2000
    6.3146    7.9534    6.4510 C   0  0  0  0  0  0  0  0  0  0  0  0
    6.5467    6.4496    6.4378 C   0  0  0  0  0  0  0  0  0  0  0  0
    5.2834    5.6667    6.7640 C   0  0  0  0  0  0  0  0  0  0  0  0
    7.3754    5.9118    5.2391 C   0  0  0  0  0  0  0  0  0  0  0  0
    8.4474    5.5715    6.2853 C   0  0  0  0  0  0  0  0  0  0  0  0
    7.6333    6.0873    7.3707 O   0  0  0  0  0  0  0  0  0  0  0  0
    7.2476    8.4937    6.2442 H   0  0  0  0  0  0  0  0  0  0  0  0
    5.5714    8.2391    5.6923 H   0  0  0  0  0  0  0  0  0  0  0  0
    5.9432    8.2749    7.4341 H   0  0  0  0  0  0  0  0  0  0  0  0
    4.5000    5.8634    6.0176 H   0  0  0  0  0  0  0  0  0  0  0  0
    5.4862    4.5879    6.7789 H   0  0  0  0  0  0  0  0  0  0  0  0
    4.8976    5.9563    7.7515 H   0  0  0  0  0  0  0  0  0  0  0  0
    6.9311    5.0541    4.7211 H   0  0  0  0  0  0  0  0  0  0  0  0
    7.6597    6.6696    4.5000 H   0  0  0  0  0  0  0  0  0  0  0  0
    8.6673    4.5000    6.4168 H   0  0  0  0  0  0  0  0  0  0  0  0
    9.3983    6.1206    6.1949 H   0  0  0  0  0  0  0  0  0  0  0  0
  1  9  1  0  0  0  0
  2  1  1  0  0  0  0
  2  3  1  0  0  0  0
  2  6  1  0  0  0  0
  3 11  1  0  0  0  0
  3 12  1  0  0  0  0
  4  5  1  0  0  0  0
  4  2  1  0  0  0  0
  5 15  1  0  0  0  0
  5  6  1  0  0  0  0
  7  1  1  0  0  0  0
  8  1  1  0  0  0  0
 10  3  1  0  0  0  0
 13  4  1  0  0  0  0
 14  4  1  0  0  0  0
 16  5  1  0  0  0  0
M  END
