Lattice="10.84768272 0.0 0.0 0.0 14.88812326 0.0 0.0 0.0 15.51933122" Properties=species:S:1:pos:R:3:GW_charged:R:1:dKS_charged:R:1:dKS_neutral:R:1 pbc="T T T"
 OpenBabel12102409423D
Lattice="10.84768272 0.0 0.0 0.0 14.88812326 0.0 0.0 0.0 15.51933122" Properties=species:S:1:pos:R:3:GW_charged:R:1:dKS_charged:R:1:dKS_neutral:R:1 pbc="T T T"
 21 21  0  0  0  0  0  0  0  0999 V2000
    5.3917    9.9757    7.9101 C   0  0  0  0  0  0  0  0  0  0  0  0
    5.4119    8.4688    7.9065 C   0  0  0  0  0  0  0  0  0  0  0  0
    5.4147    7.7609    6.6940 C   0  0  0  0  0  0  0  0  0  0  0  0
    5.4334    6.3657    6.6633 C   0  0  0  0  0  0  0  0  0  0  0  0
    5.4362    5.6152    5.3564 C   0  0  0  0  0  0  0  0  0  0  0  0
    5.4497    5.6696    7.8826 C   0  0  0  0  0  0  0  0  0  0  0  0
    5.4475    6.3408    9.1063 C   0  0  0  0  0  0  0  0  0  0  0  0
    5.4649    5.5844   10.4096 C   0  0  0  0  0  0  0  0  0  0  0  0
    5.4285    7.7447    9.0996 C   0  0  0  0  0  0  0  0  0  0  0  0
    6.2677   10.3881    7.3884 H   0  0  0  0  0  0  0  0  0  0  0  0
    4.5000   10.3643    7.3967 H   0  0  0  0  0  0  0  0  0  0  0  0
    5.3911   10.3746    8.9320 H   0  0  0  0  0  0  0  0  0  0  0  0
    5.4019    8.3152    5.7523 H   0  0  0  0  0  0  0  0  0  0  0  0
    6.3282    4.9786    5.2633 H   0  0  0  0  0  0  0  0  0  0  0  0
    4.5605    4.9550    5.2731 H   0  0  0  0  0  0  0  0  0  0  0  0
    5.4223    6.3007    4.5000 H   0  0  0  0  0  0  0  0  0  0  0  0
    5.4645    4.5770    7.8733 H   0  0  0  0  0  0  0  0  0  0  0  0
    6.3477    5.8456   11.0114 H   0  0  0  0  0  0  0  0  0  0  0  0
    4.5801    5.8188   11.0193 H   0  0  0  0  0  0  0  0  0  0  0  0
    5.4806    4.5000   10.2441 H   0  0  0  0  0  0  0  0  0  0  0  0
    5.4265    8.2830   10.0506 H   0  0  0  0  0  0  0  0  0  0  0  0
  1 12  1  0  0  0  0
  2  1  1  0  0  0  0
  2  9  1  0  0  0  0
  3  2  2  0  0  0  0
  4  3  1  0  0  0  0
  4  6  2  0  0  0  0
  5  4  1  0  0  0  0
  6  7  1  0  0  0  0
  7  8  1  0  0  0  0
  8 18  1  0  0  0  0
  8 19  1  0  0  0  0
  9  7  2  0  0  0  0
  9 21  1  0  0  0  0
 10  1  1  0  0  0  0
 11  1  1  0  0  0  0
 13  3  1  0  0  0  0
 14  5  1  0  0  0  0
 15  5  1  0  0  0  0
 16  5  1  0  0  0  0
 17  6  1  0  0  0  0
 20  8  1  0  0  0  0
M  END
