Lattice="13.35010239 0.0 0.0 0.0 16.03209918 0.0 0.0 0.0 13.28681585" Properties=species:S:1:pos:R:3:GW_charged:R:1:dKS_charged:R:1:dKS_neutral:R:1 pbc="T T T"
 OpenBabel12102409443D
Lattice="13.35010239 0.0 0.0 0.0 16.03209918 0.0 0.0 0.0 13.28681585" Properties=species:S:1:pos:R:3:GW_charged:R:1:dKS_charged:R:1:dKS_neutral:R:1 pbc="T T T"
 21 21  0  0  1  0  0  0  0  0999 V2000
    7.8069   11.0908    6.7174 C   0  0  0  0  0  0  0  0  0  0  0  0
    7.7069    9.5646    6.7225 C   0  0  0  0  0  0  0  0  0  0  0  0
    6.2592    9.0186    6.6757 C   0  0  1  0  0  0  0  0  0  0  0  0
    5.5165    9.3986    5.3815 C   0  0  0  0  0  0  0  0  0  0  0  0
    6.2366    7.5420    6.9041 C   0  0  0  0  0  0  0  0  0  0  0  0
    5.7379    6.7524    7.9037 C   0  0  0  0  0  0  0  0  0  0  0  0
    6.0411    5.3960    7.5552 C   0  0  0  0  0  0  0  0  0  0  0  0
    6.7043    5.4504    6.3662 C   0  0  0  0  0  0  0  0  0  0  0  0
    6.8341    6.7484    5.9521 O   0  0  0  0  0  0  0  0  0  0  0  0
    8.8501   11.4137    6.8345 H   0  0  0  0  0  0  0  0  0  0  0  0
    7.4345   11.5286    5.7815 H   0  0  0  0  0  0  0  0  0  0  0  0
    7.2299   11.5321    7.5437 H   0  0  0  0  0  0  0  0  0  0  0  0
    8.2694    9.1480    5.8722 H   0  0  0  0  0  0  0  0  0  0  0  0
    8.1887    9.1690    7.6297 H   0  0  0  0  0  0  0  0  0  0  0  0
    5.7102    9.4536    7.5280 H   0  0  0  0  0  0  0  0  0  0  0  0
    6.0413    9.0055    4.5000 H   0  0  0  0  0  0  0  0  0  0  0  0
    4.5000    8.9843    5.3809 H   0  0  0  0  0  0  0  0  0  0  0  0
    5.4366   10.4878    5.2722 H   0  0  0  0  0  0  0  0  0  0  0  0
    5.2137    7.1014    8.7868 H   0  0  0  0  0  0  0  0  0  0  0  0
    5.7968    4.5000    8.1148 H   0  0  0  0  0  0  0  0  0  0  0  0
    7.1309    4.7022    5.7097 H   0  0  0  0  0  0  0  0  0  0  0  0
  1  2  1  0  0  0  0
  1 10  1  0  0  0  0
  1 12  1  0  0  0  0
  2 14  1  0  0  0  0
  3  2  1  0  0  0  0
  3  5  1  0  0  0  0
  3 15  1  1  0  0  0
  4  3  1  0  0  0  0
  5  6  2  0  0  0  0
  6 19  1  0  0  0  0
  7  6  1  0  0  0  0
  7 20  1  0  0  0  0
  8  7  2  0  0  0  0
  9  8  1  0  0  0  0
  9  5  1  0  0  0  0
 11  1  1  0  0  0  0
 13  2  1  0  0  0  0
 16  4  1  0  0  0  0
 17  4  1  0  0  0  0
 18  4  1  0  0  0  0
 21  8  1  0  0  0  0
M  END
