Lattice="13.322527990000001 0.0 0.0 0.0 16.27597206 0.0 0.0 0.0 12.85747744" Properties=species:S:1:pos:R:3:GW_charged:R:1:dKS_charged:R:1:dKS_neutral:R:1 pbc="T T T"
 OpenBabel12102409453D
Lattice="13.322527990000001 0.0 0.0 0.0 16.27597206 0.0 0.0 0.0 12.85747744" Properties=species:S:1:pos:R:3:GW_charged:R:1:dKS_charged:R:1:dKS_neutral:R:1 pbc="T T T"
 19 20  0  0  1  0  0  0  0  0999 V2000
    6.6498    5.5688    6.0792 C   0  0  0  0  0  0  0  0  0  0  0  0
    6.6312    6.7787    6.1080 C   0  0  0  0  0  0  0  0  0  0  0  0
    6.6635    8.2243    6.1939 C   0  0  1  0  0  0  0  0  0  0  0  0
    6.4795    8.9181    7.5853 C   0  0  0  0  0  0  0  0  0  0  0  0
    7.3636   10.0572    6.9998 C   0  0  1  0  0  0  0  0  0  0  0  0
    8.0310    8.9736    6.1085 C   0  0  0  0  0  0  0  0  0  0  0  0
    6.5055   10.9613    6.1028 C   0  0  0  0  0  0  0  0  0  0  0  0
    5.3828   10.1221    5.4669 C   0  0  0  0  0  0  0  0  0  0  0  0
    5.7668    8.7626    5.2008 O   0  0  0  0  0  0  0  0  0  0  0  0
    6.6549    4.5000    6.0423 H   0  0  0  0  0  0  0  0  0  0  0  0
    5.4577    9.1330    7.9224 H   0  0  0  0  0  0  0  0  0  0  0  0
    7.0055    8.3458    8.3575 H   0  0  0  0  0  0  0  0  0  0  0  0
    8.0013   10.6280    7.6856 H   0  0  0  0  0  0  0  0  0  0  0  0
    8.8225    8.4254    6.6337 H   0  0  0  0  0  0  0  0  0  0  0  0
    8.3594    9.2498    5.0983 H   0  0  0  0  0  0  0  0  0  0  0  0
    6.0480   11.7760    6.6844 H   0  0  0  0  0  0  0  0  0  0  0  0
    7.1429   11.4257    5.3353 H   0  0  0  0  0  0  0  0  0  0  0  0
    4.5000   10.1208    6.1297 H   0  0  0  0  0  0  0  0  0  0  0  0
    5.0628   10.5301    4.5000 H   0  0  0  0  0  0  0  0  0  0  0  0
  1  2  3  0  0  0  0
  3  2  1  1  0  0  0
  3  4  1  0  0  0  0
  4 11  1  0  0  0  0
  4 12  1  0  0  0  0
  5  4  1  0  0  0  0
  5 13  1  1  0  0  0
  6  3  1  0  0  0  0
  6 14  1  0  0  0  0
  6  5  1  0  0  0  0
  7 16  1  0  0  0  0
  7  5  1  0  0  0  0
  8  7  1  0  0  0  0
  8 18  1  0  0  0  0
  9  8  1  0  0  0  0
  9  3  1  0  0  0  0
 10  1  1  0  0  0  0
 15  6  1  0  0  0  0
 17  7  1  0  0  0  0
 19  8  1  0  0  0  0
M  END
