Lattice="14.43624304 0.0 0.0 0.0 17.23459946 0.0 0.0 0.0 12.41604765" Properties=species:S:1:pos:R:3:GW_charged:R:1:dKS_charged:R:1:dKS_neutral:R:1 pbc="T T T"
 OpenBabel12102410123D
Lattice="14.43624304 0.0 0.0 0.0 17.23459946 0.0 0.0 0.0 12.41604765" Properties=species:S:1:pos:R:3:GW_charged:R:1:dKS_charged:R:1:dKS_neutral:R:1 pbc="T T T"
 21 22  0  0  1  0  0  0  0  0999 V2000
    5.0996    5.5654    5.5485 C   0  0  0  0  0  0  0  0  0  0  0  0
    5.1280    6.7722    5.6437 C   0  0  0  0  0  0  0  0  0  0  0  0
    5.2029    8.2220    5.7501 C   0  0  0  0  0  0  0  0  0  0  0  0
    6.6210    8.7773    5.5068 C   0  0  0  0  0  0  0  0  0  0  0  0
    6.6797   10.2943    5.6411 C   0  0  1  0  0  0  0  0  0  0  0  0
    6.4908   10.9664    7.0492 C   0  0  0  0  0  0  0  0  0  0  0  0
    7.8251   11.6959    6.8629 C   0  0  1  0  0  0  0  0  0  0  0  0
    8.9361   10.7023    6.6848 C   0  0  0  0  0  0  0  0  0  0  0  0
    8.0400   10.9969    5.5118 C   0  0  1  0  0  0  0  0  0  0  0  0
    5.0644    4.5000    5.4657 H   0  0  0  0  0  0  0  0  0  0  0  0
    4.5000    8.6748    5.0307 H   0  0  0  0  0  0  0  0  0  0  0  0
    4.8519    8.5284    6.7497 H   0  0  0  0  0  0  0  0  0  0  0  0
    7.3147    8.3000    6.2150 H   0  0  0  0  0  0  0  0  0  0  0  0
    6.9552    8.4825    4.5000 H   0  0  0  0  0  0  0  0  0  0  0  0
    5.9667   10.7472    4.9348 H   0  0  0  0  0  0  0  0  0  0  0  0
    5.6205   11.6321    7.0824 H   0  0  0  0  0  0  0  0  0  0  0  0
    6.4431   10.2884    7.9160 H   0  0  0  0  0  0  0  0  0  0  0  0
    8.0190   12.7346    7.1247 H   0  0  0  0  0  0  0  0  0  0  0  0
    9.9362   11.1281    6.6095 H   0  0  0  0  0  0  0  0  0  0  0  0
    8.9025    9.7377    7.1970 H   0  0  0  0  0  0  0  0  0  0  0  0
    8.4404   11.4113    4.5874 H   0  0  0  0  0  0  0  0  0  0  0  0
  1  2  3  0  0  0  0
  2  3  1  0  0  0  0
  3 12  1  0  0  0  0
  4  5  1  0  0  0  0
  4  3  1  0  0  0  0
  4 13  1  0  0  0  0
  5 15  1  6  0  0  0
  5  6  1  0  0  0  0
  6 16  1  0  0  0  0
  6 17  1  0  0  0  0
  7  6  1  0  0  0  0
  7 18  1  1  0  0  0
  8  7  1  0  0  0  0
  8 20  1  0  0  0  0
  9 21  1  6  0  0  0
  9  5  1  0  0  0  0
  9  8  1  0  0  0  0
  9  7  1  0  0  0  0
 10  1  1  0  0  0  0
 11  3  1  0  0  0  0
 14  4  1  0  0  0  0
 19  8  1  0  0  0  0
M  END
