Lattice="13.6912557 0.0 0.0 0.0 13.65751953 0.0 0.0 0.0 13.35389714" Properties=species:S:1:pos:R:3:GW_charged:R:1:dKS_charged:R:1:dKS_neutral:R:1 pbc="T T T"
 OpenBabel12102411053D
Lattice="13.6912557 0.0 0.0 0.0 13.65751953 0.0 0.0 0.0 13.35389714" Properties=species:S:1:pos:R:3:GW_charged:R:1:dKS_charged:R:1:dKS_neutral:R:1 pbc="T T T"
 21 23  0  0  1  0  0  0  0  0999 V2000
    5.4023    8.0226    6.6913 C   0  0  0  0  0  0  0  0  0  0  0  0
    6.9426    8.1551    6.7080 C   0  0  1  0  0  0  0  0  0  0  0  0
    7.1743    7.5081    8.0769 C   0  0  0  0  0  0  0  0  0  0  0  0
    6.5575    6.1027    7.7468 C   0  0  2  0  0  0  0  0  0  0  0  0
    7.7450    5.3784    7.1618 C   0  0  0  0  0  0  0  0  0  0  0  0
    8.2819    6.0070    6.1027 C   0  0  0  0  0  0  0  0  0  0  0  0
    7.4134    7.1172    5.5642 C   0  0  1  0  0  0  0  0  0  0  0  0
    6.0789    6.3522    5.2503 C   0  0  0  0  0  0  0  0  0  0  0  0
    5.4446    6.4780    6.6389 C   0  0  2  0  0  0  0  0  0  0  0  0
    4.9410    8.4462    7.5924 H   0  0  0  0  0  0  0  0  0  0  0  0
    4.9067    8.4529    5.8119 H   0  0  0  0  0  0  0  0  0  0  0  0
    7.3651    9.1575    6.5761 H   0  0  0  0  0  0  0  0  0  0  0  0
    8.2193    7.4196    8.3922 H   0  0  0  0  0  0  0  0  0  0  0  0
    6.6198    8.0530    8.8539 H   0  0  0  0  0  0  0  0  0  0  0  0
    6.1164    5.5926    8.6096 H   0  0  0  0  0  0  0  0  0  0  0  0
    8.1776    4.5000    7.6406 H   0  0  0  0  0  0  0  0  0  0  0  0
    9.1913    5.6880    5.5935 H   0  0  0  0  0  0  0  0  0  0  0  0
    7.8484    7.6327    4.7015 H   0  0  0  0  0  0  0  0  0  0  0  0
    5.4554    6.8585    4.5000 H   0  0  0  0  0  0  0  0  0  0  0  0
    6.2771    5.3314    4.9069 H   0  0  0  0  0  0  0  0  0  0  0  0
    4.5000    5.9414    6.7826 H   0  0  0  0  0  0  0  0  0  0  0  0
  1  2  1  0  0  0  0
  1 10  1  0  0  0  0
  2 12  1  6  0  0  0
  2  3  1  0  0  0  0
  3 13  1  0  0  0  0
  3 14  1  0  0  0  0
  4  3  1  0  0  0  0
  4 15  1  1  0  0  0
  5 16  1  0  0  0  0
  5  4  1  0  0  0  0
  6  5  2  0  0  0  0
  7 18  1  6  0  0  0
  7  6  1  0  0  0  0
  7  2  1  0  0  0  0
  8  7  1  0  0  0  0
  8  9  1  0  0  0  0
  9  1  1  0  0  0  0
  9 21  1  1  0  0  0
  9  4  1  0  0  0  0
 11  1  1  0  0  0  0
 17  6  1  0  0  0  0
 19  8  1  0  0  0  0
 20  8  1  0  0  0  0
M  END
