Lattice="13.048826479999999 0.0 0.0 0.0 15.54633072 0.0 0.0 0.0 14.11598578" Properties=species:S:1:pos:R:3:GW_charged:R:1:dKS_charged:R:1:dKS_neutral:R:1 pbc="T T T"
 OpenBabel12102409453D
Lattice="13.048826479999999 0.0 0.0 0.0 15.54633072 0.0 0.0 0.0 14.11598578" Properties=species:S:1:pos:R:3:GW_charged:R:1:dKS_charged:R:1:dKS_neutral:R:1 pbc="T T T"
 19 21  0  0  1  0  0  0  0  0999 V2000
    6.4169    5.5680    6.5858 C   0  0  0  0  0  0  0  0  0  0  0  0
    6.3780    6.7807    6.5550 C   0  0  0  0  0  0  0  0  0  0  0  0
    6.3062    8.2053    6.5309 C   0  0  2  0  0  0  0  0  0  0  0  0
    6.7283    8.9751    5.2861 C   0  0  0  0  0  0  0  0  0  0  0  0
    7.5554    9.1115    6.5315 C   0  0  1  0  0  0  0  0  0  0  0  0
    7.1532   10.1107    7.6295 C   0  0  1  0  0  0  0  0  0  0  0  0
    5.6656   10.4349    7.3334 C   0  0  0  0  0  0  0  0  0  0  0  0
    5.4783    8.9264    7.6297 C   0  0  2  0  0  0  0  0  0  0  0  0
    6.5881    9.1309    8.7176 C   0  0  0  0  0  0  0  0  0  0  0  0
    6.4554    4.5000    6.6076 H   0  0  0  0  0  0  0  0  0  0  0  0
    7.1573    8.3552    4.5000 H   0  0  0  0  0  0  0  0  0  0  0  0
    6.1163    9.7951    4.9150 H   0  0  0  0  0  0  0  0  0  0  0  0
    8.5488    8.6671    6.5635 H   0  0  0  0  0  0  0  0  0  0  0  0
    7.8772   10.8969    7.8712 H   0  0  0  0  0  0  0  0  0  0  0  0
    5.2292   11.0463    8.1317 H   0  0  0  0  0  0  0  0  0  0  0  0
    5.3717   10.8483    6.3618 H   0  0  0  0  0  0  0  0  0  0  0  0
    4.5000    8.4912    7.8580 H   0  0  0  0  0  0  0  0  0  0  0  0
    7.1983    8.2586    8.9861 H   0  0  0  0  0  0  0  0  0  0  0  0
    6.2229    9.6459    9.6160 H   0  0  0  0  0  0  0  0  0  0  0  0
  1 10  1  0  0  0  0
  2  1  3  0  0  0  0
  3  5  1  0  0  0  0
  3  2  1  1  0  0  0
  3  8  1  0  0  0  0
  4  3  1  0  0  0  0
  4  5  1  0  0  0  0
  5 13  1  1  0  0  0
  5  6  1  0  0  0  0
  6 14  1  1  0  0  0
  6  9  1  0  0  0  0
  7  6  1  0  0  0  0
  7  8  1  0  0  0  0
  7 15  1  0  0  0  0
  8 17  1  1  0  0  0
  8  9  1  0  0  0  0
  9 18  1  0  0  0  0
  9 19  1  0  0  0  0
 11  4  1  0  0  0  0
 12  4  1  0  0  0  0
 16  7  1  0  0  0  0
M  END
