Lattice="14.18755136 0.0 0.0 0.0 13.76161459 0.0 0.0 0.0 13.90094015" Properties=species:S:1:pos:R:3:GW_charged:R:1:dKS_charged:R:1:dKS_neutral:R:1 pbc="T T T"
 OpenBabel12102409443D
Lattice="14.18755136 0.0 0.0 0.0 13.76161459 0.0 0.0 0.0 13.90094015" Properties=species:S:1:pos:R:3:GW_charged:R:1:dKS_charged:R:1:dKS_neutral:R:1 pbc="T T T"
 19 19  0  0  1  0  0  0  0  0999 V2000
    6.8094    8.6613    7.6221 C   0  0  0  0  0  0  0  0  0  0  0  0
    7.1485    7.1735    7.7574 C   0  0  1  0  0  0  0  0  0  0  0  0
    5.8891    6.3341    8.0163 C   0  0  0  0  0  0  0  0  0  0  0  0
    5.3161    6.7461    9.2622 O   0  0  0  0  0  0  0  0  0  0  0  0
    7.8862    6.6160    6.5697 C   0  0  0  0  0  0  0  0  0  0  0  0
    8.0094    7.1547    5.3180 C   0  0  0  0  0  0  0  0  0  0  0  0
    8.7424    6.3369    4.5000 O   0  0  0  0  0  0  0  0  0  0  0  0
    9.0922    5.2499    5.2497 C   0  0  0  0  0  0  0  0  0  0  0  0
    8.5987    5.3660    6.5139 C   0  0  0  0  0  0  0  0  0  0  0  0
    7.7171    9.2616    7.4771 H   0  0  0  0  0  0  0  0  0  0  0  0
    6.1406    8.8411    6.7669 H   0  0  0  0  0  0  0  0  0  0  0  0
    6.2974    9.0180    8.5231 H   0  0  0  0  0  0  0  0  0  0  0  0
    7.7919    7.0453    8.6453 H   0  0  0  0  0  0  0  0  0  0  0  0
    5.1791    6.4832    7.1812 H   0  0  0  0  0  0  0  0  0  0  0  0
    6.1568    5.2632    8.0437 H   0  0  0  0  0  0  0  0  0  0  0  0
    4.5000    6.2442    9.4009 H   0  0  0  0  0  0  0  0  0  0  0  0
    7.6647    8.0756    4.8647 H   0  0  0  0  0  0  0  0  0  0  0  0
    9.6876    4.5000    4.7435 H   0  0  0  0  0  0  0  0  0  0  0  0
    8.7304    4.6541    7.3223 H   0  0  0  0  0  0  0  0  0  0  0  0
  1  2  1  0  0  0  0
  1 12  1  0  0  0  0
  2  3  1  0  0  0  0
  2 13  1  1  0  0  0
  3 15  1  0  0  0  0
  3  4  1  0  0  0  0
  4 16  1  0  0  0  0
  5  2  1  0  0  0  0
  6  5  2  0  0  0  0
  7  8  1  0  0  0  0
  7  6  1  0  0  0  0
  8  9  2  0  0  0  0
  9  5  1  0  0  0  0
  9 19  1  0  0  0  0
 10  1  1  0  0  0  0
 11  1  1  0  0  0  0
 14  3  1  0  0  0  0
 17  6  1  0  0  0  0
 18  8  1  0  0  0  0
M  END
