Lattice="13.303925 0.0 0.0 0.0 15.5711129 0.0 0.0 0.0 14.62279674" Properties=species:S:1:pos:R:3:GW_charged:R:1:dKS_charged:R:1:dKS_neutral:R:1 pbc="T T T"
 OpenBabel12102411073D
Lattice="13.303925 0.0 0.0 0.0 15.5711129 0.0 0.0 0.0 14.62279674" Properties=species:S:1:pos:R:3:GW_charged:R:1:dKS_charged:R:1:dKS_neutral:R:1 pbc="T T T"
 23 25  0  0  0  0  0  0  0  0999 V2000
    6.5827   10.6190    5.5455 C   0  0  0  0  0  0  0  0  0  0  0  0
    8.0210   10.4772    5.9844 C   0  0  0  0  0  0  0  0  0  0  0  0
    7.1355    9.2575    5.8933 C   0  0  0  0  0  0  0  0  0  0  0  0
    6.6857    8.5497    7.1387 C   0  0  0  0  0  0  0  0  0  0  0  0
    5.4698    7.5751    7.0511 C   0  0  0  0  0  0  0  0  0  0  0  0
    6.2458    6.6078    7.9527 C   0  0  0  0  0  0  0  0  0  0  0  0
    5.7872    6.1193    9.2980 C   0  0  0  0  0  0  0  0  0  0  0  0
    6.0356    5.1405    8.1672 C   0  0  0  0  0  0  0  0  0  0  0  0
    7.5490    7.3700    7.6854 C   0  0  0  0  0  0  0  0  0  0  0  0
    5.8794   11.0711    6.2446 H   0  0  0  0  0  0  0  0  0  0  0  0
    6.3818   10.8474    4.5000 H   0  0  0  0  0  0  0  0  0  0  0  0
    8.8039   10.6087    5.2392 H   0  0  0  0  0  0  0  0  0  0  0  0
    8.2871   10.8338    6.9794 H   0  0  0  0  0  0  0  0  0  0  0  0
    7.3289    8.5944    5.0455 H   0  0  0  0  0  0  0  0  0  0  0  0
    6.5138    9.2852    7.9401 H   0  0  0  0  0  0  0  0  0  0  0  0
    4.5000    7.9432    7.4118 H   0  0  0  0  0  0  0  0  0  0  0  0
    5.3415    7.1808    6.0312 H   0  0  0  0  0  0  0  0  0  0  0  0
    6.5001    6.1392   10.1228 H   0  0  0  0  0  0  0  0  0  0  0  0
    4.7545    6.3114    9.5903 H   0  0  0  0  0  0  0  0  0  0  0  0
    5.1708    4.6722    7.6966 H   0  0  0  0  0  0  0  0  0  0  0  0
    6.9158    4.5000    8.2289 H   0  0  0  0  0  0  0  0  0  0  0  0
    8.1471    6.9040    6.8871 H   0  0  0  0  0  0  0  0  0  0  0  0
    8.2044    7.5777    8.5418 H   0  0  0  0  0  0  0  0  0  0  0  0
  1  3  1  0  0  0  0
  1  2  1  0  0  0  0
  1 10  1  0  0  0  0
  2 13  1  0  0  0  0
  3  2  1  0  0  0  0
  3  4  1  0  0  0  0
  4  9  1  0  0  0  0
  4 15  1  0  0  0  0
  5  4  1  0  0  0  0
  5 16  1  0  0  0  0
  5  6  1  0  0  0  0
  6  8  1  0  0  0  0
  6  7  1  0  0  0  0
  7 19  1  0  0  0  0
  7 18  1  0  0  0  0
  8 21  1  0  0  0  0
  8  7  1  0  0  0  0
  9  6  1  0  0  0  0
  9 23  1  0  0  0  0
 11  1  1  0  0  0  0
 12  2  1  0  0  0  0
 14  3  1  0  0  0  0
 17  5  1  0  0  0  0
 20  8  1  0  0  0  0
 22  9  1  0  0  0  0
M  END
