Lattice="14.98593964 0.0 0.0 0.0 13.41109496 0.0 0.0 0.0 12.8243417" Properties=species:S:1:pos:R:3:GW_charged:R:1:dKS_charged:R:1:dKS_neutral:R:1 pbc="T T T"
 OpenBabel12102409373D
Lattice="14.98593964 0.0 0.0 0.0 13.41109496 0.0 0.0 0.0 12.8243417" Properties=species:S:1:pos:R:3:GW_charged:R:1:dKS_charged:R:1:dKS_neutral:R:1 pbc="T T T"
 19 20  0  0  0  0  0  0  0  0999 V2000
    5.2976    7.9345    6.0640 C   0  0  0  0  0  0  0  0  0  0  0  0
    6.2893    6.7978    6.2394 C   0  0  0  0  0  0  0  0  0  0  0  0
    7.5819    6.7880    5.3670 C   0  0  0  0  0  0  0  0  0  0  0  0
    8.3621    6.3634    6.6166 C   0  0  0  0  0  0  0  0  0  0  0  0
    9.1557    5.0947    6.7551 C   0  0  0  0  0  0  0  0  0  0  0  0
    9.8332    6.4445    6.8864 C   0  0  0  0  0  0  0  0  0  0  0  0
    7.1890    6.7765    7.5131 C   0  0  0  0  0  0  0  0  0  0  0  0
    5.7956    8.9111    6.1604 H   0  0  0  0  0  0  0  0  0  0  0  0
    4.8198    7.9008    5.0739 H   0  0  0  0  0  0  0  0  0  0  0  0
    4.5000    7.8914    6.8202 H   0  0  0  0  0  0  0  0  0  0  0  0
    5.7744    5.8304    6.1400 H   0  0  0  0  0  0  0  0  0  0  0  0
    7.6031    6.1137    4.5000 H   0  0  0  0  0  0  0  0  0  0  0  0
    7.8536    7.8019    5.0334 H   0  0  0  0  0  0  0  0  0  0  0  0
    9.0210    4.5000    7.6590 H   0  0  0  0  0  0  0  0  0  0  0  0
    9.3511    4.5096    5.8561 H   0  0  0  0  0  0  0  0  0  0  0  0
   10.4859    6.7705    6.0763 H   0  0  0  0  0  0  0  0  0  0  0  0
   10.1559    6.7609    7.8786 H   0  0  0  0  0  0  0  0  0  0  0  0
    7.3230    7.7864    7.9319 H   0  0  0  0  0  0  0  0  0  0  0  0
    6.9030    6.0932    8.3243 H   0  0  0  0  0  0  0  0  0  0  0  0
  1  8  1  0  0  0  0
  1  2  1  0  0  0  0
  1 10  1  0  0  0  0
  2  7  1  0  0  0  0
  3  2  1  0  0  0  0
  3  4  1  0  0  0  0
  4  5  1  0  0  0  0
  4  6  1  0  0  0  0
  4  7  1  0  0  0  0
  5  6  1  0  0  0  0
  5 14  1  0  0  0  0
  6 17  1  0  0  0  0
  7 18  1  0  0  0  0
  7 19  1  0  0  0  0
  9  1  1  0  0  0  0
 11  2  1  0  0  0  0
 12  3  1  0  0  0  0
 13  3  1  0  0  0  0
 15  5  1  0  0  0  0
 16  6  1  0  0  0  0
M  END
