Lattice="12.933018019999999 0.0 0.0 0.0 16.59774071 0.0 0.0 0.0 14.309640609999999" Properties=species:S:1:pos:R:3:GW_charged:R:1:dKS_charged:R:1:dKS_neutral:R:1 pbc="T T T"
 OpenBabel12102409453D
Lattice="12.933018019999999 0.0 0.0 0.0 16.59774071 0.0 0.0 0.0 14.309640609999999" Properties=species:S:1:pos:R:3:GW_charged:R:1:dKS_charged:R:1:dKS_neutral:R:1 pbc="T T T"
 19 21  0  0  1  0  0  0  0  0999 V2000
    6.2626    5.5679    6.4425 C   0  0  0  0  0  0  0  0  0  0  0  0
    6.2355    6.7807    6.4839 C   0  0  0  0  0  0  0  0  0  0  0  0
    6.1903    8.1983    6.5558 C   0  0  2  0  0  0  0  0  0  0  0  0
    6.4667    9.0893    5.3607 C   0  0  0  0  0  0  0  0  0  0  0  0
    7.3696    9.2178    6.5486 C   0  0  1  0  0  0  0  0  0  0  0  0
    6.6773   10.0012    7.6429 C   0  0  0  0  0  0  0  0  0  0  0  0
    7.3422   10.6147    8.8360 C   0  0  0  0  0  0  0  0  0  0  0  0
    6.6513   11.4943    7.8122 C   0  0  0  0  0  0  0  0  0  0  0  0
    5.4991    9.0081    7.6747 C   0  0  0  0  0  0  0  0  0  0  0  0
    6.2892    4.5000    6.4012 H   0  0  0  0  0  0  0  0  0  0  0  0
    6.8845    8.5692    4.5000 H   0  0  0  0  0  0  0  0  0  0  0  0
    5.7634    9.8904    5.1208 H   0  0  0  0  0  0  0  0  0  0  0  0
    8.4330    8.9870    6.5035 H   0  0  0  0  0  0  0  0  0  0  0  0
    6.8688   10.4876    9.8096 H   0  0  0  0  0  0  0  0  0  0  0  0
    8.4319   10.6234    8.8643 H   0  0  0  0  0  0  0  0  0  0  0  0
    7.2718   12.0977    7.1499 H   0  0  0  0  0  0  0  0  0  0  0  0
    5.7068   11.9587    8.0947 H   0  0  0  0  0  0  0  0  0  0  0  0
    4.5000    9.3960    7.4268 H   0  0  0  0  0  0  0  0  0  0  0  0
    5.4503    8.4465    8.6156 H   0  0  0  0  0  0  0  0  0  0  0  0
  1  2  3  0  0  0  0
  3  2  1  1  0  0  0
  3  9  1  0  0  0  0
  4  5  1  0  0  0  0
  4  3  1  0  0  0  0
  5 13  1  1  0  0  0
  5  3  1  0  0  0  0
  5  6  1  0  0  0  0
  6  9  1  0  0  0  0
  6  8  1  0  0  0  0
  6  7  1  0  0  0  0
  7 15  1  0  0  0  0
  7 14  1  0  0  0  0
  8 17  1  0  0  0  0
  8  7  1  0  0  0  0
  9 19  1  0  0  0  0
 10  1  1  0  0  0  0
 11  4  1  0  0  0  0
 12  4  1  0  0  0  0
 16  8  1  0  0  0  0
 18  9  1  0  0  0  0
M  END
