Lattice="13.99092851 0.0 0.0 0.0 14.56732139 0.0 0.0 0.0 13.070802539999999" Properties=species:S:1:pos:R:3:GW_charged:R:1:dKS_charged:R:1:dKS_neutral:R:1 pbc="T T T"
 OpenBabel12102409403D
Lattice="13.99092851 0.0 0.0 0.0 14.56732139 0.0 0.0 0.0 13.070802539999999" Properties=species:S:1:pos:R:3:GW_charged:R:1:dKS_charged:R:1:dKS_neutral:R:1 pbc="T T T"
 22 21  0  0  1  0  0  0  0  0999 V2000
    8.4780    9.2397    6.1283 C   0  0  0  0  0  0  0  0  0  0  0  0
    8.2191    8.2558    7.2685 C   0  0  1  0  0  0  0  0  0  0  0  0
    8.3238    8.9326    8.5400 O   0  0  0  0  0  0  0  0  0  0  0  0
    6.8166    7.6337    7.2556 C   0  0  0  0  0  0  0  0  0  0  0  0
    6.6516    6.2836    6.5330 C   0  0  0  0  0  0  0  0  0  0  0  0
    5.1967    5.8152    6.6832 C   0  0  0  0  0  0  0  0  0  0  0  0
    7.0414    6.3207    5.0479 C   0  0  0  0  0  0  0  0  0  0  0  0
    7.5266    5.3705    7.2379 O   0  0  0  0  0  0  0  0  0  0  0  0
    9.4909    9.6645    6.1987 H   0  0  0  0  0  0  0  0  0  0  0  0
    8.3952    8.7597    5.1447 H   0  0  0  0  0  0  0  0  0  0  0  0
    7.7559   10.0673    6.1713 H   0  0  0  0  0  0  0  0  0  0  0  0
    8.9616    7.4385    7.2348 H   0  0  0  0  0  0  0  0  0  0  0  0
    9.1886    9.3705    8.5708 H   0  0  0  0  0  0  0  0  0  0  0  0
    6.5393    7.4662    8.3057 H   0  0  0  0  0  0  0  0  0  0  0  0
    6.0910    8.3526    6.8443 H   0  0  0  0  0  0  0  0  0  0  0  0
    4.5000    6.5040    6.1849 H   0  0  0  0  0  0  0  0  0  0  0  0
    5.0606    4.8208    6.2320 H   0  0  0  0  0  0  0  0  0  0  0  0
    4.9245    5.7518    7.7445 H   0  0  0  0  0  0  0  0  0  0  0  0
    8.1122    6.5240    4.9251 H   0  0  0  0  0  0  0  0  0  0  0  0
    6.8289    5.3499    4.5748 H   0  0  0  0  0  0  0  0  0  0  0  0
    6.4737    7.0857    4.5000 H   0  0  0  0  0  0  0  0  0  0  0  0
    7.4458    4.5000    6.8172 H   0  0  0  0  0  0  0  0  0  0  0  0
  1 11  1  0  0  0  0
  1  9  1  0  0  0  0
  1  2  1  0  0  0  0
  2 12  1  6  0  0  0
  2  3  1  0  0  0  0
  3 13  1  0  0  0  0
  4  2  1  0  0  0  0
  4 14  1  0  0  0  0
  5  6  1  0  0  0  0
  5  8  1  0  0  0  0
  5  4  1  0  0  0  0
  6 18  1  0  0  0  0
  7  5  1  0  0  0  0
 10  1  1  0  0  0  0
 15  4  1  0  0  0  0
 16  6  1  0  0  0  0
 17  6  1  0  0  0  0
 19  7  1  0  0  0  0
 20  7  1  0  0  0  0
 21  7  1  0  0  0  0
 22  8  1  0  0  0  0
M  END
