Lattice="14.03585953 0.0 0.0 0.0 13.94801654 0.0 0.0 0.0 12.99191694" Properties=species:S:1:pos:R:3:GW_charged:R:1:dKS_charged:R:1:dKS_neutral:R:1 pbc="T T T"
 OpenBabel12102411043D
Lattice="14.03585953 0.0 0.0 0.0 13.94801654 0.0 0.0 0.0 12.99191694" Properties=species:S:1:pos:R:3:GW_charged:R:1:dKS_charged:R:1:dKS_neutral:R:1 pbc="T T T"
 21 24  0  0  1  0  0  0  0  0999 V2000
    5.1958    8.1040    5.5659 C   0  0  0  0  0  0  0  0  0  0  0  0
    6.6598    8.6619    5.7090 C   0  0  0  0  0  0  0  0  0  0  0  0
    7.5244    7.4106    5.5502 C   0  0  1  0  0  0  0  0  0  0  0  0
    8.4754    6.7771    6.5980 C   0  0  1  0  0  0  0  0  0  0  0  0
    7.3463    6.6265    7.6661 C   0  0  2  0  0  0  0  0  0  0  0  0
    7.6351    5.1322    7.8944 C   0  0  0  0  0  0  0  0  0  0  0  0
    7.8512    5.3307    6.3832 C   0  0  1  0  0  0  0  0  0  0  0  0
    6.6703    6.3609    6.2537 C   0  0  2  0  0  0  0  0  0  0  0  0
    5.2127    6.5663    5.9138 C   0  0  0  0  0  0  0  0  0  0  0  0
    4.5000    8.6542    6.2125 H   0  0  0  0  0  0  0  0  0  0  0  0
    4.8414    8.2432    4.5354 H   0  0  0  0  0  0  0  0  0  0  0  0
    6.8662    9.4480    4.9715 H   0  0  0  0  0  0  0  0  0  0  0  0
    6.7951    9.1112    6.7033 H   0  0  0  0  0  0  0  0  0  0  0  0
    7.7730    7.1849    4.5000 H   0  0  0  0  0  0  0  0  0  0  0  0
    9.5359    6.9758    6.8069 H   0  0  0  0  0  0  0  0  0  0  0  0
    7.0384    7.3833    8.3986 H   0  0  0  0  0  0  0  0  0  0  0  0
    8.5269    4.8934    8.4919 H   0  0  0  0  0  0  0  0  0  0  0  0
    6.7865    4.5000    8.1927 H   0  0  0  0  0  0  0  0  0  0  0  0
    8.1643    4.6062    5.6194 H   0  0  0  0  0  0  0  0  0  0  0  0
    4.5307    6.3160    6.7371 H   0  0  0  0  0  0  0  0  0  0  0  0
    4.9140    5.9679    5.0417 H   0  0  0  0  0  0  0  0  0  0  0  0
  1  2  1  0  0  0  0
  1  9  1  0  0  0  0
  1 10  1  0  0  0  0
  2 13  1  0  0  0  0
  3 14  1  6  0  0  0
  3  2  1  0  0  0  0
  3  8  1  0  0  0  0
  3  4  1  0  0  0  0
  4 15  1  1  0  0  0
  4  5  1  0  0  0  0
  5  6  1  0  0  0  0
  5 16  1  1  0  0  0
  6 18  1  0  0  0  0
  6 17  1  0  0  0  0
  7 19  1  6  0  0  0
  7  4  1  0  0  0  0
  7  6  1  0  0  0  0
  8  9  1  6  0  0  0
  8  7  1  0  0  0  0
  8  5  1  0  0  0  0
  9 20  1  0  0  0  0
 11  1  1  0  0  0  0
 12  2  1  0  0  0  0
 21  9  1  0  0  0  0
M  END
