Lattice="15.25284297 0.0 0.0 0.0 13.39693611 0.0 0.0 0.0 14.69375185" Properties=species:S:1:pos:R:3:GW_charged:R:1:dKS_charged:R:1:dKS_neutral:R:1 pbc="T T T"
 OpenBabel12102409443D
Lattice="15.25284297 0.0 0.0 0.0 13.39693611 0.0 0.0 0.0 14.69375185" Properties=species:S:1:pos:R:3:GW_charged:R:1:dKS_charged:R:1:dKS_neutral:R:1 pbc="T T T"
 21 21  0  0  0  0  0  0  0  0999 V2000
    9.7231    8.2838    8.1466 C   0  0  0  0  0  0  0  0  0  0  0  0
    9.7070    6.7974    7.7511 C   0  0  0  0  0  0  0  0  0  0  0  0
    8.3392    6.2343    7.5881 C   0  0  0  0  0  0  0  0  0  0  0  0
    7.5785    5.8773    6.5058 C   0  0  0  0  0  0  0  0  0  0  0  0
    7.9569    5.9337    5.0599 C   0  0  0  0  0  0  0  0  0  0  0  0
    6.3184    5.4324    7.0394 C   0  0  0  0  0  0  0  0  0  0  0  0
    6.3877    5.5473    8.3974 C   0  0  0  0  0  0  0  0  0  0  0  0
    5.4422    5.2547    9.5029 C   0  0  0  0  0  0  0  0  0  0  0  0
    7.6198    6.0380    8.7505 O   0  0  0  0  0  0  0  0  0  0  0  0
   10.7528    8.6487    8.2636 H   0  0  0  0  0  0  0  0  0  0  0  0
    9.2266    8.8969    7.3825 H   0  0  0  0  0  0  0  0  0  0  0  0
    9.1974    8.4420    9.0971 H   0  0  0  0  0  0  0  0  0  0  0  0
   10.2492    6.6578    6.8050 H   0  0  0  0  0  0  0  0  0  0  0  0
   10.2524    6.2097    8.5072 H   0  0  0  0  0  0  0  0  0  0  0  0
    7.8713    4.9457    4.5838 H   0  0  0  0  0  0  0  0  0  0  0  0
    7.3030    6.6188    4.5000 H   0  0  0  0  0  0  0  0  0  0  0  0
    8.9893    6.2793    4.9226 H   0  0  0  0  0  0  0  0  0  0  0  0
    5.4656    5.0689    6.4743 H   0  0  0  0  0  0  0  0  0  0  0  0
    5.8469    4.5000   10.1938 H   0  0  0  0  0  0  0  0  0  0  0  0
    5.2185    6.1554   10.0942 H   0  0  0  0  0  0  0  0  0  0  0  0
    4.5000    4.8725    9.0936 H   0  0  0  0  0  0  0  0  0  0  0  0
  1 10  1  0  0  0  0
  1 12  1  0  0  0  0
  2  1  1  0  0  0  0
  2 14  1  0  0  0  0
  3  2  1  0  0  0  0
  3  9  1  0  0  0  0
  4  6  1  0  0  0  0
  4  3  2  0  0  0  0
  5  4  1  0  0  0  0
  6  7  2  0  0  0  0
  7  9  1  0  0  0  0
  7  8  1  0  0  0  0
  8 20  1  0  0  0  0
  8 19  1  0  0  0  0
 11  1  1  0  0  0  0
 13  2  1  0  0  0  0
 15  5  1  0  0  0  0
 16  5  1  0  0  0  0
 17  5  1  0  0  0  0
 18  6  1  0  0  0  0
 21  8  1  0  0  0  0
M  END
