Lattice="13.576103 0.0 0.0 0.0 13.51668813 0.0 0.0 0.0 13.81407007" Properties=species:S:1:pos:R:3:GW_charged:R:1:dKS_charged:R:1:dKS_neutral:R:1 pbc="T T T"
 OpenBabel12102411063D
Lattice="13.576103 0.0 0.0 0.0 13.51668813 0.0 0.0 0.0 13.81407007" Properties=species:S:1:pos:R:3:GW_charged:R:1:dKS_charged:R:1:dKS_neutral:R:1 pbc="T T T"
 21 23  0  0  1  0  0  0  0  0999 V2000
    5.5700    8.0167    6.8206 C   0  0  0  0  0  0  0  0  0  0  0  0
    7.0005    8.0890    7.4320 C   0  0  1  0  0  0  0  0  0  0  0  0
    6.6262    6.8724    8.3242 C   0  0  0  0  0  0  0  0  0  0  0  0
    5.4568    6.5565    7.3502 C   0  0  2  0  0  0  0  0  0  0  0  0
    5.7766    5.4526    6.3424 C   0  0  0  0  0  0  0  0  0  0  0  0
    7.0153    5.5794    5.4787 C   0  0  1  0  0  0  0  0  0  0  0  0
    7.0605    6.6392    4.5000 O   0  0  0  0  0  0  0  0  0  0  0  0
    8.0668    6.6232    5.5344 C   0  0  1  0  0  0  0  0  0  0  0  0
    8.1547    7.8133    6.4685 C   0  0  0  0  0  0  0  0  0  0  0  0
    4.8795    8.6838    7.3534 H   0  0  0  0  0  0  0  0  0  0  0  0
    5.4663    8.1788    5.7417 H   0  0  0  0  0  0  0  0  0  0  0  0
    7.2270    9.0167    7.9769 H   0  0  0  0  0  0  0  0  0  0  0  0
    7.3919    6.0939    8.4594 H   0  0  0  0  0  0  0  0  0  0  0  0
    6.2663    7.1821    9.3141 H   0  0  0  0  0  0  0  0  0  0  0  0
    4.5000    6.3097    7.8323 H   0  0  0  0  0  0  0  0  0  0  0  0
    5.8674    4.5000    6.8914 H   0  0  0  0  0  0  0  0  0  0  0  0
    4.9224    5.3222    5.6559 H   0  0  0  0  0  0  0  0  0  0  0  0
    7.3360    4.6150    5.0611 H   0  0  0  0  0  0  0  0  0  0  0  0
    9.0501    6.3166    5.1520 H   0  0  0  0  0  0  0  0  0  0  0  0
    8.3265    8.7015    5.8364 H   0  0  0  0  0  0  0  0  0  0  0  0
    9.0761    7.6852    7.0616 H   0  0  0  0  0  0  0  0  0  0  0  0
  1  4  1  0  0  0  0
  1 10  1  0  0  0  0
  1  2  1  0  0  0  0
  2 12  1  1  0  0  0
  2  3  1  0  0  0  0
  3 13  1  0  0  0  0
  3 14  1  0  0  0  0
  4 15  1  1  0  0  0
  4  3  1  0  0  0  0
  5 16  1  0  0  0  0
  5  4  1  0  0  0  0
  6 18  1  6  0  0  0
  6  8  1  0  0  0  0
  6  5  1  0  0  0  0
  7  6  1  0  0  0  0
  7  8  1  0  0  0  0
  8 19  1  6  0  0  0
  8  9  1  0  0  0  0
  9 21  1  0  0  0  0
  9  2  1  0  0  0  0
 11  1  1  0  0  0  0
 17  5  1  0  0  0  0
 20  9  1  0  0  0  0
M  END
