Lattice="12.34288373 0.0 0.0 0.0 16.03703738 0.0 0.0 0.0 13.81118347" Properties=species:S:1:pos:R:3:GW_charged:R:1:dKS_charged:R:1:dKS_neutral:R:1 pbc="T T T"
 OpenBabel12102409443D
Lattice="12.34288373 0.0 0.0 0.0 16.03703738 0.0 0.0 0.0 13.81118347" Properties=species:S:1:pos:R:3:GW_charged:R:1:dKS_charged:R:1:dKS_neutral:R:1 pbc="T T T"
 19 19  0  0  0  0  0  0  0  0999 V2000
    5.0357   11.1231    8.4070 C   0  0  0  0  0  0  0  0  0  0  0  0
    5.0447    9.7080    8.4448 O   0  0  0  0  0  0  0  0  0  0  0  0
    5.6953    9.1488    7.3161 C   0  0  0  0  0  0  0  0  0  0  0  0
    5.6761    7.6604    7.4059 C   0  0  0  0  0  0  0  0  0  0  0  0
    5.1324    6.8939    8.3952 C   0  0  0  0  0  0  0  0  0  0  0  0
    5.3128    5.5644    8.1264 O   0  0  0  0  0  0  0  0  0  0  0  0
    5.9865    5.4964    6.9388 C   0  0  0  0  0  0  0  0  0  0  0  0
    6.2398    6.7443    6.4445 C   0  0  0  0  0  0  0  0  0  0  0  0
    6.9497    7.0975    5.1771 C   0  0  0  0  0  0  0  0  0  0  0  0
    6.0613   11.5370    8.4006 H   0  0  0  0  0  0  0  0  0  0  0  0
    4.5000   11.5035    7.5174 H   0  0  0  0  0  0  0  0  0  0  0  0
    4.5178   11.4673    9.3094 H   0  0  0  0  0  0  0  0  0  0  0  0
    5.1958    9.4842    6.3823 H   0  0  0  0  0  0  0  0  0  0  0  0
    6.7417    9.5171    7.2570 H   0  0  0  0  0  0  0  0  0  0  0  0
    4.6088    7.1327    9.3112 H   0  0  0  0  0  0  0  0  0  0  0  0
    6.2123    4.5000    6.5774 H   0  0  0  0  0  0  0  0  0  0  0  0
    6.3040    7.6769    4.5000 H   0  0  0  0  0  0  0  0  0  0  0  0
    7.8429    7.7104    5.3713 H   0  0  0  0  0  0  0  0  0  0  0  0
    7.2738    6.1981    4.6394 H   0  0  0  0  0  0  0  0  0  0  0  0
  1  2  1  0  0  0  0
  1 12  1  0  0  0  0
  3  4  1  0  0  0  0
  3  2  1  0  0  0  0
  4  5  2  0  0  0  0
  5 15  1  0  0  0  0
  6  5  1  0  0  0  0
  7  6  1  0  0  0  0
  8  7  2  0  0  0  0
  8  4  1  0  0  0  0
  9 18  1  0  0  0  0
  9  8  1  0  0  0  0
 10  1  1  0  0  0  0
 11  1  1  0  0  0  0
 13  3  1  0  0  0  0
 14  3  1  0  0  0  0
 16  7  1  0  0  0  0
 17  9  1  0  0  0  0
 19  9  1  0  0  0  0
M  END
