Lattice="11.97504666 0.0 0.0 0.0 14.961423629999999 0.0 0.0 0.0 14.38000557" Properties=species:S:1:pos:R:3:GW_charged:R:1:dKS_charged:R:1:dKS_neutral:R:1 pbc="T T T"
 OpenBabel12102409443D
Lattice="11.97504666 0.0 0.0 0.0 14.961423629999999 0.0 0.0 0.0 14.38000557" Properties=species:S:1:pos:R:3:GW_charged:R:1:dKS_charged:R:1:dKS_neutral:R:1 pbc="T T T"
 19 19  0  0  0  0  0  0  0  0999 V2000
    5.4201   10.0245    7.6131 C   0  0  0  0  0  0  0  0  0  0  0  0
    5.3764    8.5191    7.6546 C   0  0  0  0  0  0  0  0  0  0  0  0
    5.4517    7.7613    6.4834 C   0  0  0  0  0  0  0  0  0  0  0  0
    5.4067    6.3589    6.5084 C   0  0  0  0  0  0  0  0  0  0  0  0
    5.5190    5.5706    5.2261 C   0  0  0  0  0  0  0  0  0  0  0  0
    6.7753    5.7610    4.5570 O   0  0  0  0  0  0  0  0  0  0  0  0
    5.2857    5.7082    7.7395 C   0  0  0  0  0  0  0  0  0  0  0  0
    5.2064    6.4497    8.9218 C   0  0  0  0  0  0  0  0  0  0  0  0
    5.2520    7.8405    8.8789 C   0  0  0  0  0  0  0  0  0  0  0  0
    5.5349   10.3944    6.5870 H   0  0  0  0  0  0  0  0  0  0  0  0
    4.5000   10.4614    8.0278 H   0  0  0  0  0  0  0  0  0  0  0  0
    6.2580   10.4155    8.2083 H   0  0  0  0  0  0  0  0  0  0  0  0
    5.5548    8.2685    5.5215 H   0  0  0  0  0  0  0  0  0  0  0  0
    5.3416    4.5000    5.4326 H   0  0  0  0  0  0  0  0  0  0  0  0
    4.7605    5.8967    4.5000 H   0  0  0  0  0  0  0  0  0  0  0  0
    7.4750    5.6258    5.2156 H   0  0  0  0  0  0  0  0  0  0  0  0
    5.2498    4.6177    7.7725 H   0  0  0  0  0  0  0  0  0  0  0  0
    5.1108    5.9381    9.8800 H   0  0  0  0  0  0  0  0  0  0  0  0
    5.1901    8.4136    9.8059 H   0  0  0  0  0  0  0  0  0  0  0  0
  1  2  1  0  0  0  0
  1 11  1  0  0  0  0
  1 12  1  0  0  0  0
  2  9  1  0  0  0  0
  3  4  1  0  0  0  0
  3  2  2  0  0  0  0
  4  7  2  0  0  0  0
  5 14  1  0  0  0  0
  5  4  1  0  0  0  0
  6 16  1  0  0  0  0
  6  5  1  0  0  0  0
  7 17  1  0  0  0  0
  7  8  1  0  0  0  0
  8 18  1  0  0  0  0
  9  8  2  0  0  0  0
  9 19  1  0  0  0  0
 10  1  1  0  0  0  0
 13  3  1  0  0  0  0
 15  5  1  0  0  0  0
M  END
