Lattice="13.397264400000001 0.0 0.0 0.0 14.98403948 0.0 0.0 0.0 12.55636899" Properties=species:S:1:pos:R:3:GW_charged:R:1:dKS_charged:R:1:dKS_neutral:R:1 pbc="T T T"
 OpenBabel12102409393D
Lattice="13.397264400000001 0.0 0.0 0.0 14.98403948 0.0 0.0 0.0 12.55636899" Properties=species:S:1:pos:R:3:GW_charged:R:1:dKS_charged:R:1:dKS_neutral:R:1 pbc="T T T"
 19 20  0  0  1  0  0  0  0  0999 V2000
    6.0613    9.8069    7.1922 C   0  0  0  0  0  0  0  0  0  0  0  0
    5.5655    8.4013    6.8418 C   0  0  0  0  0  0  0  0  0  0  0  0
    6.3488    7.7828    5.7013 C   0  0  1  0  0  0  0  0  0  0  0  0
    7.7449    7.2235    5.8148 C   0  0  1  0  0  0  0  0  0  0  0  0
    7.9480    6.4631    7.1317 C   0  0  0  0  0  0  0  0  0  0  0  0
    6.7492    5.5319    6.7676 C   0  0  0  0  0  0  0  0  0  0  0  0
    6.5524    6.3098    5.4602 C   0  0  1  0  0  0  0  0  0  0  0  0
    7.1166    9.7834    7.4993 H   0  0  0  0  0  0  0  0  0  0  0  0
    5.9863   10.4840    6.3289 H   0  0  0  0  0  0  0  0  0  0  0  0
    5.4804   10.2488    8.0134 H   0  0  0  0  0  0  0  0  0  0  0  0
    5.6161    7.7634    7.7368 H   0  0  0  0  0  0  0  0  0  0  0  0
    4.5000    8.4357    6.5624 H   0  0  0  0  0  0  0  0  0  0  0  0
    6.2208    8.3228    4.7575 H   0  0  0  0  0  0  0  0  0  0  0  0
    8.5487    7.5697    5.1662 H   0  0  0  0  0  0  0  0  0  0  0  0
    8.8973    5.9154    7.1600 H   0  0  0  0  0  0  0  0  0  0  0  0
    7.8666    7.0544    8.0564 H   0  0  0  0  0  0  0  0  0  0  0  0
    7.0760    4.5000    6.5922 H   0  0  0  0  0  0  0  0  0  0  0  0
    5.8954    5.5069    7.4612 H   0  0  0  0  0  0  0  0  0  0  0  0
    6.3092    5.8560    4.5000 H   0  0  0  0  0  0  0  0  0  0  0  0
  1  8  1  0  0  0  0
  1 10  1  0  0  0  0
  2  1  1  0  0  0  0
  2 11  1  0  0  0  0
  3 13  1  6  0  0  0
  3  4  1  0  0  0  0
  3  2  1  0  0  0  0
  4 14  1  6  0  0  0
  4  5  1  0  0  0  0
  5 15  1  0  0  0  0
  5 16  1  0  0  0  0
  6  5  1  0  0  0  0
  6 18  1  0  0  0  0
  7 19  1  6  0  0  0
  7  3  1  0  0  0  0
  7  4  1  0  0  0  0
  7  6  1  0  0  0  0
  9  1  1  0  0  0  0
 12  2  1  0  0  0  0
 17  6  1  0  0  0  0
M  END
