Lattice="14.70139271 0.0 0.0 0.0 13.12942791 0.0 0.0 0.0 13.06853165" Properties=species:S:1:pos:R:3:GW_charged:R:1:dKS_charged:R:1:dKS_neutral:R:1 pbc="T T T"
 OpenBabel12102409263D
Lattice="14.70139271 0.0 0.0 0.0 13.12942791 0.0 0.0 0.0 13.06853165" Properties=species:S:1:pos:R:3:GW_charged:R:1:dKS_charged:R:1:dKS_neutral:R:1 pbc="T T T"
 17 16  0  0  0  0  0  0  0  0999 V2000
    6.3880    8.1933    7.6007 C   0  0  0  0  0  0  0  0  0  0  0  0
    6.4531    6.6736    7.6792 C   0  0  0  0  0  0  0  0  0  0  0  0
    5.0899    6.0021    7.6627 C   0  0  0  0  0  0  0  0  0  0  0  0
    7.1750    6.1601    6.5123 O   0  0  0  0  0  0  0  0  0  0  0  0
    8.5245    6.0423    6.6253 C   0  0  0  0  0  0  0  0  0  0  0  0
    9.1138    5.4986    5.3472 C   0  0  0  0  0  0  0  0  0  0  0  0
    9.1571    6.3310    7.6216 O   0  0  0  0  0  0  0  0  0  0  0  0
    7.3942    8.6294    7.6146 H   0  0  0  0  0  0  0  0  0  0  0  0
    5.8739    8.5135    6.6839 H   0  0  0  0  0  0  0  0  0  0  0  0
    5.8342    8.5915    8.4620 H   0  0  0  0  0  0  0  0  0  0  0  0
    7.0253    6.3739    8.5685 H   0  0  0  0  0  0  0  0  0  0  0  0
    4.5336    6.2631    6.7518 H   0  0  0  0  0  0  0  0  0  0  0  0
    5.1897    4.9103    7.7066 H   0  0  0  0  0  0  0  0  0  0  0  0
    4.5000    6.3279    8.5298 H   0  0  0  0  0  0  0  0  0  0  0  0
    8.8422    6.1413    4.5000 H   0  0  0  0  0  0  0  0  0  0  0  0
   10.2014    5.4428    5.4407 H   0  0  0  0  0  0  0  0  0  0  0  0
    8.7070    4.5000    5.1403 H   0  0  0  0  0  0  0  0  0  0  0  0
  1  8  1  0  0  0  0
  1  2  1  0  0  0  0
  1 10  1  0  0  0  0
  2 11  1  0  0  0  0
  3  2  1  0  0  0  0
  3 13  1  0  0  0  0
  3 14  1  0  0  0  0
  4  5  1  0  0  0  0
  4  2  1  0  0  0  0
  5  7  2  0  0  0  0
  6 16  1  0  0  0  0
  6  5  1  0  0  0  0
  9  1  1  0  0  0  0
 12  3  1  0  0  0  0
 15  6  1  0  0  0  0
 17  6  1  0  0  0  0
M  END
